607 497 129 15 29
1 2 65
2 3 5
2 4 48
4 5 4
1 6 34
1 7 69
5 8 10
2 9 18
4 10 7
5 11 8
10 12 7
7 13 66
6 14 20
4 15 2
1 16 35
9 17 16
8 18 3
18 19 8
14 20 20
20 21 3
3 22 8
8 23 4
17 24 8
12 25 7
10 26 6
17 27 4
4 28 5
4 29 52
1 30 53
18 31 2
26 32 7
18 33 7
24 34 8
30 35 43
17 36 32
13 37 69
29 38 26
15 39 5
32 40 7
15 41 8
11 42 6
40 43 16
25 44 9
9 45 1
15 46 7
35 47 24
14 48 20
48 49 14
30 50 10
6 51 9
41 52 63
27 53 1
34 54 4
34 55 9
38 56 4
12 57 37
56 58 45
55 59 10
57 60 2
12 61 16
57 62 8
48 63 8
8 64 10
15 65 8
18 66 9
23 67 8
16 68 5
57 69 29
23 70 4
47 71 4
9 72 4
1 73 5
40 74 10
70 75 2
3 76 10
26 77 6
70 78 7
12 79 9
23 80 6
10 81 9
78 82 10
44 83 5
56 84 41
17 85 32
38 86 43
65 87 7
38 88 3
72 89 4
89 90 6
18 91 2
13 92 56
1 93 8
20 94 28
12 95 2
54 96 5
2 97 2
56 98 6
32 99 5
24 100 8
88 101 9
50 102 9
56 103 5
15 104 2
90 105 5
56 106 3
82 107 8
30 108 53
2 109 6
64 110 11
73 111 5
60 112 4
108 113 53
11 114 1
60 115 10
48 116 33
78 117 4
57 118 9
85 119 7
84 120 49
80 121 6
55 122 6
105 123 3
115 124 8
51 125 4
81 126 3
94 127 55
50 128 5
105 129 2
55 130 3
85 131 40
40 132 10
88 133 5
65 134 3
46 135 4
42 136 1
80 137 7
53 138 6
4 139 2
52 140 4
2 141 23
36 142 32
22 143 2
80 144 6
72 145 6
29 146 45
128 147 5
32 148 9
141 149 8
103 150 1
107 151 8
82 152 8
16 153 6
76 154 4
154 155 5
73 156 4
48 157 41
63 158 8
83 159 5
64 160 61
127 161 8
59 162 5
156 163 9
137 164 1
80 165 5
55 166 2
163 167 7
130 168 10
131 169 54
94 170 7
77 171 8
87 172 9
37 173 5
7 174 10
85 175 7
5 176 5
83 177 4
90 178 9
44 179 3
35 180 6
141 181 17
31 182 3
98 183 4
19 184 3
31 185 3
104 186 10
123 187 9
117 188 8
99 189 6
106 190 10
42 191 5
179 192 6
124 193 2
138 194 6
155 195 8
129 196 4
57 197 10
6 198 5
151 199 17
186 200 3
100 201 9
200 202 8
146 203 9
144 204 4
171 205 2
68 206 3
174 207 5
184 208 6
67 209 6
187 210 2
137 211 3
12 212 1
98 213 9
13 214 4
132 215 6
38 216 56
127 217 28
182 218 7
122 219 5
200 220 8
19 221 2
136 222 3
58 223 58
116 224 40
12 225 12
132 226 7
87 227 2
151 228 2
174 229 9
91 230 18
85 231 7
157 232 41
80 233 9
5 234 10
158 235 3
230 236 35
39 237 7
218 238 2
136 239 10
112 240 5
116 241 3
225 242 13
169 243 7
219 244 1
182 245 5
131 246 2
37 247 35
228 248 10
113 249 64
84 250 8
6 251 34
200 252 4
194 253 2
182 254 4
9 255 9
24 256 8
198 257 6
94 258 10
225 259 2
100 260 9
47 261 9
17 262 4
103 263 4
8 264 1
215 265 2
116 266 8
209 267 3
64 268 26
90 269 10
134 270 6
16 271 9
203 272 4
9 273 10
170 274 9
67 275 4
8 276 10
184 277 3
219 278 10
209 279 10
1 280 6
113 281 7
12 282 10
181 283 17
199 284 21
77 285 3
18 286 4
221 287 10
109 288 8
101 289 1
160 290 2
140 291 8
225 292 7
61 293 8
230 294 7
50 295 5
285 296 4
86 297 43
219 298 6
270 299 7
58 300 35
300 301 35
217 302 10
80 303 5
45 304 6
170 305 7
152 306 8
43 307 9
256 308 10
150 309 3
266 310 10
131 311 9
195 312 3
69 313 8
146 314 18
274 315 8
93 316 10
306 317 8
8 318 10
297 319 43
85 320 8
208 321 8
211 322 6
50 323 5
207 324 8
49 325 1
70 326 4
187 327 1
236 328 3
167 329 7
307 330 5
268 331 9
229 332 10
93 333 5
190 334 7
62 335 2
156 336 13
230 337 35
9 68 5
32 106 6
5 109 10
2 111 5
90 113 29
103 116 4
21 118 4
48 121 35
52 121 35
1 127 55
43 131 63
69 141 28
102 142 9
12 144 4
59 146 14
142 146 33
68 147 8
74 148 10
55 158 8
52 166 32
103 166 3
36 167 3
166 169 34
69 177 3
12 178 9
131 179 9
57 186 9
110 190 11
23 193 4
118 195 5
194 195 10
59 199 7
180 200 3
35 201 9
133 204 1
92 208 10
198 211 6
149 214 10
8 219 9
25 225 1
16 236 40
128 238 1
134 241 7
191 243 2
8 244 10
91 247 21
232 247 41
90 249 34
44 251 8
94 251 16
104 251 26
113 255 9
223 259 1
171 261 9
93 266 2
217 266 23
180 267 5
195 267 3
37 268 26
102 271 4
177 273 7
222 274 7
137 280 8
47 283 17
29 284 21
101 285 7
62 289 5
105 291 1
43 293 8
38 299 23
116 299 26
240 313 9
258 317 8
163 318 9
217 318 5
77 320 9
318 323 5
222 328 9
106 332 9
116 336 2
242 336 13
301 337 35
358 362 8
338 376 9
358 376 3
377 385 5
378 395 7
370 406 7
385 412 2
367 418 5
402 418 7
416 418 1
379 419 9
357 431 2
385 439 2
407 443 5
390 444 3
384 448 1
368 455 7
361 459 4
364 461 1
405 464 10
367 466 4
370 468 1
368 470 7
363 471 5
388 471 4
413 478 10
428 494 1
479 496 4
451 498 7
363 507 9
434 507 5
410 509 6
391 519 6
474 522 7
358 523 5
381 529 10
477 530 5
515 531 3
385 534 7
467 537 8
511 543 1
423 546 4
447 546 6
339 551 3
341 551 4
395 552 4
395 560 9
353 563 1
447 563 5
491 565 2
436 568 1
545 572 2
344 574 2
384 575 5
349 578 5
353 579 4
507 579 3
426 580 10
453 584 5
352 586 1
400 586 7
498 586 10
551 586 10
379 588 1
449 589 10
461 589 2
497 591 10
578 591 2
524 593 5
583 593 5
363 594 8
578 595 6
365 597 4
583 597 9
391 599 8
425 600 10
397 604 2
389 605 1
356 607 6
80 58 194 113 5 25 78 70 84 146 85 44 6 40 208 184 137 268 106 56 91 225 43 55 24 251 141 198 247 82 105 48 88 26 169 219 7 121 144 14 100 103 190 15 179 11 57 34 17 4 60 132 285 9 170 230 93 116 134 98 267 30 35 171 128 12 104 18 2 186 209 195 13 94 68 69 36 64 32 151 163 87 158 299 77 73 72 136 177 37 67 16 118 274 336 127 182 199 217 222 101 211 200 59 266 318 65 166 23 174 38 167 131 187 236 52 10 20 3 83 8 31 47 19 90 102 50 29 156
11 17 96
11 104 75
10 319 43
8 216 56
2 160 61
7 57 76
6 43 94
11 285 3
4 92 56
12 6 49
12 224 40
8 41 65
4 151 29
5 258 8
6 13 71
9 249 98
12 61 24
7 56 7
4 94 25
3 314 18
1 151 10
5 49 14
12 186 7
2 117 3
4 142 42
5 71 4
7 223 58
10 120 49
14 35 64