597 627 120 6 11
1 2 103
2 3 5
3 4 4
2 5 8
4 6 10
5 7 6
7 8 10
2 9 94
8 10 9
6 11 4
10 12 9
4 13 4
9 14 2
5 15 5
9 16 29
8 17 6
8 18 7
4 19 2
7 20 6
1 21 101
13 22 22
18 23 5
12 24 9
15 25 3
13 26 5
3 27 13
17 28 20
17 29 14
13 30 18
13 31 17
13 32 11
21 33 36
30 34 8
9 35 4
23 36 5
9 37 1
22 38 14
16 39 28
7 40 8
8 41 1
34 42 6
21 43 6
1 44 95
41 45 9
23 46 4
16 47 10
24 48 2
21 49 6
2 50 98
14 51 2
24 52 4
14 53 10
44 54 89
27 55 22
35 56 6
32 57 18
35 58 8
54 59 26
49 60 5
5 61 8
55 62 22
37 63 8
56 64 4
10 65 8
61 66 10
9 67 1
8 68 4
32 69 4
32 70 4
14 71 10
3 72 13
68 73 10
14 74 2
20 75 2
59 76 9
73 77 10
74 78 2
73 79 4
25 80 4
54 81 6
68 82 6
76 83 10
12 84 4
68 85 10
70 86 6
8 87 9
16 88 1
32 89 8
83 90 9
51 91 10
81 92 10
61 93 5
72 94 7
43 95 3
49 96 1
52 97 4
76 98 5
80 99 10
67 100 8
64 101 2
24 102 8
27 103 35
94 104 7
57 105 6
19 106 5
77 107 12
30 108 9
104 109 7
83 110 24
1 111 5
20 112 6
39 113 28
108 114 9
51 115 1
106 116 6
81 117 8
74 118 6
19 119 5
56 120 7
5 121 9
79 122 5
48 123 6
24 124 2
119 125 6
115 126 4
82 127 7
57 128 18
92 129 6
76 130 7
25 131 5
31 132 17
112 133 2
65 134 7
114 135 2
77 136 10
50 137 1
1 138 7
62 139 94
102 140 6
76 141 10
105 142 10
110 143 8
101 144 4
134 145 6
52 146 4
42 147 3
23 148 6
101 149 1
129 150 5
24 151 3
80 152 8
12 153 8
139 154 4
63 155 4
16 156 3
62 157 6
111 158 3
141 159 7
57 160 8
37 161 9
85 162 3
9 163 36
14 164 3
108 165 2
44 166 5
78 167 5
34 168 6
8 169 1
141 170 8
30 171 3
128 172 9
19 173 4
24 174 2
121 175 8
12 176 8
174 177 7
121 178 5
124 179 3
179 180 1
145 181 9
163 182 5
80 183 4
121 184 5
43 185 3
58 186 10
112 187 6
143 188 7
169 189 5
22 190 1
173 191 5
42 192 10
180 193 1
104 194 9
32 195 41
86 196 9
47 197 10
22 198 8
25 199 9
112 200 8
67 201 3
140 202 4
13 203 9
145 204 4
10 205 2
142 206 10
88 207 98
54 208 64
136 209 2
65 210 2
139 211 100
73 212 8
60 213 9
97 214 8
27 215 17
209 216 5
187 217 10
170 218 6
96 219 6
58 220 9
73 221 4
191 222 8
211 223 94
196 224 3
88 225 85
108 226 6
134 227 3
15 228 4
86 229 7
201 230 10
164 231 8
70 232 5
161 233 8
91 234 8
166 235 10
76 236 6
2 237 7
92 238 7
100 239 1
171 240 1
128 241 6
141 242 3
100 243 8
41 244 5
13 245 7
227 246 3
100 247 3
29 248 61
90 249 10
131 250 7
233 251 3
179 252 1
198 253 1
51 254 7
141 255 6
140 256 7
41 257 2
103 258 35
184 259 1
200 260 7
249 261 2
42 262 10
87 263 6
152 264 8
17 265 9
47 266 2
47 267 3
48 268 10
254 269 1
30 270 7
109 271 7
153 272 8
144 273 4
110 274 3
191 275 2
223 276 30
203 277 9
244 278 24
168 279 8
30 280 17
259 281 2
48 282 4
123 283 10
8 284 6
283 285 1
106 286 9
39 287 7
33 288 94
8 289 8
142 290 8
12 291 5
118 292 7
225 293 10
251 294 8
119 295 9
177 296 5
229 297 4
84 298 2
298 299 3
233 300 6
248 301 4
22 302 3
176 303 7
25 304 9
128 305 8
27 306 15
253 307 1
234 308 10
181 309 8
259 310 9
209 311 6
247 312 9
235 313 5
184 314 1
171 315 8
271 316 6
4 317 3
227 318 10
272 319 4
201 320 7
70 321 6
225 322 2
35 323 4
257 324 9
186 325 2
163 326 6
155 327 7
59 328 14
74 329 2
221 330 7
131 331 1
230 332 6
245 333 6
224 334 4
129 335 10
2 336 38
213 337 4
286 338 6
176 339 1
5 340 9
225 341 74
189 342 6
294 343 4
341 344 6
178 345 9
86 346 3
51 347 4
156 348 5
300 349 6
101 350 5
8 351 6
341 352 10
242 353 5
169 354 5
84 355 2
134 356 1
19 357 1
263 358 3
300 359 3
175 360 2
225 361 10
115 362 3
282 363 9
98 364 1
9 365 3
365 366 6
311 367 9
278 368 5
183 369 1
177 370 1
122 371 3
224 372 7
330 373 6
85 374 5
40 375 2
71 376 1
181 377 2
205 378 5
154 379 1
170 380 10
117 381 10
300 382 10
72 383 3
90 384 8
195 385 41
163 386 31
209 387 8
21 388 7
318 389 6
336 390 38
17 391 4
167 392 5
279 393 1
321 394 8
130 395 10
173 396 7
210 397 51
147 398 2
337 399 6
25 400 3
276 401 12
119 402 2
223 403 8
89 404 7
401 405 12
342 406 1
276 407 7
45 408 8
14 409 9
280 410 4
299 411 3
253 412 9
293 413 7
122 414 8
306 415 5
28 416 10
85 417 9
114 418 5
235 419 2
411 420 1
232 421 7
140 422 3
165 423 1
38 424 6
355 425 5
394 426 8
72 427 3
42 428 10
142 429 7
308 430 3
157 431 7
150 432 9
58 433 7
264 434 10
215 435 17
110 436 2
186 437 7
251 438 5
15 439 4
431 440 3
266 441 5
371 442 6
306 443 4
257 444 4
389 445 1
426 446 3
23 447 1
203 448 7
298 449 8
68 450 3
334 451 7
447 452 1
110 453 4
209 454 2
200 455 32
63 456 5
156 457 5
399 458 3
163 459 2
329 460 8
440 461 8
385 462 41
258 463 7
413 464 1
320 465 3
363 466 2
126 467 8
187 468 7
335 469 1
47 470 5
231 471 9
282 472 5
211 473 5
379 474 9
328 475 2
455 476 34
258 477 63
22 478 8
255 479 7
103 480 3
366 481 7
479 482 2
302 483 2
245 484 4
406 485 3
278 486 24
156 487 5
241 488 8
53 489 2
415 490 8
356 491 3
311 492 6
296 493 7
60 494 8
22 495 96
481 496 5
181 497 3
318 498 9
325 499 7
213 500 3
393 501 10
43 502 7
380 503 9
135 504 5
15 46 5
28 56 12
59 65 6
37 73 10
56 85 4
24 99 9
66 110 2
51 113 6
73 122 5
86 145 6
72 159 10
136 172 9
29 194 1
207 208 98
144 215 2
85 217 3
44 218 7
21 223 97
150 226 4
148 227 4
42 236 5
113 236 6
42 239 2
142 243 3
200 244 24
24 262 6
56 272 8
48 276 7
83 276 33
208 288 36
22 293 6
193 296 2
284 298 6
30 303 6
109 306 10
27 308 29
63 308 6
246 320 10
261 325 2
156 327 7
110 328 14
302 332 4
241 333 5
104 341 14
175 341 8
210 341 52
18 346 9
214 348 7
263 349 4
222 350 5
91 360 2
27 367 6
173 367 7
96 372 7
38 382 10
349 383 6
183 384 8
248 386 31
308 390 38
387 394 7
280 397 51
155 400 10
51 402 6
12 403 6
318 403 6
107 405 12
381 410 1
183 415 9
359 416 2
43 418 9
325 430 5
132 435 17
371 436 6
51 438 4
252 443 4
243 447 7
368 447 6
38 449 7
315 451 5
392 455 7
399 457 5
145 461 5
227 468 10
447 468 1
294 476 34
316 479 7
438 481 4
437 484 8
110 486 24
136 488 2
346 488 6
112 489 6
28 490 8
491 496 3
90 501 9
372 501 6
255 502 8
507 510 2
516 524 1
524 527 8
528 531 3
528 533 9
531 534 9
506 547 9
511 548 8
542 551 6
517 558 7
532 558 2
505 562 9
527 569 1
509 570 8
524 572 10
515 575 8
530 575 4
526 577 6
519 581 4
529 581 9
565 581 4
536 583 7
555 584 3
523 589 1
552 592 5
557 592 3
559 594 7
43 23 27 128 187 150 318 455 225 38 245 177 171 403 62 134 293 243 276 92 129 96 86 306 371 144 141 108 223 235 191 163 131 200 294 208 76 91 447 90 25 438 233 145 173 501 20 184 21 56 367 280 68 298 328 236 51 70 215 44 14 74 399 12 32 77 35 203 302 29 13 257 479 308 112 81 181 248 84 114 325 19 136 140 251 48 4 85 121 42 139 156 22 72 65 175 176 170 488 17 278 5 201 320 253 258 227 119 59 122 481 101 394 58 109 83 49 10 24 39
5 29 75
5 462 41
5 294 83
2 477 63
1 88 14
4 211 97
1 113 40
3 50 72
6 306 52
1 21 65
6 495 96