591 276 50 10 24
1 2 71
1 3 90
3 4 12
2 5 7
3 6 93
4 7 9
6 8 88
8 9 91
1 10 84
1 11 5
10 12 10
2 13 3
10 14 84
3 15 3
15 16 11
9 17 75
3 18 1
2 19 53
9 20 4
3 21 3
9 22 15
1 23 44
18 24 1
14 25 85
3 26 25
1 27 10
26 28 9
20 29 26
9 30 14
16 31 4
7 32 9
3 33 33
12 34 9
23 35 44
8 36 2
17 37 80
25 38 1
8 39 87
39 40 87
15 41 11
3 42 12
3 43 38
9 44 90
32 45 2
19 46 53
11 47 3
41 48 10
33 49 44
3 50 47
38 51 3
14 52 43
50 53 61
42 54 7
11 55 2
35 56 2
54 57 4
2 58 18
45 59 87
3 60 9
14 61 88
54 62 8
28 63 9
42 64 9
24 65 10
63 66 39
43 67 38
56 68 8
40 69 14
67 70 38
46 71 53
14 72 60
63 73 4
52 74 4
30 75 10
40 76 85
35 77 10
44 78 44
38 79 4
50 80 9
72 81 10
1 82 65
26 83 25
29 84 26
21 85 5
56 86 72
25 87 56
9 88 71
67 89 3
15 90 7
1 91 10
40 92 10
26 93 2
82 94 64
48 95 9
16 96 11
52 97 7
1 98 7
78 99 10
83 100 5
30 101 3
84 102 1
16 103 3
64 104 7
62 105 10
30 106 16
72 107 8
68 108 6
103 109 10
58 110 16
103 111 5
59 112 87
20 113 56
53 114 9
22 115 8
4 116 12
71 117 33
27 118 10
42 119 14
35 120 3
22 121 4
28 122 5
102 123 6
44 124 77
1 125 3
27 126 10
119 127 14
62 128 3
98 129 10
67 130 4
71 131 5
113 132 5
53 133 61
7 134 3
41 135 10
5 136 9
83 137 10
25 138 1
117 139 33
65 140 2
70 141 38
17 36 8
33 48 1
45 49 44
5 62 3
36 62 5
51 63 3
37 65 9
11 66 19
25 66 34
57 75 10
44 76 15
35 78 44
56 84 19
84 87 56
47 90 10
2 91 7
72 94 64
29 100 1
85 101 4
58 104 2
86 104 1
15 107 8
106 110 16
47 111 8
110 111 4
69 112 14
81 118 10
12 126 6
11 127 14
81 132 5
42 134 2
85 134 2
40 135 10
65 138 4
96 139 11
133 139 61
82 141 38
143 152 3
166 184 8
149 185 4
159 201 2
176 216 10
179 216 9
230 259 10
230 264 3
299 308 4
332 333 7
250 340 10
285 344 8
248 345 6
344 346 6
215 351 10
176 357 1
216 359 6
164 362 8
338 362 5
176 376 1
218 382 7
213 383 7
355 383 1
162 387 5
167 398 6
304 402 3
357 403 2
167 410 4
287 410 4
214 411 10
400 415 7
306 430 3
373 430 8
205 433 3
158 438 8
173 439 2
284 446 3
289 446 2
440 451 2
243 454 7
433 454 4
262 465 3
373 468 2
266 469 6
330 469 10
272 471 5
146 475 10
276 475 5
285 478 3
322 478 8
153 486 9
372 487 2
193 489 2
417 496 3
240 498 2
328 498 8
445 498 4
148 502 3
390 503 5
201 504 6
343 505 3
243 506 7
180 510 10
207 513 5
164 514 6
342 514 4
351 515 1
216 517 1
329 518 5
401 518 6
163 521 8
465 531 1
313 533 3
149 536 3
233 540 7
330 542 9
306 543 5
350 543 8
316 544 5
493 545 6
537 546 10
185 547 5
158 551 6
526 553 3
239 558 10
210 563 10
429 567 7
495 567 5
390 568 10
507 569 10
565 569 10
566 569 7
549 571 5
289 572 1
327 572 9
194 576 9
275 577 8
545 586 9
368 591 8
20 36 66 16 83 14 26 54 104 30 38 15 52 17 33 25 41 62 8 67 3 56 63 47 110 78 72 50 71 58 44 139 35 45 111 12 103 81 22 2 84 7 4 11 10 48 27 29 85 5
5 63 95
4 139 94
6 10 65
2 52 43
5 76 99
9 106 23
5 124 77
4 113 61
3 124 32
7 53 14
4 61 88
9 86 73
5 72 49
2 37 82
6 7 16
1 6 100
3 83 40
5 112 99
8 94 3
3 116 12
3 71 72
6 87 42
7 44 53
7 88 71