594 501 120 11 25
1 2 16
1 3 95
3 4 94
1 5 33
3 6 42
2 7 16
1 8 11
6 9 38
1 10 96
4 11 6
4 12 2
10 13 54
3 14 33
5 15 14
10 16 8
5 17 16
9 18 2
3 19 42
12 20 2
13 21 51
18 22 5
15 23 2
7 24 4
2 25 2
15 26 10
17 27 9
22 28 2
19 29 41
21 30 10
10 31 57
15 32 7
3 33 45
21 34 10
30 35 10
3 36 6
16 37 8
33 38 10
35 39 28
16 40 7
17 41 32
26 42 4
34 43 8
33 44 5
7 45 5
15 46 9
14 47 1
47 48 7
12 49 8
24 50 10
45 51 1
33 52 6
8 53 11
18 54 9
7 55 16
18 56 5
28 57 4
49 58 9
21 59 7
15 60 3
15 61 10
33 62 55
36 63 9
23 64 5
28 65 5
52 66 4
57 67 8
61 68 6
4 69 43
31 70 31
21 71 9
66 72 10
68 73 11
65 74 1
68 75 6
11 76 8
9 77 25
34 78 10
43 79 10
31 80 41
58 81 7
6 82 9
49 83 9
56 84 2
39 85 28
68 86 17
26 87 4
31 88 2
4 89 9
89 90 2
10 91 65
44 92 10
9 93 2
44 94 4
17 95 9
63 96 6
46 97 4
29 98 7
62 99 31
32 100 8
41 101 2
29 102 7
21 103 40
94 104 1
4 105 40
53 106 11
11 107 7
22 108 32
77 109 50
46 110 9
24 111 1
70 112 9
80 113 8
70 114 28
72 115 8
16 116 10
97 117 7
99 118 8
51 119 24
42 120 2
76 121 9
36 122 7
44 123 9
31 124 48
61 125 7
92 126 5
102 127 6
13 128 66
30 129 6
100 130 2
127 131 32
24 132 3
100 133 1
9 134 34
29 135 10
54 136 10
53 137 3
12 138 7
55 139 1
15 140 9
69 141 36
85 142 7
45 143 1
1 144 31
114 145 3
139 146 10
67 147 2
134 148 1
67 149 4
96 150 2
110 151 4
56 152 7
150 153 6
92 154 1
69 155 1
65 156 3
142 157 1
21 158 31
100 159 6
31 160 10
127 161 32
133 162 5
57 163 10
85 164 28
121 165 10
74 166 9
92 167 2
92 168 5
96 169 9
77 170 10
159 171 9
100 172 10
119 173 10
91 174 65
27 175 7
151 176 52
65 177 6
88 178 8
174 179 65
53 180 3
19 181 5
166 182 3
22 183 4
115 184 2
147 185 8
98 186 8
144 187 31
77 188 1
133 189 8
52 190 10
23 191 3
107 192 2
56 193 9
164 194 21
111 195 4
81 196 4
74 197 35
197 198 4
124 199 48
133 200 8
83 201 9
40 202 2
59 203 8
108 204 4
28 205 1
108 206 52
83 207 17
153 208 3
6 209 9
73 210 31
162 211 3
210 212 31
119 213 4
2 214 8
79 215 10
116 216 2
140 217 1
199 218 10
65 219 1
122 220 10
199 221 6
134 222 4
103 223 40
201 224 7
55 225 32
77 226 10
126 227 6
33 228 4
86 229 17
158 230 63
176 231 52
163 232 6
151 233 6
38 234 1
106 235 11
121 236 5
223 237 9
98 238 3
187 239 31
202 240 10
204 241 4
156 242 3
41 243 5
9 244 7
186 245 2
211 246 7
69 247 10
139 248 5
95 249 5
59 250 1
207 251 17
166 252 5
185 253 7
141 254 36
47 255 4
186 256 7
20 257 7
133 258 1
167 259 5
101 260 5
165 261 6
83 262 1
114 263 5
153 264 5
35 265 3
202 266 4
134 267 79
25 268 7
218 269 10
201 270 7
6 271 18
170 272 6
132 273 8
151 274 7
2 275 1
107 276 3
256 277 5
18 278 10
114 279 4
113 280 5
242 281 9
117 282 9
223 283 40
176 284 5
77 285 10
244 286 2
187 287 6
220 288 3
172 289 3
209 290 1
75 291 2
216 292 6
127 293 10
4 294 5
36 295 9
50 296 8
69 297 4
267 298 4
116 299 2
182 300 9
131 301 32
269 302 7
28 303 1
119 304 12
294 305 3
261 306 10
22 307 2
229 308 17
146 309 2
181 310 10
271 311 18
233 312 5
137 313 1
257 314 2
5 315 1
117 316 6
241 317 5
258 318 1
232 319 7
2 320 7
29 321 9
313 322 5
81 323 7
20 324 4
169 325 5
47 326 8
246 327 2
196 328 2
80 329 7
322 330 6
255 331 5
259 332 10
327 333 9
80 334 6
258 335 4
86 336 6
78 337 6
40 338 7
79 339 4
242 340 3
109 341 9
27 342 5
73 343 9
198 344 4
108 345 87
67 346 3
14 347 6
288 348 3
308 349 17
238 350 7
248 351 6
71 352 9
176 353 6
117 354 8
221 355 6
266 356 8
85 357 2
26 358 10
305 359 1
119 360 3
146 361 2
139 362 7
67 363 3
272 364 6
304 365 12
84 366 9
6 14 25
9 44 8
15 59 10
26 60 3
10 68 26
17 70 32
74 100 7
2 112 4
81 112 10
64 116 9
78 134 10
42 150 10
49 152 6
75 156 2
70 158 1
41 161 32
49 164 7
168 190 2
38 191 4
57 205 10
130 215 7
96 218 9
117 218 10
151 220 63
76 222 9
22 225 32
83 229 17
206 231 52
179 235 65
99 239 31
208 240 8
143 242 8
52 243 7
145 247 7
28 251 7
111 251 5
220 254 36
64 258 2
94 262 4
96 262 7
129 265 5
145 270 9
193 273 8
3 280 6
228 282 6
105 283 40
14 295 21
194 295 21
135 299 2
51 301 25
241 305 4
81 307 4
197 311 18
199 314 7
132 316 7
307 322 4
89 323 9
286 323 2
301 323 3
309 329 6
127 333 6
58 335 1
303 335 3
149 338 2
68 343 7
137 347 9
5 349 17
306 351 1
122 354 6
140 359 9
328 362 8
44 363 9
114 365 12
108 366 1
377 387 2
394 396 1
392 397 2
405 412 1
417 428 5
369 453 4
382 455 4
448 457 10
400 463 2
426 464 4
450 471 7
398 476 1
404 482 6
412 486 8
413 491 8
389 492 1
367 493 2
455 494 9
486 495 5
478 498 7
406 499 1
478 500 3
367 501 4
435 502 7
388 504 10
451 505 1
450 517 2
384 518 3
503 519 3
384 525 8
380 527 3
470 529 9
416 530 3
482 530 8
414 531 7
414 533 4
427 533 4
387 536 7
422 538 5
471 538 7
499 539 7
497 543 8
456 548 8
466 553 2
546 553 3
423 562 3
561 562 1
454 563 8
395 565 3
460 566 4
412 568 8
524 571 10
437 572 1
446 572 10
558 572 4
419 576 5
439 582 6
385 583 10
400 583 6
502 583 6
470 588 2
499 591 7
83 223 119 15 153 12 176 75 61 151 16 13 305 307 323 11 79 187 35 229 20 121 201 301 241 197 42 64 41 3 29 133 4 55 107 9 111 86 122 258 80 186 47 22 94 116 6 70 158 322 26 7 242 134 335 74 108 46 40 38 31 23 96 68 59 51 65 85 18 100 10 112 53 92 99 146 14 24 73 58 262 2 28 117 27 220 137 150 199 21 132 44 33 218 78 45 127 17 114 98 69 67 295 5 57 30 36 202 164 77 81 19 156 89 52 139 140 34 145 49
7 251 17
11 128 66
8 235 75
2 80 41
6 345 87
11 269 10
3 176 78
3 35 65
7 310 1
2 74 42
7 212 31
4 230 63
10 4 26
10 308 17
8 267 79
4 124 88
2 107 7
3 73 8
9 62 85
2 14 26
7 109 50
7 29 43
11 301 90
2 5 21
4 151 27