596 706 123 3 6
1 2 8
1 3 5
1 4 58
4 5 6
4 6 2
5 7 9
1 8 8
8 9 7
1 10 39
1 11 10
7 12 3
5 13 5
2 14 3
3 15 7
14 16 2
6 17 6
2 18 8
5 19 9
2 20 3
9 21 2
6 22 2
19 23 8
13 24 9
14 25 4
15 26 5
12 27 5
11 28 6
26 29 9
29 30 5
2 31 6
6 32 1
1 33 28
4 34 8
8 35 4
30 36 6
23 37 10
1 38 5
4 39 56
4 40 5
11 41 6
12 42 1
26 43 10
3 44 5
17 45 8
6 46 4
11 47 10
35 48 7
41 49 10
28 50 10
45 51 45
19 52 10
51 53 45
16 54 3
29 55 4
46 56 6
38 57 1
29 58 1
42 59 6
43 60 7
32 61 9
32 62 9
4 63 8
25 64 5
56 65 1
41 66 4
42 67 9
2 68 9
67 69 6
52 70 6
14 71 10
31 72 10
19 73 6
62 74 4
55 75 8
27 76 1
10 77 39
72 78 8
48 79 2
2 80 6
72 81 5
27 82 2
41 83 6
16 84 6
52 85 1
75 86 6
61 87 4
16 88 4
7 89 4
37 90 4
87 91 1
39 92 1
11 93 5
62 94 5
25 95 7
19 96 2
41 97 2
92 98 10
1 99 7
8 100 6
77 101 39
78 102 7
62 103 7
11 104 8
65 105 8
62 106 6
47 107 8
55 108 9
91 109 8
97 110 8
67 111 10
81 112 6
77 113 1
76 114 7
44 115 7
16 116 4
82 117 7
43 118 2
26 119 1
36 120 5
34 121 6
89 122 7
33 123 28
23 124 3
77 125 11
21 126 7
16 127 2
85 128 9
20 129 9
38 130 9
117 131 1
10 132 3
55 133 1
31 134 9
69 135 9
27 136 10
41 137 1
49 138 6
10 139 1
105 140 7
126 141 4
106 142 7
130 143 1
91 144 1
72 145 7
96 146 7
66 147 1
108 148 2
127 149 2
55 150 10
118 151 9
62 152 1
64 153 5
21 154 2
3 155 6
81 156 2
54 157 9
95 158 6
86 159 2
26 160 7
134 161 9
156 162 5
90 163 5
139 164 9
88 165 1
164 166 7
124 167 3
53 168 57
13 169 6
114 170 8
129 171 9
138 172 9
25 173 7
111 174 2
156 175 4
48 176 3
27 177 8
35 178 10
49 179 8
50 180 8
127 181 10
119 182 10
24 183 8
41 184 10
61 185 10
37 186 6
89 187 6
152 188 4
175 189 7
98 190 4
111 191 5
83 192 10
59 193 9
114 194 1
153 195 4
125 196 11
184 197 2
177 198 4
5 199 3
113 200 3
123 201 7
35 202 3
1 203 4
47 204 2
96 205 1
167 206 1
205 207 1
207 208 4
67 209 5
141 210 9
10 211 6
23 212 8
119 213 3
213 214 1
54 215 5
47 216 9
85 217 4
191 218 5
145 219 8
145 220 9
45 221 9
102 222 5
162 223 4
77 224 7
62 225 5
99 226 2
117 227 6
156 228 4
152 229 2
74 230 7
80 231 2
211 232 5
22 233 7
152 234 2
143 235 6
174 236 3
55 237 6
218 238 5
156 239 2
71 240 5
137 241 4
60 242 9
110 243 6
192 244 5
36 245 7
220 246 10
40 247 6
70 248 1
27 249 5
31 250 9
195 251 10
167 252 9
243 253 10
27 254 6
139 255 3
145 256 2
154 257 8
27 258 5
34 259 4
244 260 10
147 261 9
43 262 10
210 263 3
46 264 5
25 265 3
39 266 6
152 267 9
137 268 10
154 269 7
193 270 6
110 271 2
19 272 4
244 273 4
86 274 8
222 275 10
55 276 7
54 277 1
254 278 6
198 279 9
7 280 1
158 281 10
73 282 3
84 283 1
57 284 9
38 285 5
234 286 5
89 287 4
154 288 9
280 289 9
5 290 9
123 291 56
266 292 5
81 293 1
61 294 1
6 295 10
195 296 1
139 297 10
187 298 5
188 299 8
293 300 2
71 301 4
126 302 7
267 303 3
289 304 5
148 305 2
211 306 1
3 307 5
118 308 10
231 309 10
228 310 5
274 311 6
28 312 2
147 313 1
86 314 4
18 315 10
284 316 8
129 317 1
113 318 1
117 319 10
145 320 8
53 321 4
35 322 6
133 323 2
308 324 4
302 325 1
165 326 4
223 327 4
72 328 6
241 329 6
55 330 7
129 331 3
125 332 8
79 333 7
228 334 9
155 335 5
243 336 10
79 337 6
154 338 2
170 339 4
123 340 1
115 341 10
201 342 7
203 343 8
45 344 65
242 345 10
100 346 2
84 347 9
345 348 1
76 349 4
309 350 18
175 351 7
244 352 5
85 353 8
286 354 6
135 355 1
225 356 1
96 357 8
277 358 8
318 359 4
255 360 5
167 361 1
347 362 10
160 363 10
147 364 2
121 365 3
312 366 2
170 367 8
262 368 5
155 369 7
95 370 6
93 371 2
69 372 6
105 373 7
277 374 5
174 375 10
311 376 9
54 377 7
52 378 8
39 379 5
114 380 7
94 381 5
284 382 1
345 383 1
190 384 7
211 385 2
196 386 2
257 387 8
46 388 6
316 389 7
230 390 6
236 391 9
45 392 8
344 393 1
347 394 1
203 395 7
163 396 4
55 397 3
386 398 2
277 399 8
328 400 6
351 401 1
35 402 7
96 403 4
202 404 1
343 405 7
210 406 4
282 407 8
189 408 1
302 409 4
64 410 9
382 411 4
215 412 8
362 413 1
372 414 5
108 415 4
129 416 8
306 417 7
104 418 5
160 419 10
78 420 7
157 421 7
146 422 3
187 423 2
53 424 56
280 425 7
146 426 5
206 427 1
264 428 8
126 429 7
199 430 6
27 431 3
291 432 5
159 433 9
202 434 6
412 435 5
107 436 2
103 437 10
245 438 9
120 439 9
396 440 5
260 441 2
423 442 4
34 443 6
192 444 9
87 445 5
65 446 8
164 447 9
339 448 7
78 449 5
432 450 6
44 451 6
349 452 8
306 453 5
12 454 4
451 455 10
451 456 2
134 457 6
347 458 6
9 459 5
399 460 8
124 461 4
212 462 9
433 463 10
338 464 1
400 465 3
127 466 6
173 467 7
151 468 10
104 469 6
292 470 1
253 471 3
421 472 3
214 473 6
450 474 10
236 475 1
176 476 2
168 477 57
366 478 7
219 479 4
266 480 1
428 481 7
426 482 10
326 483 7
141 484 7
474 485 2
193 486 4
95 487 4
429 488 10
80 489 7
378 490 8
489 491 10
27 492 9
420 493 1
100 494 9
268 495 2
367 496 4
222 497 3
276 498 10
443 499 1
38 500 8
273 501 10
84 502 6
272 503 2
476 504 8
440 505 10
124 506 7
299 507 4
397 508 2
188 509 5
88 510 8
291 511 51
507 512 3
99 513 6
342 514 6
185 515 6
300 516 1
187 517 6
36 518 2
23 519 5
426 520 1
252 521 1
293 522 9
318 523 3
309 524 9
148 525 8
33 526 9
137 527 3
40 528 9
54 529 9
209 530 1
85 531 8
28 532 2
171 533 4
392 534 1
21 535 2
198 536 4
221 537 7
379 538 10
164 539 7
234 540 4
476 541 1
269 542 7
47 543 6
5 34 6
21 49 4
50 54 6
61 76 8
41 81 10
11 87 8
31 99 9
52 122 7
94 124 4
99 126 7
62 143 4
20 153 4
26 154 10
147 158 8
27 173 8
76 173 2
36 178 6
29 182 7
52 184 5
81 184 5
25 185 6
53 185 58
108 188 9
20 191 1
119 195 7
59 196 13
74 204 8
93 204 7
38 205 2
86 208 9
68 216 10
185 219 14
20 225 5
128 238 8
212 246 5
203 251 5
13 253 4
38 263 7
95 266 5
18 271 8
252 271 8
4 273 3
207 278 3
131 282 8
36 286 6
173 286 8
1 287 9
256 287 4
245 291 7
99 294 5
12 297 6
155 297 1
63 301 5
231 301 5
105 303 9
238 304 4
114 308 9
118 310 1
176 315 4
103 316 5
308 326 1
130 328 10
145 328 3
280 330 2
169 335 7
56 336 3
86 339 10
20 341 4
183 343 2
145 344 7
45 350 18
9 356 4
189 356 4
285 374 6
14 376 10
239 376 1
328 376 6
302 379 5
80 381 1
172 383 1
66 386 3
212 386 7
336 390 1
274 399 1
57 407 2
15 410 4
47 415 6
355 420 5
98 422 6
39 424 56
215 430 4
155 434 4
235 436 3
203 437 6
85 445 8
270 445 6
48 447 9
329 449 4
148 450 3
223 450 2
345 450 1
182 452 4
420 452 6
282 455 10
358 455 3
384 456 3
73 458 7
417 459 10
226 464 6
193 465 9
169 471 2
187 474 4
198 476 10
157 479 4
437 482 10
128 487 1
372 488 10
248 490 1
73 491 5
288 497 9
175 498 1
26 500 8
226 502 9
288 502 8
185 504 3
120 506 3
469 507 5
342 508 2
304 509 8
364 509 6
86 510 5
266 514 2
501 517 10
240 518 3
370 518 8
474 518 4
352 520 8
288 522 4
461 522 1
99 524 4
297 525 10
323 527 1
184 529 9
322 529 6
488 529 6
457 530 8
500 531 10
518 532 1
475 534 9
357 536 10
32 540 2
510 542 3
504 543 7
545 556 7
545 559 3
547 566 8
561 570 4
567 571 8
571 578 7
549 579 9
570 583 8
562 587 5
578 588 2
552 591 2
52 74 243 158 119 211 176 10 79 80 184 4 210 123 14 286 108 13 326 23 98 19 28 36 143 510 328 34 111 31 37 504 49 72 293 252 100 27 5 445 94 339 452 59 196 66 304 25 195 336 219 202 192 42 88 215 182 33 148 426 157 21 518 271 376 113 128 99 104 245 117 137 191 308 297 193 124 522 81 189 386 287 6 141 146 488 85 222 114 127 77 316 55 203 8 345 153 301 306 455 226 231 7 507 29 84 253 309 9 73 147 156 474 266 170 302 154 198 173 288 46 509 225
2 477 57
1 45 31
3 344 72
2 511 51
1 101 39
2 59 27