598 369 16 15 34
1 2 111
1 3 108
3 4 5
4 5 6
4 6 10
5 7 8
2 8 11
3 9 30
3 10 91
4 11 9
7 12 44
3 13 5
12 14 16
9 15 85
7 16 6
1 17 108
15 18 85
9 19 9
4 20 3
17 21 100
18 22 8
4 23 15
10 24 70
10 25 14
22 26 10
9 27 52
9 28 20
2 29 48
27 30 2
2 31 53
28 32 6
9 33 1
23 34 10
12 35 4
2 36 46
25 37 26
8 38 11
9 39 10
18 40 1
3 41 40
31 42 53
29 43 2
1 44 5
9 45 1
35 46 5
22 47 34
16 48 7
11 49 6
10 50 8
43 51 74
37 52 10
35 53 90
28 54 104
31 55 72
37 56 10
8 57 29
23 58 29
7 59 9
54 60 48
53 61 9
1 62 1
52 63 50
27 64 9
43 65 76
27 66 45
65 67 49
27 68 43
19 69 7
10 70 12
22 71 73
5 72 6
48 73 1
36 74 31
47 75 34
47 76 10
12 77 9
25 78 49
73 79 3
51 80 32
65 81 6
46 82 8
38 83 14
20 84 7
8 85 40
54 86 104
10 87 14
57 88 7
19 89 6
11 90 12
36 91 2
64 92 3
68 93 18
55 94 72
60 95 14
47 96 8
11 97 9
74 98 4
14 99 16
53 100 9
96 101 7
7 102 32
27 103 9
25 104 54
27 105 43
71 106 8
68 107 73
4 108 6
86 109 104
44 110 2
9 111 85
31 112 53
78 113 1
15 114 4
102 115 85
102 116 5
80 117 8
60 118 5
87 119 61
80 120 8
10 121 9
51 122 9
95 123 14
29 124 46
115 125 6
76 126 6
59 127 9
3 128 4
108 129 1
66 130 45
48 131 14
41 132 40
93 133 10
23 134 29
104 135 66
53 136 3
62 137 7
133 138 6
122 139 1
53 140 109
99 141 17
12 142 35
60 143 1
57 144 3
46 145 6
77 146 4
135 147 6
6 148 2
35 149 87
10 150 10
101 151 9
140 152 109
20 153 2
75 154 34
154 155 5
37 156 6
109 157 6
24 158 7
59 159 9
48 160 14
157 161 1
57 162 7
14 163 42
160 164 14
37 165 7
49 166 9
95 167 4
65 168 9
132 169 10
143 170 8
52 171 7
115 172 4
169 173 7
8 174 7
152 175 81
116 176 3
17 177 2
94 178 72
74 179 31
164 180 14
90 181 7
19 182 6
157 183 5
48 184 3
182 185 5
99 186 9
39 187 10
165 188 3
102 189 54
152 190 2
188 191 2
90 192 40
166 193 1
78 194 2
58 195 8
165 196 6
5 197 1
48 198 13
154 199 34
32 200 3
107 201 73
134 202 35
173 203 1
95 204 1
49 205 9
203 206 4
109 207 81
64 208 9
65 209 2
100 210 8
119 211 1
99 212 7
28 213 5
22 214 34
9 215 8
90 216 87
3 217 31
84 218 8
61 219 5
198 220 9
197 221 2
138 222 2
140 223 4
106 224 5
1 225 7
202 226 10
127 227 10
5 228 1
13 229 3
148 230 8
50 231 8
135 232 66
212 233 10
72 234 5
130 235 83
61 236 26
144 237 8
70 238 8
80 239 2
124 240 10
58 241 8
57 242 7
137 243 7
107 244 6
143 245 9
130 246 48
74 247 8
37 248 3
213 249 1
240 250 2
149 251 87
62 252 7
58 253 7
146 254 4
247 255 7
80 256 39
90 257 9
7 42 59
27 42 6
21 53 100
2 63 50
61 75 34
24 78 70
11 85 3
60 87 24
38 90 9
77 99 16
11 103 7
85 105 43
68 112 53
83 123 14
56 131 10
76 131 10
52 141 17
78 150 6
121 151 4
25 159 9
82 174 5
38 176 3
57 180 29
101 185 3
130 187 5
104 189 54
52 192 40
134 199 34
142 202 35
69 205 10
44 206 8
17 207 81
67 212 49
48 213 10
26 214 9
180 214 29
213 214 5
179 217 31
186 221 1
15 231 8
198 232 13
51 235 83
37 236 26
120 238 8
117 239 10
206 241 9
28 246 104
102 246 57
216 251 87
195 254 6
104 255 7
140 256 39
227 257 9
295 298 9
300 317 5
292 318 4
258 320 4
333 345 10
334 360 2
266 364 10
293 376 3
370 389 3
397 409 3
348 415 2
392 423 1
329 424 5
300 431 8
413 437 4
414 437 1
400 449 5
297 464 4
266 465 8
356 465 8
276 467 2
367 478 3
341 484 5
460 486 5
259 496 5
384 498 7
395 503 1
486 504 8
448 510 6
443 511 4
466 518 8
278 523 5
416 525 2
397 527 3
283 538 6
439 540 5
317 546 8
508 546 8
267 548 3
382 549 5
433 552 8
415 555 7
442 558 10
437 559 2
411 561 10
508 564 2
355 568 2
485 570 8
351 572 9
432 577 6
555 578 6
377 583 4
447 583 6
435 584 9
498 584 7
402 585 6
348 587 5
533 588 5
568 591 1
263 596 3
38 87 25 14 78 109 60 36 134 90 3 77 115 4 44 130
14 74 30
13 247 7
8 78 74
1 237 3
3 80 39
11 41 33
13 58 33
12 124 46
2 8 55
8 212 49
13 232 66
4 36 28
8 93 18
2 70 12
7 87 10
6 198 13
15 152 28
1 3 6
3 119 61
13 24 56
12 111 85
11 127 2
11 201 73
9 164 9
4 18 93
2 34 10
15 48 33
3 10 63
14 132 41
6 178 72
15 175 81
10 163 42
15 65 76
11 71 73