592 424 23 10 15
1 2 12
1 3 71
2 4 20
1 5 87
4 6 42
3 7 8
7 8 5
6 9 38
5 10 22
10 11 37
4 12 16
4 13 7
9 14 12
3 15 5
2 16 40
7 17 7
14 18 24
5 19 4
16 20 40
10 21 18
12 22 7
10 23 2
12 24 84
11 25 2
19 26 7
25 27 9
1 28 88
7 29 1
22 30 8
17 31 9
18 32 6
9 33 49
3 34 10
26 35 1
30 36 2
1 37 42
37 38 24
17 39 6
14 40 10
14 41 9
21 42 4
18 43 9
31 44 2
4 45 14
37 46 7
4 47 3
46 48 6
3 49 67
5 50 42
40 51 3
14 52 8
36 53 6
21 54 5
49 55 8
13 56 7
28 57 88
15 58 4
23 59 3
27 60 9
21 61 4
50 62 10
1 63 6
30 64 7
5 65 10
11 66 4
22 67 1
13 68 7
63 69 2
18 70 8
61 71 2
58 72 6
37 73 7
2 74 1
10 75 4
25 76 4
49 77 9
39 78 13
68 79 7
67 80 7
22 81 7
32 82 5
55 83 7
58 84 5
20 85 87
3 86 8
17 87 3
33 88 54
49 89 6
52 90 10
78 91 10
35 92 1
2 93 9
6 94 1
91 95 2
65 96 4
54 97 1
61 98 10
60 99 7
43 100 1
6 101 4
75 102 3
4 103 7
32 104 8
83 105 8
93 106 10
23 107 8
4 108 36
5 109 3
17 110 6
22 111 1
1 112 4
19 113 5
27 114 10
39 115 24
114 116 9
102 117 1
107 118 3
14 119 9
15 120 8
116 121 20
114 122 5
120 123 10
50 124 10
86 125 8
120 126 5
44 127 10
116 128 9
108 129 46
29 130 9
1 131 1
57 132 2
98 133 4
17 134 3
39 135 9
103 136 7
45 137 14
57 138 71
31 139 5
77 140 2
121 141 4
61 142 9
127 143 2
31 144 3
27 145 52
79 146 6
113 147 9
121 148 29
106 149 6
39 150 4
145 151 3
71 152 2
44 153 10
66 154 2
134 155 5
85 156 2
34 157 4
2 158 4
156 159 3
70 160 8
72 161 9
85 162 7
138 163 11
116 164 7
22 165 5
58 166 7
138 167 8
11 168 39
57 169 13
153 170 7
58 171 4
150 172 8
18 173 24
136 174 5
125 175 4
135 176 3
62 177 7
81 178 6
145 179 12
113 180 7
2 181 10
181 182 1
181 183 4
73 184 7
182 185 7
61 186 4
91 187 3
180 188 6
48 189 8
171 190 5
68 191 9
84 192 6
177 193 7
93 194 2
147 195 9
120 196 8
2 197 4
88 198 16
148 199 3
32 200 7
91 201 76
80 202 2
75 203 1
152 204 7
180 205 8
78 206 5
98 207 10
20 208 4
7 209 10
201 210 9
40 211 8
190 212 10
101 213 5
45 214 31
172 215 3
168 216 3
201 217 1
77 218 1
118 219 3
27 220 45
136 221 12
97 222 2
20 223 44
32 224 3
184 225 5
225 226 7
32 227 19
163 228 11
146 229 10
35 230 6
205 231 10
84 232 2
131 233 4
97 234 7
76 235 3
107 236 6
188 237 10
89 238 7
115 239 24
51 240 9
233 241 10
120 242 2
43 243 5
137 244 24
47 245 3
14 246 4
235 247 8
125 248 10
78 249 8
90 250 12
25 251 10
106 252 10
74 253 1
205 254 8
83 255 4
62 256 9
25 257 5
29 258 4
6 259 2
239 260 4
68 261 10
239 262 9
207 263 4
42 264 5
147 265 6
61 266 7
151 267 8
120 268 8
96 269 4
50 270 42
219 271 7
112 272 9
227 273 19
158 274 9
98 275 2
79 276 2
32 277 4
99 278 7
57 279 87
110 280 4
29 47 8
33 49 69
49 57 7
76 78 13
12 88 38
14 90 8
58 103 1
76 114 13
55 116 2
93 119 9
5 121 32
32 126 8
78 143 4
52 144 4
53 144 9
121 144 3
108 146 10
33 148 29
31 150 14
54 150 5
132 152 6
28 165 3
126 169 13
93 170 6
84 172 5
38 173 24
39 174 5
151 174 5
24 179 88
149 184 5
33 190 8
178 191 1
94 195 1
117 198 5
184 198 38
145 201 67
95 206 1
118 212 5
134 212 3
184 220 45
55 221 1
116 221 11
136 223 44
112 224 1
60 228 16
37 229 10
37 230 5
190 231 8
80 233 6
101 237 10
47 240 7
191 241 4
42 242 2
90 245 2
124 246 4
91 247 5
230 248 9
104 249 8
137 250 14
196 250 3
107 252 10
210 256 9
47 257 5
65 258 5
48 259 2
183 260 9
124 265 6
21 267 15
31 267 15
208 269 4
214 270 42
224 275 5
56 278 7
24 280 10
288 299 7
297 310 10
311 323 6
305 325 2
330 336 10
350 355 8
359 363 9
316 371 2
319 381 9
372 383 4
353 387 4
328 422 4
361 424 10
372 426 2
327 436 9
374 442 5
334 443 8
411 452 5
304 453 7
361 457 9
370 457 2
416 457 8
370 458 1
388 460 1
414 461 4
450 462 6
301 463 1
298 466 8
335 468 10
422 469 8
469 472 3
453 475 3
296 477 6
310 487 10
335 499 6
443 500 4
314 503 4
308 504 3
362 508 1
309 509 4
409 516 6
468 521 9
282 523 8
287 523 7
381 528 3
378 530 1
415 530 2
373 531 10
405 538 5
471 540 9
391 542 3
526 550 8
300 551 5
316 551 5
459 551 6
400 554 8
375 556 10
513 557 3
376 558 8
421 559 3
301 560 5
382 566 4
349 570 5
490 579 5
420 581 1
450 583 8
437 586 1
356 587 2
572 587 8
454 589 2
497 589 5
151 47 10 136 22 45 2 114 39 7 17 12 198 50 35 9 146 4 44 144 5 191 134
8 239 24
4 91 76
9 214 72
9 228 16
6 129 46
3 138 71
9 106 11
6 85 87
4 273 19
1 244 24
4 179 76
3 31 43
6 279 87
3 168 39
3 50 87