609 404 15 12 25
1 2 91
1 3 12
2 4 31
1 5 63
1 6 88
1 7 8
5 8 60
2 9 36
5 10 31
8 11 24
1 12 92
10 13 31
4 14 31
11 15 32
13 16 1
5 17 9
17 18 9
8 19 2
15 20 66
17 21 10
19 22 55
15 23 5
12 24 54
16 25 14
1 26 2
8 27 60
25 28 10
9 29 7
5 30 8
4 31 24
8 32 3
20 33 7
27 34 8
31 35 4
21 36 10
32 37 7
22 38 55
15 39 4
29 40 10
40 41 12
33 42 3
42 43 12
11 44 2
31 45 28
14 46 31
19 47 70
31 48 4
24 49 26
37 50 9
40 51 12
38 52 57
52 53 39
20 54 7
10 55 7
5 56 2
23 57 1
13 58 8
4 59 10
5 60 93
15 61 4
19 62 7
2 63 9
28 64 1
49 65 26
9 66 26
30 67 10
42 68 8
62 69 7
7 70 5
28 71 4
7 72 7
70 73 8
41 74 5
18 75 1
47 76 8
2 77 4
39 78 1
53 79 39
1 80 10
22 81 5
38 82 12
41 83 1
24 84 3
73 85 7
67 86 9
84 87 1
73 88 7
73 89 4
36 90 9
15 91 1
25 92 6
70 93 9
23 94 5
57 95 4
9 96 1
65 97 31
52 98 5
95 99 4
41 100 4
54 101 1
15 102 1
90 103 8
11 104 56
58 105 8
93 106 6
6 107 47
89 108 4
51 109 2
5 110 5
88 111 15
59 112 7
39 113 3
9 114 3
29 115 3
33 116 3
87 117 8
20 118 66
48 119 4
6 120 87
16 121 10
94 122 41
2 123 2
65 124 11
46 125 15
106 126 6
10 127 5
17 128 1
9 129 8
16 130 13
41 131 12
76 132 9
60 133 1
111 134 5
65 135 8
94 136 8
40 137 3
94 138 36
100 139 10
81 140 8
124 141 9
77 142 1
76 143 9
93 144 1
20 145 49
71 146 8
143 147 8
28 148 6
97 149 8
46 150 56
85 151 10
29 152 3
136 153 2
110 154 5
126 155 5
18 156 1
93 157 8
19 158 2
3 159 8
136 160 6
48 161 1
25 162 8
52 163 57
80 164 1
117 165 9
146 166 8
70 167 3
60 168 93
86 169 1
151 170 3
153 171 9
19 172 53
159 173 1
44 174 6
106 175 1
135 176 9
153 177 10
132 178 6
87 179 6
138 180 5
27 181 1
72 182 1
143 183 2
95 184 9
12 185 92
120 186 2
125 187 15
45 188 4
118 189 66
64 190 7
66 191 26
117 192 8
100 193 5
62 194 5
138 195 7
155 196 10
11 197 10
31 198 9
163 199 57
129 200 2
161 201 9
148 202 4
138 203 36
150 204 3
24 205 67
174 206 4
9 207 62
187 208 15
12 209 1
207 210 11
176 211 2
82 212 12
88 213 11
137 214 10
111 215 4
184 216 10
185 217 56
73 218 4
3 219 12
57 220 10
17 221 7
81 222 4
208 223 15
160 224 10
169 225 8
2 226 66
172 227 47
29 228 10
204 229 7
30 230 2
128 231 9
227 232 9
216 233 5
150 234 50
177 235 7
92 236 9
78 237 2
15 238 3
212 239 2
6 240 41
65 241 58
43 242 5
117 243 10
132 244 10
47 245 43
242 246 10
199 247 38
223 248 6
15 19 44
27 69 9
11 87 22
28 87 6
31 87 28
33 96 3
71 96 8
13 97 31
7 105 9
48 108 4
76 123 8
106 123 7
64 126 2
1 131 28
45 131 28
95 137 9
33 142 10
55 143 8
70 148 6
96 152 1
25 155 9
19 162 8
87 169 3
30 172 6
130 173 8
47 177 4
150 178 6
155 180 9
151 190 6
46 191 26
175 197 1
37 210 11
43 213 12
104 217 56
42 219 12
47 226 59
189 226 89
107 227 47
78 230 4
130 234 14
80 235 7
206 239 7
122 240 41
220 244 4
24 245 43
103 246 6
185 247 38
253 269 10
249 296 2
292 302 2
281 312 9
264 325 9
275 330 2
337 357 8
275 361 6
365 371 5
318 377 7
357 382 2
371 382 8
283 394 4
298 397 2
360 398 5
380 401 4
387 401 9
337 414 9
404 423 10
395 426 2
399 428 6
352 434 4
316 441 3
325 442 8
361 442 10
441 444 4
320 448 6
352 451 4
381 452 5
427 453 2
332 456 7
402 457 7
321 459 1
399 460 7
283 461 2
333 462 9
365 463 4
284 464 7
421 465 9
371 469 8
251 474 9
327 480 2
480 487 2
267 493 3
484 493 8
431 501 4
324 502 8
355 502 9
450 502 5
335 503 7
484 506 9
496 506 5
364 508 6
293 509 2
342 516 10
407 516 7
386 521 5
284 522 9
488 523 7
410 526 8
483 527 4
426 532 6
478 533 6
327 538 8
516 543 5
278 544 7
347 547 6
292 548 9
408 548 9
263 550 1
340 553 4
524 555 6
535 555 2
393 557 9
490 561 9
487 562 4
299 563 8
264 566 9
291 566 4
385 568 8
307 569 4
296 572 7
460 572 6
477 572 8
548 572 10
266 574 8
470 577 7
532 578 1
463 579 8
481 582 1
471 585 1
316 587 6
355 589 8
572 589 3
513 590 6
546 591 10
370 592 9
476 592 9
497 594 1
277 595 7
352 595 6
573 599 7
572 603 8
511 604 2
340 607 5
531 607 10
601 607 6
255 608 8
327 609 2
366 609 5
65 2 93 137 76 37 62 4 71 8 47 185 227 111 132
4 8 48
12 130 3
10 241 58
9 4 91
4 15 97
7 52 95
8 212 14
11 207 72
10 88 12
8 120 87
6 27 67
3 6 37
8 79 39
5 203 36
4 199 93
5 145 49
8 205 67
12 168 93
7 124 11
6 130 14
8 234 63
12 51 12
10 213 14
4 223 15
11 92 6