594 680 202 15 37
1 2 95
2 3 83
2 4 47
2 5 32
4 6 25
3 7 46
3 8 3
8 9 9
4 10 5
7 11 12
6 12 24
1 13 95
9 14 15
9 15 12
14 16 24
10 17 7
5 18 35
12 19 10
11 20 10
16 21 7
7 22 9
4 23 3
7 24 3
3 25 7
3 26 96
15 27 42
25 28 3
13 29 50
28 30 5
17 31 9
12 32 7
7 33 39
33 34 17
4 35 19
21 36 4
34 37 58
28 38 3
6 39 64
26 40 10
23 41 5
16 42 24
14 43 16
13 44 40
20 45 4
19 46 8
10 47 4
6 48 47
1 49 3
18 50 31
19 51 10
23 52 5
1 53 60
35 54 10
10 55 7
45 56 1
55 57 4
7 58 19
53 59 12
41 60 4
59 61 12
17 62 6
18 63 4
19 64 5
55 65 6
51 66 2
8 67 12
49 68 9
11 69 5
46 70 5
36 71 8
10 72 9
12 73 24
4 74 9
66 75 6
36 76 5
68 77 8
28 78 10
39 79 28
79 80 2
79 81 9
23 82 7
10 83 4
5 84 7
84 85 1
67 86 10
43 87 27
87 88 4
85 89 4
75 90 9
13 91 6
54 92 7
39 93 10
14 94 7
28 95 3
75 96 2
47 97 2
21 98 5
64 99 3
27 100 42
43 101 11
53 102 34
7 103 8
100 104 42
30 105 6
90 106 56
23 107 2
83 108 8
87 109 27
86 110 4
42 111 3
9 112 17
16 113 84
67 114 6
81 115 3
6 116 7
101 117 5
30 118 2
75 119 8
93 120 8
13 121 8
98 122 6
79 123 10
37 124 8
101 125 11
48 126 2
91 127 5
76 128 3
17 129 7
53 130 4
59 131 5
105 132 3
73 133 9
133 134 8
131 135 8
45 136 11
49 137 2
54 138 7
123 139 1
111 140 41
42 141 8
11 142 10
73 143 6
6 144 22
22 145 26
11 146 5
62 147 1
100 148 83
122 149 7
53 150 1
146 151 9
104 152 7
135 153 1
50 154 39
4 155 5
63 156 6
57 157 1
77 158 9
94 159 9
140 160 41
119 161 6
19 162 9
59 163 4
144 164 99
137 165 6
93 166 10
73 167 2
80 168 4
151 169 1
38 170 8
106 171 94
134 172 6
79 173 26
160 174 10
126 175 8
8 176 3
44 177 10
78 178 26
33 179 6
7 180 24
143 181 6
133 182 1
172 183 9
144 184 63
167 185 3
86 186 3
50 187 8
44 188 7
25 189 7
128 190 3
166 191 10
36 192 3
155 193 8
118 194 9
176 195 10
58 196 30
39 197 7
174 198 10
153 199 4
162 200 4
103 201 9
34 202 2
71 203 5
24 204 3
189 205 6
187 206 7
49 207 10
131 208 5
176 209 8
170 210 4
118 211 5
102 212 4
99 213 3
26 214 94
181 215 7
194 216 7
179 217 10
186 218 6
138 219 9
152 220 6
39 221 5
154 222 7
184 223 17
50 224 9
37 225 8
180 226 8
22 227 26
66 228 7
192 229 2
3 230 7
66 231 4
61 232 12
195 233 2
203 234 5
77 235 9
18 236 7
95 237 29
143 238 9
235 239 49
144 240 10
11 241 9
221 242 5
183 243 10
192 244 1
47 245 7
207 246 8
26 247 10
31 248 7
176 249 6
110 250 5
3 251 33
175 252 3
98 253 8
40 254 3
199 255 5
180 256 14
57 257 4
74 258 9
56 259 4
237 260 8
175 261 1
238 262 6
113 263 84
134 264 2
231 265 3
42 266 7
206 267 7
231 268 6
152 269 5
113 270 6
48 271 88
213 272 2
147 273 7
206 274 10
14 275 10
44 276 50
254 277 3
54 278 4
215 279 10
80 280 4
151 281 7
152 282 5
190 283 10
7 284 3
95 285 6
31 286 45
234 287 4
109 288 3
73 289 39
91 290 10
161 291 4
29 292 6
242 293 6
224 294 5
6 295 6
244 296 9
86 297 4
253 298 9
76 299 8
111 300 7
203 301 5
223 302 17
93 303 6
235 304 66
245 305 8
63 306 6
204 307 4
1 308 9
2 309 12
13 310 5
275 311 6
86 312 9
226 313 5
107 314 7
136 315 5
4 316 14
205 317 10
258 318 4
9 319 6
283 320 1
213 321 6
117 322 5
292 323 3
55 324 9
58 325 30
110 326 6
301 327 2
8 328 6
66 329 6
141 330 5
141 331 10
265 332 4
107 333 2
160 334 7
63 335 1
148 336 83
231 337 1
29 338 8
142 339 5
323 340 1
196 341 4
78 342 26
53 343 37
18 344 4
25 345 8
60 346 42
298 347 4
288 348 9
41 349 4
130 350 2
165 351 7
173 352 1
25 353 7
173 354 14
213 355 8
351 356 7
26 357 2
160 358 7
196 359 47
206 360 3
328 361 10
310 362 6
279 363 10
261 364 2
19 365 7
288 366 1
227 367 26
180 368 3
80 369 2
245 370 1
271 371 9
277 372 10
247 373 1
130 374 4
260 375 9
297 376 5
268 377 6
279 378 8
269 379 5
10 380 9
324 381 3
214 382 8
73 383 15
47 384 10
109 385 56
87 386 7
111 387 95
305 388 1
214 389 96
338 390 8
286 391 45
178 392 28
125 393 2
289 394 39
96 395 8
138 396 7
200 397 4
209 398 7
70 399 9
156 400 1
293 401 6
377 402 6
376 403 3
389 404 66
325 405 30
242 406 5
116 407 2
94 408 8
393 409 7
154 410 7
349 411 8
389 412 69
112 413 10
370 414 7
313 415 7
268 416 6
67 417 9
191 418 1
300 419 3
263 420 84
163 421 4
165 422 2
114 423 4
78 424 3
66 425 4
25 426 5
171 427 6
106 428 10
198 429 8
429 430 7
57 431 1
40 432 6
104 433 97
224 434 7
420 435 84
332 436 3
428 437 10
317 438 8
342 439 5
246 440 8
407 441 7
279 442 9
241 443 8
82 444 5
56 445 1
11 446 1
396 447 8
151 448 4
401 449 9
432 450 2
448 451 7
39 452 3
316 453 14
346 454 35
57 455 7
119 456 9
414 457 5
224 458 8
349 459 10
14 460 7
168 461 2
240 462 9
98 463 8
59 464 2
253 465 1
445 466 8
151 467 4
383 468 5
15 469 31
69 470 6
225 471 6
207 472 9
464 473 8
444 474 4
122 475 2
173 476 7
170 477 5
57 478 2
336 479 83
414 480 9
107 481 1
34 482 52
115 483 9
173 484 8
255 485 4
94 486 7
123 487 7
216 488 5
430 489 4
145 490 26
416 491 7
50 492 15
37 493 51
323 494 9
22 495 6
476 496 7
111 497 18
182 498 9
436 499 1
144 500 9
147 501 10
72 502 11
111 503 3
397 504 3
283 505 5
215 506 6
357 507 10
237 508 1
104 509 50
296 510 4
469 511 6
1 512 10
312 513 9
132 514 2
349 515 12
321 516 3
224 517 3
95 518 29
290 519 49
335 520 9
38 521 8
442 522 2
307 523 9
133 524 4
123 525 10
434 526 10
359 527 9
25 528 6
393 529 7
1 3 95
39 60 38
33 120 5
29 136 15
35 141 16
1 144 102
125 146 5
96 154 6
105 155 5
92 158 6
6 164 99
156 170 9
64 177 7
13 178 2
29 196 33
184 198 10
127 202 2
7 226 10
7 227 34
133 232 12
108 238 2
216 240 5
28 241 16
102 243 9
137 243 9
91 249 10
165 260 8
28 276 2
281 289 9
53 290 48
165 292 7
118 294 8
112 302 17
142 303 7
287 307 3
125 310 11
227 310 10
37 314 45
200 314 43
17 319 9
312 319 10
19 321 7
45 321 7
119 321 3
298 321 9
142 323 9
79 329 6
189 331 6
240 331 6
296 335 2
92 339 2
183 341 9
191 341 10
201 343 9
303 348 3
137 352 5
225 353 3
299 353 8
37 354 11
267 356 7
90 359 47
72 361 10
53 362 6
122 363 6
129 364 9
67 367 26
327 368 2
233 375 4
321 375 8
189 377 6
78 379 9
44 380 7
114 380 6
136 383 15
347 384 8
361 389 5
173 392 55
45 393 1
251 394 33
46 395 4
219 397 4
344 399 4
354 402 5
185 403 7
160 405 30
342 411 8
225 415 2
364 416 1
169 424 9
348 430 9
111 431 1
110 434 9
355 436 3
14 438 10
132 438 8
158 439 9
290 440 8
9 442 6
160 443 5
176 443 7
287 446 9
432 447 6
94 453 7
269 453 7
228 457 1
44 458 9
439 460 6
187 463 8
76 465 4
219 465 9
414 465 8
26 469 31
458 472 9
368 473 9
66 475 8
270 478 3
389 482 52
403 485 3
176 488 5
387 488 8
141 489 2
136 490 26
16 494 61
214 494 32
386 496 7
31 497 18
342 502 11
340 503 1
196 504 10
276 509 50
365 513 10
494 515 12
28 518 29
211 519 7
239 519 49
105 521 7
256 524 14
437 524 10
93 525 15
492 525 15
261 526 5
113 528 10
537 541 6
532 555 8
555 563 5
546 571 7
569 573 5
542 578 7
540 579 1
531 581 8
551 586 3
575 592 2
237 59 90 22 54 131 133 111 397 141 268 292 380 92 279 39 144 94 276 303 438 137 156 2 56 331 314 102 33 213 383 42 63 21 439 289 110 46 64 368 130 55 77 283 319 307 31 78 118 214 245 138 393 35 53 13 342 416 198 184 253 36 91 155 242 296 377 41 7 241 14 87 152 226 72 261 146 207 203 17 361 158 298 353 143 10 231 176 80 11 58 288 200 235 67 154 101 119 389 436 243 5 23 86 112 34 219 122 354 60 525 96 15 123 47 524 173 269 93 106 191 216 458 349 192 19 225 6 196 66 136 44 132 335 134 43 48 151 414 178 290 160 165 227 50 73 180 469 40 104 432 26 519 170 224 25 49 175 364 323 494 240 28 403 109 453 4 3 142 215 38 147 359 12 57 488 465 238 375 45 105 287 30 114 341 206 29 183 18 75 434 310 37 348 321 189 76 9 430 187 95 79
7 309 12
13 354 24
15 343 37
3 346 42
6 290 56
9 304 66
7 26 7
13 251 20
10 14 45
15 394 71
7 392 82
8 171 94
13 391 45
11 354 17
12 319 1
2 412 69
1 171 66
10 33 92
11 435 84
14 387 99
15 433 97
7 323 14
10 271 88
6 67 63
8 385 56
5 454 35
1 479 83
12 133 30
11 253 17
13 518 58
12 148 73
13 200 98
10 42 8
14 207 12
9 404 66
7 154 84
5 493 51