608 360 30 4 8
1 2 42
1 3 5
1 4 44
4 5 8
4 6 41
6 7 8
6 8 41
6 9 7
1 10 10
8 11 8
7 12 7
7 13 5
5 14 10
9 15 29
5 16 4
5 17 2
8 18 5
2 19 5
19 20 7
6 21 4
1 22 43
20 23 6
20 24 6
10 25 10
23 26 6
23 27 3
2 28 4
6 29 26
12 30 10
4 31 33
3 32 1
8 33 38
22 34 43
31 35 33
19 36 12
20 37 5
18 38 9
13 39 2
33 40 7
28 41 4
2 42 9
30 43 2
36 44 42
26 45 9
23 46 1
8 47 4
35 48 1
8 49 8
47 50 9
21 51 8
4 52 7
4 53 7
43 54 4
9 55 29
24 56 8
12 57 2
35 58 7
17 59 6
27 60 4
13 61 1
36 62 10
6 63 10
28 64 5
61 65 3
64 66 1
54 67 10
66 68 7
5 69 10
48 70 7
63 71 9
14 72 11
2 73 35
50 74 7
29 75 9
69 76 9
34 77 6
51 78 7
62 79 10
23 80 3
50 81 8
46 82 2
6 83 5
68 84 5
69 85 8
18 86 6
60 87 2
9 88 5
83 89 2
63 90 10
60 91 2
48 92 10
56 93 6
82 94 8
6 95 2
8 96 2
50 97 1
36 98 2
11 99 7
96 100 6
79 101 2
44 102 8
57 103 9
53 104 1
34 105 1
31 106 9
86 107 10
62 108 3
103 109 1
65 110 4
34 111 42
62 112 2
33 113 41
77 114 8
112 115 5
90 116 7
50 117 7
39 118 10
72 119 11
70 120 33
7 121 8
26 122 9
75 123 1
100 124 4
55 125 6
57 126 9
11 127 8
71 128 5
128 129 4
125 130 2
31 131 3
26 132 1
71 133 9
13 134 3
43 135 6
19 136 1
116 137 10
57 138 3
48 139 6
116 140 1
3 141 8
55 142 1
116 143 3
12 144 7
140 145 6
38 146 4
89 147 7
89 148 10
74 149 9
45 150 1
79 151 1
12 152 7
104 153 3
119 154 9
67 155 3
124 156 4
124 157 6
66 158 3
137 159 8
102 160 7
130 161 4
50 162 1
43 163 3
112 164 3
68 165 8
130 166 5
149 167 8
39 168 5
12 169 8
67 170 6
30 171 9
171 172 1
162 173 7
166 174 5
160 175 3
36 176 45
77 177 6
127 178 2
144 179 8
101 180 1
167 181 5
44 182 42
8 183 3
137 184 5
12 185 5
162 186 4
27 187 1
78 188 6
152 189 4
84 190 8
52 191 9
87 192 6
107 193 2
132 194 3
57 195 10
21 196 2
22 197 4
177 198 3
109 199 9
2 43 4
21 45 7
24 50 6
4 54 2
11 55 35
62 69 10
15 70 29
55 73 35
54 75 4
41 78 7
71 79 5
35 94 7
74 99 7
68 101 9
61 106 7
24 114 8
52 118 7
119 120 44
21 124 10
4 126 8
100 132 2
10 137 10
14 140 1
48 140 6
122 140 6
41 143 2
58 144 2
108 144 4
91 149 4
66 150 1
129 150 7
99 157 9
115 157 7
75 158 9
65 159 6
101 159 6
67 162 7
60 163 8
96 164 10
135 169 10
139 170 9
169 171 2
11 176 46
63 177 9
95 177 6
111 182 42
33 183 6
132 189 8
73 194 4
200 244 5
233 245 6
208 288 9
229 303 1
248 305 4
210 306 6
269 306 4
298 311 7
291 312 9
238 332 9
217 333 8
296 341 1
332 341 4
268 348 6
237 355 1
309 364 2
328 364 1
309 370 5
261 379 5
232 381 1
213 382 6
337 384 7
224 390 6
273 390 6
224 391 4
293 391 1
307 395 8
382 397 5
379 402 4
284 406 7
344 407 9
334 411 7
224 413 10
385 413 9
395 413 9
400 415 9
251 420 5
412 423 8
256 426 7
331 428 6
286 434 4
327 435 7
292 436 4
351 442 2
219 446 6
257 451 7
319 451 10
454 455 3
351 458 1
392 470 9
397 473 6
372 480 3
374 481 7
254 484 1
420 484 2
366 486 10
239 487 9
242 487 5
204 492 8
258 495 2
336 495 8
201 500 6
252 501 6
484 501 2
364 506 2
240 507 3
446 515 8
244 519 8
481 519 1
325 520 10
326 528 6
275 531 5
335 536 10
250 538 3
541 542 2
388 546 10
404 546 9
344 548 9
494 553 2
219 554 9
266 554 7
298 555 9
274 558 7
327 558 1
422 558 6
242 559 7
506 560 5
518 560 9
552 561 7
204 564 9
409 573 1
356 575 3
289 577 9
541 577 6
395 578 7
473 580 8
434 582 1
529 582 7
555 582 6
449 583 4
305 585 7
433 586 9
311 592 10
367 592 4
580 593 3
259 594 10
323 598 2
291 600 8
600 603 10
227 605 5
507 607 2
453 608 6
536 608 9
31 36 169 7 79 68 132 78 33 99 144 71 20 149 70 45 52 26 50 41 69 119 89 171 10 13 60 12 35 66
2 120 76
3 176 91
3 35 37
4 29 26
2 36 90
4 135 15
1 113 41
4 34 71