595 491 129 3 7
1 2 1
2 3 4
2 4 1
4 5 5
1 6 58
5 7 2
1 8 84
6 9 41
5 10 10
6 11 13
9 12 41
8 13 79
10 14 7
14 15 10
12 16 4
2 17 2
4 18 5
8 19 49
4 20 3
2 21 5
19 22 49
13 23 4
1 24 1
8 25 37
22 26 3
23 27 9
2 28 7
21 29 8
8 30 7
16 31 10
5 32 5
10 33 4
1 34 24
32 35 4
11 36 4
29 37 3
17 38 1
34 39 24
24 40 8
11 41 13
25 42 10
14 43 9
32 44 3
16 45 3
1 46 44
16 47 7
15 48 2
47 49 1
16 50 2
36 51 3
14 52 5
19 53 2
24 54 2
54 55 7
2 56 10
43 57 5
46 58 36
49 59 2
50 60 1
30 61 6
25 62 5
19 63 4
39 64 5
22 65 72
29 66 9
20 67 6
14 68 3
13 69 84
29 70 3
8 71 7
35 72 10
53 73 1
4 74 6
15 75 6
51 76 2
29 77 3
58 78 36
63 79 1
7 80 10
49 81 5
48 82 5
27 83 10
17 84 10
22 85 4
61 86 8
22 87 10
78 88 9
73 89 4
77 90 2
72 91 52
64 92 7
56 93 1
69 94 90
78 95 5
60 96 8
49 97 7
71 98 8
14 99 10
11 100 5
92 101 5
42 102 4
81 103 2
18 104 9
24 105 5
97 106 2
10 107 3
50 108 5
51 109 8
90 110 5
33 111 9
46 112 44
97 113 6
45 114 10
55 115 1
44 116 7
97 117 8
102 118 3
32 119 7
30 120 7
16 121 6
107 122 2
55 123 7
115 124 10
69 125 1
59 126 2
97 127 7
93 128 3
111 129 6
13 130 3
7 131 1
56 132 10
1 133 6
17 134 7
50 135 10
44 136 3
75 137 1
4 138 1
42 139 1
57 140 6
135 141 3
1 142 3
4 143 1
8 144 1
122 145 7
8 146 6
45 147 6
95 148 6
58 149 8
28 150 8
88 151 3
147 152 6
108 153 10
75 154 6
150 155 2
115 156 6
60 157 7
130 158 5
47 159 2
123 160 4
41 161 8
60 162 3
80 163 9
57 164 9
160 165 3
64 166 10
147 167 7
74 168 7
54 169 3
89 170 2
71 171 7
26 172 6
7 173 7
85 174 1
52 175 8
99 176 10
114 177 4
52 178 10
21 179 5
69 180 5
142 181 6
128 182 3
25 183 7
165 184 2
93 185 5
143 186 8
44 187 3
15 188 8
172 189 3
17 190 1
113 191 3
154 192 10
135 193 10
29 194 2
148 195 10
20 196 5
136 197 8
81 198 4
160 199 5
153 200 9
181 201 7
10 202 3
15 203 6
72 204 44
50 205 5
195 206 5
16 207 9
85 208 10
161 209 10
103 210 3
147 211 2
99 212 5
153 213 7
71 214 5
8 215 2
179 216 4
128 217 4
45 218 8
85 219 3
170 220 2
167 221 1
13 222 1
59 223 3
182 224 1
198 225 9
91 226 52
142 227 4
103 228 9
113 229 3
39 230 9
169 231 3
210 232 2
131 233 4
20 234 1
169 235 10
138 236 8
125 237 5
15 238 5
25 239 34
183 240 9
171 241 9
104 242 10
13 243 2
229 244 7
167 245 1
39 246 4
185 247 10
13 248 6
109 249 5
133 250 10
191 251 7
49 252 7
61 253 8
232 254 2
97 255 5
187 256 6
39 257 7
246 258 4
164 259 10
184 260 8
220 261 1
180 262 8
179 263 6
163 264 8
170 265 4
46 266 9
215 267 8
22 268 10
204 269 44
143 270 1
81 271 4
40 272 1
250 273 7
216 274 6
98 275 1
92 276 8
39 277 9
157 278 8
70 279 4
65 280 7
93 281 9
75 282 1
230 283 9
172 284 8
119 285 4
22 286 25
196 287 10
257 288 2
196 289 6
86 290 4
241 291 1
176 292 1
210 293 6
98 294 3
213 295 6
278 296 5
242 297 5
31 298 2
61 299 7
258 300 2
60 301 9
157 302 8
14 303 10
246 304 9
262 305 1
161 306 10
63 307 1
8 308 7
300 309 5
229 310 3
82 311 6
45 312 3
35 313 7
247 314 10
25 315 5
162 316 7
265 317 3
36 318 1
109 319 1
70 320 6
213 321 1
272 322 3
3 323 1
197 324 8
44 325 4
265 326 9
32 327 2
282 328 6
325 329 7
100 330 8
183 331 9
286 332 3
288 333 2
285 334 2
37 335 7
48 336 9
321 337 1
221 338 8
58 339 9
286 340 6
156 341 1
243 342 8
25 343 10
180 344 6
99 345 1
131 346 5
129 347 1
260 348 12
191 349 8
143 350 3
309 351 2
10 22 7
16 23 10
12 41 7
15 54 3
21 63 8
98 103 10
26 110 7
93 114 3
84 124 6
85 129 10
96 141 3
145 146 1
69 154 2
6 156 10
120 161 7
140 162 4
24 164 2
19 167 7
129 186 7
141 189 8
75 191 8
159 195 1
69 200 10
154 200 8
162 202 8
169 202 7
81 206 4
171 208 4
31 212 1
186 212 8
33 214 5
159 216 10
209 222 6
33 223 4
31 226 10
98 228 1
66 229 6
153 231 2
231 233 5
6 235 7
23 235 6
152 237 5
12 239 34
211 240 3
41 241 9
169 241 7
25 242 10
40 251 9
97 253 3
112 269 44
259 269 7
251 270 4
210 271 6
36 272 9
107 275 2
126 278 5
142 279 4
233 284 9
38 289 8
51 291 3
254 291 2
36 294 5
222 295 5
129 296 9
229 297 5
227 300 4
78 301 4
146 303 4
207 304 3
280 307 8
162 311 6
279 311 9
134 313 4
156 313 1
38 316 10
25 319 10
109 321 10
155 323 2
227 325 7
47 331 8
69 332 6
143 332 4
93 339 10
156 339 2
283 340 7
92 343 4
299 344 8
61 347 7
241 347 6
41 348 12
184 348 1
84 351 3
357 388 5
382 400 5
364 416 7
371 416 9
412 420 6
411 427 3
359 430 6
390 438 9
402 447 3
382 458 3
376 471 4
397 473 5
426 473 7
409 474 6
446 478 3
411 479 6
457 481 2
375 483 1
453 491 7
463 494 8
422 509 2
426 509 8
458 516 4
381 518 10
418 523 10
386 525 2
456 528 2
484 542 9
500 544 6
506 544 6
418 548 3
408 549 2
476 555 8
460 556 2
419 569 10
570 573 8
510 576 9
547 580 9
457 582 7
370 585 3
421 587 7
425 587 3
505 588 4
581 589 10
494 592 7
529 593 3
486 594 2
524 595 9
564 595 4
71 29 72 40 69 6 63 129 143 210 321 92 114 195 202 216 131 99 5 348 7 11 31 196 231 78 272 20 54 75 164 227 265 311 70 161 339 278 47 8 61 107 291 10 146 84 26 160 16 170 172 55 167 30 25 159 17 300 35 49 21 222 180 186 48 279 183 154 141 162 135 44 59 51 251 313 97 241 57 85 171 200 103 213 93 38 4 33 56 42 109 45 179 12 153 325 23 156 212 50 52 36 22 128 14 41 169 24 46 32 142 15 286 98 184 39 64 242 347 60 58 233 115 147 81 332 246 19 2
2 65 72
1 260 13
2 39 47
1 78 37
1 286 22
1 94 90
2 226 62