607 673 160 8 18
1 2 83
2 3 41
1 4 74
4 5 16
2 6 30
5 7 9
4 8 4
8 9 21
4 10 62
1 11 68
4 12 10
6 13 13
12 14 2
11 15 42
5 16 8
1 17 19
12 18 18
3 19 10
15 20 11
9 21 15
21 22 15
2 23 7
2 24 53
10 25 6
22 26 18
13 27 3
27 28 2
14 29 5
15 30 30
29 31 4
16 32 22
7 33 8
5 34 6
15 35 17
3 36 15
8 37 8
37 38 8
15 39 8
35 40 7
12 41 18
13 42 21
8 43 4
33 44 6
5 45 16
36 46 4
32 47 4
26 48 43
41 49 18
25 50 7
35 51 4
8 52 1
25 53 6
5 54 2
53 55 1
6 56 29
23 57 7
31 58 9
3 59 16
5 60 4
32 61 9
61 62 5
35 63 9
45 64 10
35 65 9
56 66 29
24 67 6
22 68 6
66 69 10
36 70 15
7 71 6
28 72 4
26 73 9
63 74 1
40 75 9
17 76 9
16 77 2
64 78 8
42 79 16
24 80 43
58 81 5
81 82 9
27 83 4
26 84 9
19 85 5
34 86 8
47 87 5
37 88 5
8 89 9
42 90 4
63 91 7
12 92 8
10 93 7
29 94 2
48 95 6
90 96 3
80 97 1
30 98 3
95 99 8
96 100 23
69 101 2
75 102 20
14 103 9
27 104 3
15 105 3
70 106 8
60 107 6
52 108 4
26 109 7
3 110 53
67 111 9
7 112 5
8 113 1
54 114 6
102 115 10
15 116 20
110 117 6
115 118 8
8 119 8
115 120 10
69 121 9
6 122 28
11 123 27
72 124 8
112 125 1
86 126 4
9 127 18
93 128 9
85 129 9
30 130 8
30 131 2
87 132 9
82 133 38
65 134 8
109 135 9
90 136 10
68 137 7
54 138 3
133 139 6
16 140 5
82 141 9
20 142 7
89 143 5
45 144 16
103 145 6
137 146 10
112 147 1
51 148 2
102 149 2
120 150 4
80 151 6
14 152 13
93 153 4
26 154 52
122 155 8
151 156 4
48 157 43
123 158 4
92 159 16
22 160 3
142 161 4
27 162 7
162 163 2
106 164 4
96 165 7
130 166 4
84 167 3
64 168 1
157 169 6
85 170 3
66 171 29
46 172 3
111 173 6
24 174 12
164 175 3
123 176 3
118 177 2
101 178 5
112 179 3
143 180 2
165 181 2
32 182 10
59 183 1
33 184 4
18 185 6
164 186 7
106 187 9
86 188 9
144 189 18
74 190 4
47 191 10
35 192 2
110 193 10
28 194 13
138 195 9
10 196 6
42 197 34
95 198 5
121 199 2
82 200 6
95 201 9
158 202 6
148 203 1
94 204 4
124 205 8
44 206 9
77 207 7
171 208 29
168 209 4
124 210 2
24 211 3
106 212 8
49 213 18
35 214 1
108 215 2
1 216 3
176 217 5
99 218 1
47 219 1
72 220 6
140 221 6
34 222 1
197 223 6
40 224 5
199 225 4
109 226 3
176 227 3
50 228 9
135 229 5
63 230 8
224 231 5
181 232 2
89 233 4
42 234 9
101 235 7
84 236 1
206 237 10
7 238 6
103 239 8
150 240 4
199 241 2
165 242 2
26 243 3
79 244 16
57 245 7
181 246 2
60 247 10
220 248 2
4 249 8
213 250 29
57 251 10
37 252 7
175 253 4
190 254 6
163 255 9
100 256 7
100 257 10
136 258 2
237 259 3
31 260 9
25 261 5
166 262 4
201 263 2
176 264 4
160 265 8
101 266 3
106 267 8
17 268 19
10 269 7
215 270 2
163 271 9
129 272 9
244 273 9
23 274 9
72 275 2
223 276 16
243 277 2
88 278 2
248 279 6
254 280 6
261 281 7
147 282 7
198 283 6
280 284 3
168 285 1
16 286 3
79 287 4
130 288 2
111 289 6
59 290 16
199 291 5
150 292 4
96 293 26
112 294 7
253 295 9
168 296 10
110 297 8
66 298 5
240 299 6
172 300 1
279 301 10
9 302 4
302 303 1
44 304 9
137 305 1
97 306 3
138 307 4
104 308 3
64 309 9
75 310 3
48 311 8
205 312 2
302 313 1
91 314 10
183 315 6
204 316 8
122 317 22
279 318 7
306 319 5
179 320 4
154 321 1
53 322 6
204 323 7
266 324 4
14 325 6
153 326 7
295 327 4
243 328 9
229 329 4
316 330 3
154 331 52
71 332 4
274 333 7
6 334 14
330 335 7
113 336 5
15 337 4
118 338 9
98 339 9
161 340 9
210 341 3
250 342 29
260 343 9
92 344 1
117 345 5
88 346 12
3 347 3
301 348 8
35 349 2
59 350 10
260 351 3
43 352 5
145 353 9
115 354 10
26 355 2
192 356 9
138 357 1
162 358 7
21 359 5
282 360 9
28 361 6
9 362 7
233 363 5
71 364 6
262 365 2
45 366 4
322 367 8
8 368 7
243 369 2
66 370 10
111 371 10
238 372 6
297 373 5
269 374 8
80 375 8
235 376 3
233 377 2
287 378 10
269 379 7
354 380 3
87 381 5
26 382 17
105 383 3
230 384 2
346 385 25
212 386 7
360 387 3
133 388 35
198 389 5
247 390 1
29 391 1
385 392 25
70 393 15
29 394 7
152 395 7
142 396 1
172 397 6
386 398 10
195 399 1
312 400 4
67 401 9
319 402 2
53 403 7
255 404 5
152 405 3
87 406 10
249 407 8
15 408 4
170 409 3
163 410 7
281 411 1
240 412 4
114 413 4
23 414 2
173 415 9
135 416 10
378 417 1
350 418 8
194 419 52
158 420 8
202 421 8
213 422 84
396 423 6
257 424 9
146 425 3
148 426 2
377 427 8
62 428 50
188 429 10
63 430 9
318 431 6
192 432 7
334 433 14
34 434 8
283 435 4
215 436 10
260 437 3
123 438 4
138 439 3
429 440 3
99 441 7
53 442 9
32 443 8
38 444 5
245 445 7
90 446 5
13 447 3
209 448 4
117 449 1
229 450 7
67 451 9
129 452 3
385 453 8
368 454 3
143 455 7
172 456 53
47 457 7
325 458 1
250 459 16
167 460 4
122 461 4
386 462 2
202 463 5
39 464 1
435 465 6
159 466 20
130 467 7
201 468 7
290 469 16
161 470 4
377 471 1
168 472 7
463 473 5
171 474 5
305 475 9
89 476 7
186 477 5
300 478 6
264 479 1
329 480 1
426 481 6
447 482 4
6 483 7
24 484 14
448 485 8
422 486 84
435 487 5
212 488 8
411 489 9
297 490 7
167 491 2
338 492 1
489 493 2
292 494 7
184 495 8
200 496 7
326 497 5
355 498 4
252 499 3
479 500 9
360 501 7
331 502 52
456 503 3
71 504 6
145 505 9
127 506 2
199 507 9
381 508 9
129 509 5
472 510 8
508 511 9
54 512 1
411 513 4
243 514 3
283 515 7
240 516 3
516 517 3
452 518 1
62 519 10
227 520 10
502 521 8
107 522 8
204 523 3
422 524 9
295 525 5
461 526 9
389 527 9
250 528 10
392 529 8
323 530 10
205 531 1
514 532 7
131 533 5
319 534 8
387 535 1
2 16 22
20 28 11
30 42 25
13 59 13
46 61 8
10 82 50
50 84 9
40 98 4
65 116 20
100 122 6
8 123 27
6 127 18
65 135 20
132 152 10
80 157 43
101 163 1
90 166 3
126 168 9
110 172 53
18 189 18
129 200 2
35 202 3
140 211 10
3 217 1
2 218 8
183 220 6
81 223 10
19 227 8
98 228 8
144 230 8
87 231 5
17 238 8
18 240 7
160 246 4
12 248 8
64 256 9
31 259 3
99 269 9
240 269 7
103 275 3
88 276 16
168 280 5
70 281 9
47 283 10
14 291 5
195 292 9
118 299 2
194 305 16
213 309 9
52 314 2
269 316 2
144 317 1
139 320 3
174 322 12
6 323 5
197 335 40
318 336 9
51 337 6
208 342 29
92 343 1
145 345 6
347 349 1
48 350 4
182 354 10
257 354 10
302 359 10
152 372 6
101 374 9
269 376 8
374 380 3
199 382 14
346 382 31
41 388 35
318 391 10
16 395 7
275 397 10
117 398 9
115 406 4
155 406 1
377 407 10
283 408 9
369 416 9
406 417 10
74 420 10
92 420 9
376 420 1
375 421 6
59 427 8
4 428 50
360 436 7
40 445 8
206 445 5
243 450 7
244 459 16
245 463 8
201 466 4
351 466 7
463 467 9
58 468 10
466 469 16
71 473 3
421 475 10
256 483 7
305 484 14
107 487 2
430 488 6
29 498 8
451 498 9
161 499 4
293 502 26
229 503 3
103 507 9
92 508 2
248 508 9
222 509 7
353 511 3
408 511 1
228 513 7
384 515 3
250 516 2
42 518 6
59 523 3
216 532 10
62 533 4
97 534 9
323 534 1
538 567 7
543 567 2
543 575 8
573 578 9
580 581 1
543 582 1
545 585 10
554 588 1
545 591 1
548 603 1
568 603 1
575 605 5
602 605 9
138 9 421 194 50 150 183 240 201 20 70 166 283 96 195 137 75 85 360 192 227 30 47 33 127 59 206 176 292 385 54 502 374 60 81 111 164 123 406 15 69 42 382 243 250 205 213 498 124 72 29 8 27 112 204 463 215 102 97 161 109 101 32 350 80 11 316 165 86 17 157 19 199 34 233 230 25 12 435 466 35 4 118 74 87 115 167 281 181 198 24 212 445 257 297 248 88 79 145 107 36 130 305 5 143 31 140 516 63 260 40 322 90 45 51 280 58 318 92 99 64 152 411 420 7 28 202 122 95 256 508 16 14 82 160 144 48 319 275 6 84 3 18 135 245 534 57 103 21 66 377 223 386 129 71 376 62 37 13 154
5 159 35
6 75 47
6 456 50
2 317 22
6 135 63
6 428 95
1 433 14
2 339 2
4 393 15
4 486 84
6 268 19
7 127 34
6 419 52
1 392 25
2 335 39
1 223 26
2 502 77
2 82 88