590 429 47 13 16
1 2 15
1 3 72
1 4 71
3 5 4
3 6 2
4 7 10
1 8 40
1 9 27
3 10 46
7 11 15
7 12 15
9 13 7
10 14 14
6 15 2
7 16 6
5 17 10
15 18 17
14 19 4
4 20 5
9 21 9
6 22 5
5 23 2
18 24 19
3 25 24
10 26 10
10 27 13
10 28 7
8 29 3
2 30 9
14 31 9
4 32 65
30 33 6
3 34 28
10 35 19
23 36 1
32 37 4
14 38 5
8 39 10
3 40 27
27 41 5
32 42 33
42 43 2
37 44 9
39 45 4
18 46 35
21 47 4
40 48 6
8 49 40
18 50 17
34 51 28
36 52 4
36 53 6
4 54 30
35 55 36
30 56 1
14 57 9
27 58 8
16 59 8
55 60 10
42 61 4
14 62 5
21 63 9
49 64 3
4 65 29
54 66 5
54 67 2
27 68 7
5 69 8
64 70 7
40 71 27
51 72 41
16 73 14
37 74 8
66 75 5
49 76 4
11 77 1
11 78 73
59 79 8
43 80 5
60 81 8
35 82 73
48 83 3
31 84 10
84 85 4
12 86 3
43 87 7
66 88 9
76 89 4
14 90 5
15 91 9
62 92 8
55 93 3
36 94 10
57 95 3
45 96 10
25 97 24
54 98 30
93 99 7
68 100 3
12 101 9
90 102 10
77 103 1
80 104 9
36 105 5
31 106 46
17 107 5
1 108 9
78 109 3
79 110 8
107 111 3
85 112 76
57 113 8
13 114 4
72 115 41
97 116 18
59 117 3
24 118 6
45 119 9
20 120 7
115 121 3
112 122 40
113 123 8
74 124 7
61 125 7
14 126 4
46 127 5
126 128 1
104 129 5
31 130 33
32 131 36
75 132 37
11 133 73
98 134 8
110 135 8
133 136 73
73 137 6
18 138 16
92 139 3
132 140 5
24 141 19
75 142 40
87 143 7
138 144 9
134 145 40
110 146 8
101 147 7
105 148 10
60 149 3
101 150 2
57 151 8
136 152 6
69 153 2
38 154 9
10 155 2
4 156 7
87 157 6
93 158 3
2 159 9
113 160 5
10 161 6
11 162 9
6 163 8
54 164 1
85 165 6
46 166 1
81 167 1
91 168 7
122 169 40
150 170 5
98 171 41
42 172 9
82 173 1
71 174 8
17 175 7
116 176 7
63 177 9
73 178 14
154 179 13
10 180 76
118 181 5
117 182 2
12 183 4
134 184 9
148 185 4
21 186 2
36 187 3
101 188 8
27 189 7
35 190 1
88 191 8
168 192 9
15 193 15
156 194 4
167 195 6
20 196 10
128 197 5
107 198 9
3 199 3
19 200 3
151 201 5
48 202 6
83 203 3
98 204 5
177 205 9
186 206 9
34 207 2
1 208 8
82 209 11
194 210 4
165 211 6
61 212 4
148 213 5
156 214 2
168 215 8
143 216 7
106 217 14
42 218 5
48 219 7
13 220 2
162 221 5
14 222 2
70 223 2
12 224 15
107 225 2
207 226 1
121 227 2
13 228 5
116 229 18
195 230 4
16 231 10
16 232 2
200 233 3
95 234 10
221 235 9
134 236 47
137 237 6
10 238 9
20 239 5
158 240 5
136 241 73
77 242 1
64 243 2
163 244 3
77 245 8
66 246 8
33 247 2
160 248 3
114 249 8
232 250 8
234 251 2
3 252 6
157 253 7
143 254 9
26 255 6
138 256 4
130 257 33
35 258 1
91 259 10
18 260 45
64 261 8
75 262 40
115 263 7
143 264 8
80 265 10
261 266 5
215 267 1
142 268 40
179 269 13
150 270 4
252 271 6
29 272 9
239 273 10
73 274 3
244 275 3
205 276 10
43 277 1
79 278 7
59 279 5
96 280 2
193 281 10
240 282 10
143 283 7
72 284 27
258 285 9
15 286 22
182 287 1
239 288 3
13 289 10
97 290 18
38 291 8
29 32 7
41 49 5
58 88 6
22 95 3
11 102 50
43 104 6
102 106 45
55 131 36
124 132 3
17 139 9
138 146 8
128 148 3
2 154 13
98 167 9
145 169 40
151 174 6
132 178 14
141 180 10
177 180 75
95 183 1
22 184 2
67 184 9
95 186 1
181 192 6
156 193 10
22 196 9
69 198 1
141 201 2
192 202 9
58 208 9
177 209 11
162 214 1
44 215 1
202 215 4
216 217 14
205 221 2
2 224 15
17 225 4
183 226 8
9 229 18
203 229 3
118 234 9
3 235 7
50 236 17
177 236 76
111 243 3
109 246 3
236 247 1
141 253 4
42 257 33
200 262 40
120 263 7
254 266 1
49 268 40
51 269 13
65 270 29
216 270 14
156 271 6
161 272 3
21 273 4
6 280 10
29 281 8
72 281 7
246 282 7
71 284 27
277 285 2
171 286 41
177 290 18
223 291 2
292 303 8
303 321 6
323 324 5
293 329 4
329 336 1
314 339 8
294 344 2
313 353 5
298 361 2
359 368 8
341 370 5
305 373 8
319 380 2
381 384 6
357 395 8
361 395 5
372 395 10
356 408 10
387 412 7
409 422 5
298 428 8
296 439 3
446 449 4
307 454 7
300 458 7
443 462 2
380 466 2
377 468 8
459 470 7
338 472 2
392 484 5
327 485 8
386 486 1
449 487 3
348 507 8
411 509 10
489 511 5
468 512 1
401 514 5
423 516 10
351 518 9
485 523 7
330 527 2
309 528 2
390 531 2
300 536 8
350 539 3
385 539 5
481 545 8
534 545 9
474 546 10
486 546 2
350 555 5
491 558 7
331 559 6
435 560 4
326 562 5
474 562 7
502 563 2
408 564 10
529 564 3
529 565 5
301 566 1
491 567 1
292 573 2
464 580 3
478 581 1
442 584 3
461 584 10
454 587 9
270 168 10 118 113 9 85 2 205 156 18 87 184 20 138 151 27 167 132 54 22 186 236 75 35 58 106 38 177 239 200 71 32 162 141 107 95 45 57 60 13 8 21 37 148 64 98
10 262 79
7 46 35
8 78 66
7 112 83
6 286 63
6 108 3
9 260 45
1 97 60
10 154 9
12 78 76
7 241 73
12 31 87
9 51 56
11 115 34
2 15 45
6 82 84