603 726 46 8 13
1 2 7
1 3 33
3 4 4
2 5 10
1 6 4
2 7 4
7 8 10
7 9 48
9 10 48
10 11 51
7 12 48
5 13 1
12 14 43
5 15 3
8 16 1
8 17 6
2 18 7
1 19 95
16 20 2
15 21 4
13 22 9
8 23 7
5 24 10
11 25 7
21 26 5
9 27 8
25 28 30
27 29 8
5 30 3
10 31 96
5 32 8
17 33 14
14 34 43
29 35 8
7 36 81
14 37 4
16 38 9
25 39 9
29 40 8
26 41 8
3 42 18
15 43 5
25 44 1
37 45 3
25 46 30
15 47 7
28 48 3
44 49 3
45 50 5
14 51 5
15 52 4
22 53 10
27 54 2
19 55 10
21 56 10
9 57 9
18 58 3
46 59 30
5 60 2
5 61 10
47 62 2
54 63 5
51 64 6
48 65 2
7 66 4
13 67 8
18 68 8
54 69 4
56 70 9
35 71 8
49 72 4
72 73 9
17 74 10
41 75 58
9 76 5
29 77 6
19 78 10
52 79 6
11 80 7
5 81 5
69 82 6
80 83 25
28 84 8
67 85 8
57 86 1
43 87 10
55 88 3
57 89 6
44 90 5
69 91 4
48 92 7
26 93 9
42 94 18
81 95 8
83 96 4
53 97 5
33 98 9
59 99 9
53 100 6
29 101 1
83 102 5
18 103 9
5 104 2
44 105 2
26 106 10
39 107 2
1 108 3
35 109 23
103 110 9
19 111 45
10 112 33
65 113 10
92 114 9
45 115 4
32 116 3
19 117 9
98 118 5
72 119 8
12 120 5
8 121 3
20 122 3
23 123 6
72 124 8
64 125 11
67 126 5
69 127 6
84 128 10
45 129 1
50 130 6
110 131 5
21 132 7
112 133 24
19 134 5
119 135 9
36 136 6
10 137 5
105 138 9
48 139 9
93 140 5
131 141 12
56 142 11
50 143 10
60 144 6
11 145 10
65 146 6
109 147 23
81 148 5
130 149 7
39 150 8
105 151 2
114 152 5
30 153 6
111 154 7
15 155 10
82 156 8
18 157 5
146 158 10
125 159 45
142 160 27
50 161 8
90 162 3
98 163 12
79 164 2
85 165 10
57 166 9
132 167 5
162 168 1
71 169 5
137 170 3
121 171 3
41 172 58
52 173 5
5 174 5
156 175 2
158 176 1
51 177 7
36 178 18
175 179 6
41 180 2
51 181 2
110 182 40
176 183 9
89 184 10
146 185 6
121 186 4
134 187 10
100 188 9
164 189 5
29 190 7
129 191 5
60 192 8
110 193 45
192 194 10
175 195 8
32 196 5
189 197 1
163 198 6
33 199 3
161 200 2
193 201 10
59 202 5
165 203 4
156 204 1
3 205 16
122 206 10
64 207 6
109 208 2
83 209 10
28 210 8
103 211 6
11 212 9
144 213 9
12 214 3
166 215 9
95 216 14
108 217 5
24 218 6
10 219 7
93 220 7
216 221 6
177 222 4
75 223 7
122 224 9
153 225 4
80 226 10
129 227 10
70 228 5
36 229 5
92 230 1
169 231 2
100 232 9
19 233 50
182 234 40
37 235 4
182 236 5
118 237 7
53 238 2
75 239 58
68 240 4
35 241 23
219 242 6
34 243 43
25 244 6
179 245 8
107 246 8
145 247 10
1 248 99
177 249 6
49 250 3
202 251 1
47 252 2
91 253 7
52 254 7
203 255 4
172 256 6
27 257 8
220 258 2
146 259 2
5 260 10
141 261 9
228 262 3
53 263 5
219 264 9
126 265 7
132 266 1
211 267 2
131 268 6
223 269 9
222 270 3
267 271 2
67 272 31
233 273 38
178 274 3
118 275 10
239 276 10
126 277 8
238 278 6
234 279 7
256 280 2
201 281 6
200 282 10
123 283 4
111 284 45
7 285 8
52 286 5
30 287 10
201 288 7
140 289 4
35 290 7
160 291 8
210 292 8
153 293 5
223 294 10
86 295 4
205 296 3
287 297 8
118 298 8
234 299 17
178 300 10
144 301 1
56 302 7
17 303 10
114 304 10
180 305 8
125 306 34
178 307 6
303 308 8
102 309 6
150 310 8
160 311 28
173 312 2
234 313 77
218 314 6
294 315 9
227 316 3
260 317 2
103 318 10
96 319 5
239 320 1
227 321 7
202 322 58
183 323 12
220 324 1
74 325 8
31 326 76
213 327 10
30 328 6
166 329 7
300 330 4
113 331 7
298 332 9
314 333 6
237 334 8
299 335 17
204 336 1
85 337 5
61 338 4
142 339 2
151 340 9
80 341 2
58 342 3
41 343 1
44 344 5
322 345 58
135 346 9
37 347 10
250 348 3
259 349 10
100 350 5
248 351 99
180 352 7
352 353 3
336 354 2
272 355 9
227 356 10
85 357 10
65 358 30
243 359 7
108 360 2
83 361 72
5 362 5
51 363 3
224 364 5
355 365 6
22 366 10
257 367 5
346 368 6
166 369 4
95 370 10
59 371 38
308 372 6
241 373 7
199 374 3
272 375 41
291 376 9
41 377 10
294 378 9
204 379 4
59 380 4
139 381 5
206 382 1
215 383 8
193 384 9
8 385 6
298 386 5
192 387 2
248 388 58
48 389 1
17 390 9
205 391 10
66 392 9
359 393 1
279 394 10
38 395 8
187 396 8
179 397 3
161 398 6
28 399 8
148 400 6
331 401 2
171 402 8
243 403 43
292 404 2
384 405 5
127 406 5
302 407 6
293 408 10
369 409 1
344 410 9
306 411 6
288 412 6
83 413 100
141 414 12
151 415 2
354 416 1
386 417 6
308 418 4
212 419 9
244 420 4
388 421 58
17 422 3
109 423 7
317 424 9
24 425 7
88 426 8
138 427 1
378 428 10
111 429 3
242 430 8
156 431 5
250 432 8
38 433 9
386 434 5
271 435 10
225 436 4
425 437 1
64 438 1
252 439 1
303 440 3
377 441 2
222 442 8
189 443 8
435 444 6
281 445 8
165 446 8
253 447 6
340 448 6
141 449 2
150 450 2
44 451 5
449 452 6
376 453 2
311 454 28
83 455 10
124 456 9
181 457 10
83 458 1
152 459 10
260 460 7
22 461 9
1 462 9
142 463 3
289 464 5
110 465 7
177 466 5
247 467 4
260 468 10
25 469 5
295 470 8
127 471 9
222 472 8
215 473 8
73 474 10
89 475 5
385 476 10
213 477 8
386 478 8
55 479 10
401 480 10
126 481 2
213 482 10
233 483 4
90 484 10
482 485 3
228 486 2
202 487 53
267 488 5
189 489 2
159 490 57
214 491 2
457 492 6
345 493 7
348 494 9
34 495 10
223 496 1
352 497 1
461 498 7
371 499 2
30 500 1
188 501 10
447 502 2
118 503 8
206 504 4
55 505 3
310 506 10
100 507 8
75 508 2
470 509 1
486 510 4
341 511 9
449 512 4
65 513 12
378 514 4
147 515 23
494 516 2
400 517 3
393 518 2
49 519 2
240 520 9
209 521 10
437 522 1
380 523 8
282 524 9
504 525 4
484 526 3
522 527 4
355 528 8
516 529 8
194 530 4
264 531 7
190 532 3
76 533 8
7 534 5
39 535 4
267 536 3
239 537 58
113 538 4
157 539 5
335 540 8
111 541 1
90 542 9
383 543 8
28 544 30
408 545 10
509 546 5
223 547 7
385 548 1
281 549 4
413 550 6
133 551 24
543 552 6
328 553 4
548 554 10
101 555 9
369 556 1
69 557 1
548 558 2
279 559 6
316 560 3
274 561 9
424 562 7
490 563 5
95 564 2
13 565 10
320 566 6
231 567 4
113 568 6
554 569 5
464 570 5
535 571 6
405 572 6
449 573 5
1 36 98
8 78 1
25 80 22
59 81 10
54 88 9
65 89 8
26 92 10
73 98 4
56 103 5
47 113 5
84 122 5
104 122 7
18 135 9
137 142 14
112 144 33
21 145 8
140 177 9
103 191 6
52 192 6
13 193 44
192 201 4
82 203 4
104 203 1
185 204 1
193 209 3
171 214 8
69 220 7
172 226 9
216 234 14
67 241 23
86 246 9
207 249 9
247 258 4
135 260 1
84 262 6
247 262 2
73 263 6
226 263 4
254 273 6
119 281 8
123 282 9
104 283 4
65 284 15
49 286 4
137 286 14
227 286 10
45 287 9
187 288 2
47 295 9
129 300 15
144 305 20
214 305 8
269 306 4
72 308 8
106 318 5
159 323 12
88 331 3
131 335 17
279 339 9
320 344 9
224 345 1
116 350 5
345 351 58
176 355 9
63 357 3
306 358 30
319 361 8
326 361 76
206 363 8
320 366 10
116 367 2
7 371 38
351 375 41
11 377 2
253 379 2
285 380 8
252 382 9
45 383 3
8 395 10
117 395 1
263 397 5
13 403 43
184 403 3
150 408 7
163 410 23
186 410 4
211 414 5
23 417 10
168 417 10
384 420 3
208 424 8
151 429 9
30 431 3
363 432 7
82 433 6
366 433 7
272 434 7
81 436 8
397 436 5
383 440 3
120 441 3
116 444 10
157 444 5
153 445 9
183 448 3
280 451 3
67 453 1
178 456 8
397 459 10
99 467 4
400 467 5
88 471 2
363 474 7
20 475 3
370 479 10
144 487 53
127 489 4
396 489 1
37 493 9
273 506 8
62 513 1
233 513 12
410 515 23
22 516 4
427 519 2
371 520 5
170 521 3
490 524 9
191 527 1
220 527 9
177 531 10
333 531 1
265 532 4
305 535 4
421 537 58
296 538 7
94 544 18
157 544 8
414 544 18
172 551 24
205 555 1
554 555 2
74 559 6
531 560 3
22 563 6
446 570 4
518 571 9
167 573 4
273 573 30
588 590 5
577 597 1
586 597 4
581 601 3
595 603 1
33 272 250 417 294 355 555 59 554 352 203 11 54 403 253 305 12 189 219 27 414 193 52 57 288 535 300 467 3 163 395 116 201 205 8 146 41 17 573 397 176 320 383 39 98 9
7 112 26
4 454 28
2 172 82
7 313 77
3 172 78
8 490 66
6 284 60
2 205 30
3 446 8
7 573 58
5 413 100
7 163 81
2 59 93