609 500 113 8 19
1 2 95
2 3 10
2 4 10
1 5 92
5 6 89
2 7 52
2 8 10
1 9 10
9 10 8
1 11 9
1 12 64
6 13 44
4 14 8
12 15 27
8 16 10
13 17 52
8 18 3
10 19 10
6 20 10
4 21 6
7 22 11
15 23 27
23 24 9
20 25 21
2 26 87
12 27 15
20 28 9
18 29 8
15 30 15
3 31 5
26 32 9
18 33 10
12 34 29
27 35 6
21 36 6
36 37 8
2 38 11
31 39 4
22 40 8
14 41 9
19 42 6
5 43 10
2 44 51
37 45 22
28 46 1
23 47 9
17 48 60
40 49 8
38 50 2
15 51 1
45 52 9
38 53 15
17 54 10
9 55 3
50 56 5
38 57 5
40 58 4
12 59 6
21 60 3
25 61 3
44 62 51
6 63 6
20 64 3
47 65 56
41 66 7
52 67 10
44 68 6
39 69 2
15 70 5
61 71 1
26 72 87
61 73 1
27 74 8
38 75 8
53 76 45
58 77 14
33 78 5
72 79 87
49 80 2
48 81 31
52 82 7
22 83 10
81 84 10
83 85 10
70 86 9
74 87 4
43 88 8
55 89 7
85 90 10
25 91 8
36 92 7
76 93 45
1 94 2
49 95 4
37 96 14
64 97 9
25 98 11
77 99 15
41 100 2
85 101 8
7 102 3
7 103 40
81 104 28
60 105 5
24 106 4
48 107 6
67 108 5
96 109 14
84 110 2
19 111 4
69 112 5
24 113 9
99 114 19
112 115 10
62 116 51
91 117 7
116 118 51
34 119 10
86 120 2
51 121 5
64 122 8
30 123 10
90 124 7
121 125 5
2 126 9
101 127 3
113 128 5
40 129 5
27 130 7
34 131 4
95 132 7
31 133 10
98 134 10
17 135 4
43 136 6
79 137 8
108 138 3
56 139 27
16 140 9
94 141 10
114 142 8
27 143 7
143 144 4
106 145 5
41 146 3
42 147 25
121 148 2
122 149 10
63 150 6
139 151 27
58 152 2
40 153 3
29 154 8
92 155 1
26 156 3
112 157 1
7 158 2
154 159 8
100 160 1
32 161 9
135 162 9
103 163 21
150 164 8
74 165 5
86 166 6
99 167 7
162 168 7
148 169 7
39 170 2
27 171 14
14 172 5
83 173 8
87 174 4
118 175 8
39 176 7
21 177 5
11 178 7
93 179 5
100 180 10
163 181 6
158 182 1
145 183 5
72 184 6
184 185 2
80 186 3
131 187 10
3 188 16
148 189 1
54 190 5
79 191 93
51 192 3
187 193 10
134 194 3
168 195 7
2 196 21
34 197 41
90 198 10
34 199 10
148 200 5
148 201 16
183 202 1
89 203 2
19 204 3
108 205 6
164 206 5
128 207 9
178 208 4
186 209 8
74 210 10
72 211 8
29 212 9
143 213 10
200 214 2
145 215 8
42 216 4
207 217 1
93 218 94
171 219 10
137 220 8
36 221 8
124 222 9
47 223 19
198 224 1
50 225 9
143 226 5
118 227 90
93 228 5
119 229 8
87 230 4
145 231 7
56 232 12
123 233 10
99 234 2
187 235 4
121 236 10
22 237 4
6 238 6
234 239 8
151 240 52
216 241 3
108 242 2
147 243 50
94 244 2
53 245 7
215 246 5
239 247 8
221 248 1
11 249 1
240 250 10
117 251 7
170 252 9
101 253 3
179 254 5
71 255 4
171 256 7
192 257 9
141 258 7
67 259 9
167 260 9
160 261 6
233 262 7
202 263 10
90 264 7
233 265 3
38 266 4
151 267 6
153 268 3
163 269 49
197 270 6
69 271 1
118 272 5
253 273 4
4 274 6
77 275 15
15 276 8
152 277 9
200 278 9
236 279 10
179 280 1
207 281 4
64 282 11
262 283 6
263 284 1
235 285 4
37 286 10
206 287 5
242 288 7
121 289 9
197 290 59
221 291 6
99 292 9
289 293 4
283 294 3
278 295 5
23 296 27
207 297 7
104 298 7
30 299 9
235 300 2
232 301 12
208 302 9
170 303 6
220 304 8
200 305 9
98 306 11
247 307 2
27 308 8
303 309 1
162 310 10
51 311 5
44 312 7
56 313 14
229 314 8
246 315 10
240 316 5
295 317 10
11 318 4
58 319 10
12 320 9
215 321 2
186 322 2
14 323 1
171 324 6
40 325 1
182 326 2
314 327 2
270 328 9
56 329 4
252 330 10
264 331 2
207 332 5
307 333 18
99 334 8
4 335 7
99 336 7
147 337 5
144 338 7
317 339 1
302 340 2
282 341 3
271 342 10
244 343 5
271 344 8
155 345 10
3 346 1
216 347 4
94 348 6
150 349 8
10 14 10
13 30 7
45 48 29
7 53 52
17 57 1
10 67 9
14 91 2
29 92 2
4 112 7
57 113 5
10 117 5
17 129 1
35 137 6
121 140 2
124 143 7
12 147 26
3 157 3
143 158 7
51 159 5
28 163 8
105 174 3
84 175 6
149 175 6
169 180 7
161 185 5
95 189 7
10 192 3
125 196 5
197 201 16
12 207 27
106 207 4
196 207 16
3 216 3
81 218 50
83 219 10
103 223 19
78 228 5
61 230 7
64 235 7
97 236 7
87 239 7
159 240 3
95 241 6
158 241 1
210 241 1
195 242 4
175 246 10
131 252 9
110 253 10
88 254 7
17 264 9
14 266 10
64 266 14
227 267 6
30 275 15
185 278 3
143 279 9
113 291 6
43 294 5
4 296 9
188 296 69
180 297 7
28 299 5
111 299 10
291 300 8
98 301 11
112 301 1
241 301 7
282 306 11
29 307 18
269 308 8
301 311 5
109 313 14
4 314 8
265 315 5
254 317 7
9 319 10
206 320 4
221 321 5
153 325 7
172 327 1
251 331 7
70 332 3
114 333 56
131 336 7
287 340 3
203 343 6
386 410 1
407 430 5
378 439 10
355 449 6
398 452 8
406 454 3
424 457 1
352 458 10
414 459 4
431 459 8
415 467 9
374 468 2
431 468 6
455 474 6
429 480 5
374 481 1
467 484 6
478 488 9
417 489 3
476 497 4
493 501 7
356 502 6
414 506 4
416 510 7
436 510 7
364 516 2
426 517 8
496 522 4
500 523 6
518 524 2
361 528 7
402 528 4
465 529 7
520 544 1
385 546 1
483 546 10
483 548 4
538 548 4
370 556 3
538 556 7
504 560 6
537 562 4
384 564 7
395 565 2
419 565 9
412 566 6
497 567 9
456 568 5
430 570 3
413 577 1
539 577 7
371 578 9
427 580 9
354 582 2
513 590 4
350 594 2
510 594 3
468 595 7
561 595 2
391 597 9
590 597 8
351 600 10
463 601 6
447 604 6
514 609 7
47 50 91 143 196 25 72 118 45 84 145 74 221 235 114 185 17 10 56 40 246 42 239 216 180 153 137 117 151 57 163 39 30 197 252 296 150 41 95 27 159 175 18 79 99 282 21 266 236 278 170 26 36 13 108 112 93 34 4 8 22 61 242 131 158 94 100 240 98 264 85 14 29 171 86 233 19 7 254 53 70 206 69 31 192 162 101 67 187 186 28 48 81 124 11 77 307 9 12 121 83 271 92 38 215 299 148 49 20 87 253 23 52
4 126 9
5 191 93
8 36 32
3 218 95
2 116 59
7 333 74
6 290 59
5 296 9
4 269 57
7 104 28
7 243 50
1 306 13
5 240 55
7 81 64
8 256 4
5 188 85
3 6 42
7 227 92
4 65 56