597 398 20 7 21
1 2 83
1 3 81
2 4 8
1 5 82
5 6 82
2 7 77
7 8 20
1 9 74
4 10 8
6 11 10
5 12 44
6 13 7
1 14 5
10 15 1
2 16 5
10 17 60
5 18 4
12 19 7
15 20 42
7 21 71
1 22 83
6 23 10
17 24 1
17 25 77
22 26 72
6 27 8
26 28 7
10 29 9
24 30 10
5 31 8
11 32 9
17 33 8
31 34 5
18 35 8
3 36 6
32 37 4
35 38 10
26 39 40
37 40 7
13 41 7
7 42 58
14 43 39
3 44 39
12 45 7
29 46 6
20 47 6
29 48 6
15 49 8
38 50 3
45 51 6
31 52 8
32 53 2
48 54 52
6 55 84
31 56 5
43 57 10
2 58 54
6 59 4
26 60 71
9 61 34
49 62 2
42 63 9
10 64 65
57 65 7
6 66 13
42 67 67
49 68 1
36 69 10
64 70 65
55 71 2
37 72 4
22 73 3
15 74 4
28 75 9
13 76 4
23 77 2
3 78 9
66 79 25
9 80 40
17 81 11
2 82 10
55 83 5
35 84 10
34 85 8
85 86 4
50 87 3
20 88 3
76 89 5
48 90 5
75 91 5
66 92 12
17 93 7
34 94 7
39 95 4
19 96 7
54 97 8
5 98 1
78 99 1
45 100 5
85 101 2
91 102 1
48 103 10
30 104 1
21 105 10
60 106 31
25 107 9
83 108 6
82 109 3
59 110 9
64 111 37
45 112 12
67 113 67
1 114 35
23 115 4
30 116 10
109 117 3
17 118 9
75 119 1
19 120 6
92 121 10
8 122 4
76 123 9
114 124 3
3 125 77
39 126 42
126 127 42
92 128 2
7 129 6
108 130 7
14 131 53
54 132 9
15 133 41
123 134 5
64 135 7
83 136 5
66 137 6
126 138 3
54 139 6
43 140 10
56 141 5
17 142 4
136 143 5
128 144 2
100 145 7
139 146 3
50 147 3
46 148 2
33 149 4
111 150 37
81 151 44
68 152 22
73 153 3
107 154 3
118 155 2
112 156 9
95 157 6
125 158 77
107 159 6
84 160 9
55 161 85
80 162 26
79 163 9
154 164 6
69 165 2
68 166 16
136 167 6
137 168 4
9 169 6
165 170 9
124 171 7
147 172 6
23 173 10
55 174 26
83 175 1
175 176 2
35 177 8
52 178 5
70 179 7
20 180 36
6 181 20
57 182 4
172 183 1
64 184 8
1 185 7
69 186 3
77 187 2
95 188 8
61 189 8
150 190 2
109 191 6
29 192 3
29 193 9
139 194 9
48 195 20
88 196 7
170 197 3
40 198 5
150 199 37
199 200 37
12 201 7
158 202 7
198 203 5
189 204 8
88 205 8
63 206 9
53 207 3
112 208 10
22 209 9
200 210 4
119 211 4
208 212 17
15 213 5
127 214 42
23 215 9
134 216 5
80 217 26
122 218 1
141 219 4
68 220 6
66 221 7
34 222 9
213 223 4
36 224 3
25 225 77
109 226 2
8 227 19
24 228 2
47 229 3
72 230 8
44 231 8
79 232 34
196 233 6
117 234 45
60 235 7
79 236 7
225 237 77
230 238 2
177 239 2
160 240 1
137 241 4
70 242 6
147 243 1
55 244 72
123 245 40
239 246 9
150 247 9
180 248 36
26 27 6
21 29 6
24 69 9
27 69 8
60 70 74
20 76 6
52 81 26
3 92 84
59 100 9
101 105 2
43 114 34
64 116 11
79 116 12
3 121 3
40 121 7
54 122 26
119 132 8
81 133 41
9 140 4
69 141 7
83 143 7
12 151 44
122 162 26
45 166 16
61 174 26
149 176 8
112 177 8
143 190 6
105 193 3
139 193 10
93 195 10
181 195 20
186 195 3
4 198 3
135 202 6
2 204 8
176 205 9
14 206 9
17 208 10
58 211 6
131 212 17
84 215 4
77 216 7
95 216 3
52 217 26
114 218 1
140 218 4
119 220 7
136 220 1
43 227 24
230 231 7
22 232 34
7 234 40
227 234 5
13 235 8
152 237 22
198 238 8
191 239 7
197 239 2
220 240 1
28 242 1
143 242 6
80 245 40
207 247 10
278 289 8
253 297 5
250 300 8
251 320 4
266 322 4
306 340 8
296 344 5
277 346 8
307 346 8
287 370 5
295 372 5
368 372 9
316 385 6
320 387 4
293 388 8
306 391 2
315 393 2
328 401 10
269 409 9
279 411 9
253 412 9
286 412 1
396 412 6
343 414 10
354 420 5
321 422 3
323 424 3
291 429 7
273 430 2
392 433 9
335 440 2
295 441 6
350 446 1
253 449 10
415 452 2
422 457 5
275 458 4
249 460 1
454 465 8
330 466 1
460 466 6
462 469 8
288 472 2
396 479 4
397 485 3
315 486 1
266 489 9
289 493 2
411 494 9
451 501 3
311 506 5
343 507 1
440 507 2
258 512 4
458 513 10
324 517 6
358 517 6
454 517 4
473 517 5
410 518 10
285 519 4
432 520 3
351 521 10
509 521 2
332 526 8
345 526 5
455 526 9
478 531 4
443 535 2
268 537 1
530 537 2
495 538 6
320 543 1
296 546 5
492 546 8
416 549 9
437 552 3
425 556 4
275 558 5
543 559 8
403 566 8
518 573 4
514 576 9
265 577 1
539 589 8
473 594 6
412 597 8
76 119 26 116 17 8 55 239 176 234 70 92 27 43 177 75 198 54 40 81
2 200 37
2 113 67
2 158 83
2 244 72
6 9 68
2 106 31
7 237 99
2 22 45
3 117 48
3 44 39
2 248 36
2 161 85
6 130 6
1 21 77
1 58 54
2 3 67
2 70 95
6 48 71
2 214 42
7 131 53
2 123 48