607 148 3 14 18
1 2 33
1 3 73
1 4 75
3 5 26
4 6 74
2 7 34
3 8 49
4 9 79
3 10 27
2 11 10
3 12 49
10 11 1
14 16 9
81 99 4
46 135 8
29 143 10
17 147 8
129 150 1
49 151 2
37 155 2
82 159 10
96 166 3
106 170 10
76 182 7
101 185 8
23 192 3
59 192 2
116 196 6
33 198 1
32 205 4
171 205 8
60 216 4
153 232 2
115 235 2
59 238 4
93 239 6
59 243 10
69 247 6
149 261 9
197 270 6
248 272 7
21 275 4
74 277 1
167 279 8
213 284 7
265 291 3
63 304 10
306 307 1
119 308 6
187 320 5
152 322 9
103 324 5
143 324 9
238 324 2
292 326 4
169 333 9
146 334 4
275 335 3
192 342 9
25 346 3
263 348 3
299 348 8
205 360 4
39 361 5
77 373 9
325 374 6
168 381 1
140 385 3
14 390 4
396 398 7
341 399 5
352 399 9
226 401 3
307 412 4
378 413 8
33 414 10
334 417 2
86 419 7
52 430 6
202 435 8
142 438 6
45 446 1
201 446 1
51 448 9
67 451 8
425 451 1
449 454 10
268 455 7
126 458 10
457 461 5
211 464 7
336 466 6
134 475 1
430 477 8
147 479 9
317 479 9
415 481 8
62 482 8
338 482 2
162 485 4
203 488 2
341 488 7
350 488 2
398 490 3
98 492 6
351 492 5
303 497 10
90 500 5
98 503 7
137 504 5
287 514 1
220 518 1
24 521 8
467 528 1
500 529 3
432 534 10
85 538 10
507 540 10
101 544 10
254 548 3
274 548 8
411 548 3
294 553 10
548 553 3
487 557 1
85 559 8
238 559 1
47 560 8
204 569 4
403 570 8
426 571 6
526 572 5
246 573 4
276 574 10
22 575 4
361 578 9
268 579 8
421 583 9
95 585 2
534 585 7
129 594 9
435 594 3
131 597 7
588 597 3
23 600 6
187 603 10
77 606 4
143 607 3
4 2 3
11 8 31
13 5 26
10 11 9
10 8 49
2 9 7
11 3 58
14 7 34
3 9 79
4 6 69
4 4 9
1 8 49
6 2 1
3 8 23
14 10 26
8 6 38
2 6 74
7 3 98
13 12 49