596 357 16 8 13
1 2 75
1 3 10
2 4 75
2 5 72
1 6 38
4 7 20
1 8 34
7 9 5
8 10 9
1 11 37
7 12 1
4 13 74
6 14 5
11 15 5
7 16 3
16 17 7
4 18 67
17 19 10
7 20 6
17 21 7
10 22 4
9 23 3
17 24 6
21 25 7
7 26 20
21 27 10
27 28 9
17 29 10
15 30 1
14 31 5
9 32 3
5 33 19
6 34 38
34 35 40
10 36 7
4 37 10
33 38 19
25 39 2
5 40 53
40 41 2
27 42 5
11 43 37
40 44 6
43 45 1
9 46 6
2 47 31
42 48 1
25 49 7
32 50 9
38 51 8
27 52 4
28 53 1
42 54 6
8 55 34
41 56 9
18 57 38
1 58 8
33 59 4
1 60 10
33 61 6
13 62 5
28 63 5
44 64 9
59 65 3
17 66 6
61 67 9
34 68 2
39 69 7
59 70 7
7 71 5
8 72 7
40 73 47
36 74 7
53 75 2
74 76 7
74 77 6
30 78 1
21 79 5
23 80 7
39 81 8
47 82 9
57 83 38
62 84 5
25 85 1
43 86 75
64 87 4
45 88 10
49 89 9
11 90 1
46 91 3
66 92 4
47 93 31
85 94 3
58 95 8
68 96 6
20 97 8
64 98 3
75 99 10
1 100 3
76 101 6
68 102 7
72 103 2
18 104 1
79 105 8
3 106 8
51 107 10
92 108 4
15 109 5
75 110 8
25 111 8
47 112 7
82 113 7
110 114 7
18 115 67
35 116 9
25 117 7
42 118 10
1 119 68
94 120 2
113 121 3
61 122 2
19 123 3
44 124 8
83 125 38
49 126 8
36 127 7
13 128 9
86 129 75
95 130 2
7 131 4
93 132 2
72 133 3
128 134 2
60 135 7
19 136 7
118 137 2
109 138 4
102 139 5
76 140 9
138 141 7
38 142 2
59 143 3
80 144 7
126 145 10
91 146 7
96 147 3
32 148 8
65 149 8
36 150 3
70 151 1
59 152 3
115 153 67
59 154 7
151 155 68
153 156 7
22 157 8
25 158 1
48 159 9
133 160 5
111 161 4
125 162 8
90 163 9
55 164 9
74 165 9
21 166 3
46 167 5
78 168 8
5 169 3
96 170 7
66 171 4
81 172 1
28 173 9
165 174 9
47 175 4
148 176 2
54 177 4
84 178 8
18 179 1
101 180 8
150 181 3
25 182 3
59 183 10
129 184 3
155 185 68
50 186 1
151 187 3
141 188 8
112 189 6
8 190 5
1 191 2
137 192 4
94 193 1
144 194 2
66 195 9
110 196 3
144 197 4
119 198 10
113 199 8
18 200 2
95 201 10
195 202 2
44 203 3
154 204 9
161 205 7
75 206 1
16 38 8
21 45 5
16 66 9
3 69 9
5 76 6
31 77 2
11 78 10
16 89 1
24 91 10
89 101 9
8 102 10
63 108 9
90 109 8
27 112 9
72 116 3
8 120 5
43 126 6
9 128 5
73 128 9
12 135 10
89 135 9
11 140 9
76 141 7
97 143 10
15 145 5
40 146 7
102 149 9
118 150 4
119 151 68
52 152 7
122 152 7
60 157 5
89 157 2
31 159 3
79 171 4
36 175 5
89 175 8
113 175 9
88 178 10
152 183 9
125 185 6
73 192 8
43 193 10
126 193 8
125 196 1
19 199 9
60 201 2
5 202 8
87 202 1
199 202 8
120 204 6
231 233 2
244 253 6
217 261 1
240 272 9
272 276 3
220 293 4
255 294 2
273 295 9
282 303 10
219 314 6
332 340 10
249 345 4
308 345 5
312 358 2
337 364 6
277 379 1
317 382 8
379 383 6
260 390 5
309 390 10
375 391 1
347 398 5
340 401 6
216 405 7
313 407 3
270 415 3
354 429 9
359 440 3
302 441 6
261 444 5
267 444 4
410 447 8
218 449 9
316 449 10
379 449 10
348 453 3
380 453 3
287 461 9
449 461 6
282 462 10
254 464 10
307 468 8
241 471 6
424 471 10
218 474 6
292 476 8
476 479 3
377 488 9
484 489 5
489 491 8
471 492 7
397 493 1
359 494 9
469 495 6
208 497 9
210 498 10
277 499 4
412 502 7
209 505 5
347 507 8
399 510 6
462 516 4
340 519 5
395 520 6
261 522 2
207 523 6
504 529 10
238 537 7
382 537 7
416 539 7
429 540 1
236 541 10
470 541 4
485 544 8
259 546 2
307 546 10
276 548 6
282 550 10
345 551 9
230 552 8
445 559 3
417 561 8
380 562 10
309 563 9
496 564 9
209 569 2
339 569 4
305 576 9
207 577 3
475 577 9
212 579 10
492 582 5
546 583 3
390 584 1
398 586 6
419 586 6
338 587 2
575 589 5
572 591 8
256 592 3
481 596 3
43 39 96 5 4 125 3 113 44 7 28 6 66 64 46 78
3 153 67
1 35 40
1 185 74
4 93 31
6 73 54
3 55 34
5 42 4
3 129 75
3 2 90
6 26 20
7 38 27
8 157 5
2 125 76