606 359 51 5 10
1 2 38
2 3 1
1 4 43
1 5 37
3 6 5
6 7 8
6 8 11
7 9 23
9 10 3
7 11 1
11 12 10
5 13 40
5 14 5
5 15 8
9 16 7
16 17 3
7 18 5
8 19 2
6 20 3
4 21 41
7 22 7
10 23 6
8 24 8
18 25 6
8 26 7
12 27 8
2 28 20
11 29 8
2 30 37
21 31 10
7 32 3
26 33 7
28 34 5
4 35 27
27 36 2
23 37 7
22 38 10
27 39 4
16 40 7
8 41 8
5 42 38
10 43 7
3 44 7
5 45 21
1 46 1
44 47 3
12 48 8
20 49 7
20 50 8
19 51 9
36 52 4
1 53 22
5 54 9
41 55 1
13 56 9
53 57 6
42 58 41
12 59 6
33 60 10
12 61 1
13 62 27
30 63 6
30 64 5
1 65 4
48 66 3
34 67 5
54 68 8
35 69 27
66 70 9
9 71 1
50 72 7
4 73 2
67 74 4
6 75 1
56 76 2
7 77 18
18 78 10
77 79 3
77 80 8
35 81 5
58 82 41
54 83 2
51 84 10
83 85 1
66 86 5
13 87 9
84 88 5
21 89 1
17 90 10
83 91 8
67 92 2
59 93 7
62 94 27
4 95 41
89 96 6
90 97 2
61 98 4
24 99 9
63 100 4
89 101 10
37 102 6
43 103 4
101 104 3
22 105 6
85 106 10
102 107 6
28 108 3
30 109 34
17 110 2
80 111 9
45 112 42
95 113 41
113 114 5
31 115 2
26 116 6
99 117 5
89 118 6
111 119 8
41 120 10
112 121 10
120 122 6
105 123 9
8 124 13
113 125 4
48 126 7
83 127 2
52 128 4
19 129 7
44 130 9
43 131 1
40 132 3
40 133 3
119 134 10
68 135 4
4 136 6
34 137 8
90 138 7
43 139 2
63 140 3
70 141 9
3 142 2
17 143 2
9 144 4
21 145 5
109 146 34
5 147 34
25 148 4
5 149 27
126 150 7
117 151 1
74 152 2
61 153 6
85 154 6
154 155 9
87 156 3
102 157 9
123 158 8
95 159 10
148 160 6
5 161 10
154 162 9
44 163 1
131 164 3
94 165 6
148 166 1
115 167 9
124 168 7
90 169 7
45 170 6
33 171 8
60 172 5
89 173 2
82 174 9
126 175 8
69 176 6
4 177 10
99 178 6
78 179 38
52 180 10
174 181 6
167 182 10
59 183 7
166 184 7
44 185 3
120 186 9
138 187 5
143 188 5
29 189 7
19 190 7
114 191 8
94 192 27
124 193 23
182 194 7
189 195 6
189 196 10
162 197 8
66 198 5
6 199 5
191 200 1
169 201 3
175 202 45
184 203 9
145 204 5
39 205 6
178 206 1
163 207 7
165 208 7
128 209 9
61 210 9
118 211 8
106 212 3
63 213 2
167 214 10
155 215 1
83 216 2
208 217 4
175 218 4
200 219 10
16 29 7
27 44 10
16 49 9
35 64 7
10 68 3
55 69 2
2 77 18
8 102 9
60 104 6
100 106 6
49 108 9
82 112 41
53 113 22
25 116 2
105 116 9
100 118 10
24 124 8
105 129 8
74 132 8
105 132 1
92 140 8
31 145 5
128 146 36
140 146 2
25 147 4
78 149 27
37 150 7
44 151 7
144 155 8
72 158 3
53 160 8
145 160 5
151 162 2
77 164 5
124 164 11
145 164 10
125 167 9
117 172 8
128 177 9
175 179 38
158 181 9
31 183 8
153 187 3
69 192 27
22 199 4
73 201 5
120 201 4
147 201 2
26 208 7
2 211 1
68 212 6
141 212 3
220 258 3
228 298 3
298 303 7
300 303 3
252 307 3
300 307 8
297 310 4
290 323 7
289 337 9
283 355 4
302 355 3
338 358 10
313 369 4
354 371 1
243 373 4
367 376 5
313 383 4
221 391 6
352 391 5
319 393 7
314 394 4
362 397 10
310 399 1
246 402 2
268 403 2
391 405 9
349 411 5
402 412 8
362 415 3
355 422 4
248 426 3
252 426 4
373 430 6
393 431 3
251 433 6
320 433 5
434 443 9
360 444 6
369 449 3
394 449 2
373 450 10
224 453 1
370 457 5
348 460 5
224 464 9
344 471 4
371 472 5
468 476 1
440 480 3
469 480 10
391 482 2
311 486 6
362 488 8
288 490 5
438 493 9
258 494 5
413 521 1
511 522 2
332 528 7
360 530 4
436 530 6
403 537 5
241 538 9
295 540 2
508 544 3
274 545 3
422 549 3
318 551 5
406 553 10
243 556 3
468 567 4
252 568 8
341 572 10
546 572 9
220 573 5
427 573 2
504 573 4
475 576 10
261 579 3
396 584 8
558 584 3
355 589 5
326 591 3
441 592 5
532 596 7
506 597 5
438 600 5
237 602 4
387 602 10
59 43 44 201 164 66 41 9 212 24 162 11 63 17 54 151 78 132 19 27 25 89 16 105 175 20 120 117 31 189 83 35 37 90 6 95 106 28 45 2 85 148 53 13 29 12 116 60 26 99 34
4 2 74
3 202 45
5 193 23
2 147 36
3 42 79
2 9 33
1 113 63
4 21 53
3 149 16
5 128 47