594 443 87 10 29
1 2 100
2 3 92
3 4 2
1 5 100
5 6 35
5 7 7
5 8 24
3 9 5
3 10 2
8 11 24
2 12 34
2 13 6
5 14 24
14 15 24
7 16 8
9 17 6
16 18 6
4 19 8
3 20 82
19 21 4
1 22 8
5 23 7
4 24 7
6 25 31
20 26 76
20 27 20
15 28 26
18 29 35
6 30 3
3 31 10
13 32 5
25 33 8
3 34 41
33 35 5
25 36 28
2 37 4
8 38 3
22 39 1
33 40 8
36 41 9
31 42 4
12 43 35
42 44 2
3 45 79
32 46 9
28 47 14
34 48 41
46 49 3
15 50 9
24 51 3
49 52 1
11 53 21
17 54 32
26 55 16
22 56 16
1 57 4
36 58 8
10 59 8
47 60 5
9 61 8
2 62 10
25 63 4
48 64 41
62 65 6
31 66 5
5 67 16
16 68 5
63 69 91
55 70 5
24 71 8
38 72 7
46 73 2
23 74 3
2 75 9
3 76 9
55 77 16
38 78 8
11 79 17
67 80 16
29 81 35
35 82 28
31 83 5
58 84 4
8 85 21
42 86 6
11 87 10
65 88 6
30 89 6
23 90 6
43 91 38
63 92 26
64 93 3
62 94 1
58 95 9
19 96 8
29 97 10
39 98 8
6 99 9
74 100 7
71 101 42
27 102 20
73 103 8
45 104 79
84 105 14
9 106 3
59 107 4
74 108 10
40 109 3
82 110 6
89 111 7
41 112 3
28 113 9
26 114 6
75 115 5
95 116 3
13 117 8
36 118 4
18 119 8
76 120 1
24 121 6
17 122 53
11 123 24
46 124 9
63 125 7
23 126 10
84 127 6
16 128 3
25 129 5
56 130 3
90 131 1
28 132 55
5 133 8
104 134 7
122 135 5
74 136 17
7 137 1
132 138 5
85 139 83
135 140 9
81 141 1
69 142 37
32 143 1
130 144 6
110 145 5
103 146 7
76 147 3
3 148 17
47 149 10
22 150 9
97 151 9
58 152 6
96 153 6
43 154 3
36 155 27
86 156 3
156 157 10
18 158 84
114 159 1
92 160 26
42 161 8
31 162 8
148 163 2
150 164 6
48 165 6
109 166 8
78 167 5
73 168 6
99 169 6
79 170 70
20 171 1
134 172 5
147 173 6
148 174 17
77 175 16
66 176 9
82 177 3
86 178 1
156 179 5
23 180 5
62 181 3
145 182 8
88 183 5
38 184 4
101 185 1
64 186 8
41 187 1
151 188 3
182 189 9
43 190 4
178 191 3
50 192 9
151 193 9
47 194 18
133 195 5
35 196 14
82 197 4
170 198 7
124 199 4
86 200 2
79 201 12
64 202 98
32 203 10
192 204 9
143 205 8
194 206 6
174 207 9
84 208 14
22 209 9
22 210 2
175 211 1
42 212 4
179 213 5
179 214 5
117 215 4
72 216 5
140 217 10
178 218 7
104 219 57
157 220 9
94 221 7
55 222 10
35 223 28
121 224 6
19 225 6
5 226 49
178 227 6
135 228 6
110 229 9
6 230 7
147 231 8
160 232 7
109 233 3
164 234 6
40 235 10
71 236 9
80 237 2
6 238 10
13 239 6
1 240 94
177 241 1
69 242 91
135 243 6
46 244 9
236 245 4
6 246 9
103 247 4
4 248 4
33 249 2
121 250 1
13 251 3
105 252 14
5 253 24
118 254 8
54 255 32
22 256 8
228 257 10
91 258 3
56 259 3
78 260 2
162 261 4
130 262 10
249 263 1
48 264 2
33 265 3
78 266 6
51 267 2
56 268 17
18 269 55
11 270 8
85 271 4
3 272 27
19 273 1
119 274 7
40 275 4
212 276 9
115 277 7
242 278 91
230 279 4
56 280 5
18 281 10
11 282 1
202 283 5
78 284 10
102 285 10
5 286 8
128 287 2
245 288 5
254 289 8
214 290 7
89 291 4
193 292 7
219 293 57
228 294 9
94 295 5
234 296 10
257 297 10
195 298 8
29 31 4
2 36 5
27 44 2
50 53 21
6 61 6
32 73 9
24 74 4
81 85 62
73 95 8
59 98 6
12 101 42
81 103 9
98 107 4
28 136 17
150 153 9
100 154 3
13 157 6
27 159 10
132 160 26
24 174 4
118 175 4
162 179 9
94 186 8
136 191 3
150 196 14
60 200 6
194 200 7
23 201 10
129 201 5
97 203 4
163 203 8
156 204 9
58 205 1
12 206 1
142 208 14
126 216 1
70 217 2
74 222 10
123 223 24
132 223 9
114 228 8
96 230 5
177 231 9
179 237 6
234 239 6
157 241 7
91 249 5
71 253 24
95 254 6
23 256 8
61 256 9
36 257 7
96 259 1
193 260 4
68 261 7
125 261 9
79 268 17
63 269 55
17 272 27
179 273 9
143 276 8
80 278 16
82 278 33
240 278 94
176 279 6
257 279 2
150 286 8
81 287 5
146 289 4
276 291 7
138 292 7
238 293 3
186 295 2
252 298 4
309 322 7
320 352 5
321 374 1
360 383 5
364 388 8
356 391 9
375 413 4
380 416 6
330 426 7
364 428 5
314 441 4
335 441 9
340 443 4
384 446 6
436 451 3
364 456 1
417 457 8
437 460 6
320 461 5
420 463 9
335 468 8
308 474 1
435 474 2
436 474 4
388 475 4
429 475 10
371 476 2
369 480 8
443 486 6
471 488 2
464 496 5
350 500 8
465 504 3
461 510 2
363 511 7
307 513 1
303 514 3
412 514 8
515 516 3
310 521 8
345 531 6
413 532 4
463 532 1
377 536 2
305 541 10
435 542 3
347 543 3
362 544 5
477 544 6
420 549 5
468 549 5
358 550 9
393 553 8
492 557 5
364 562 2
305 563 7
367 564 3
371 565 10
482 566 9
510 568 2
551 568 8
365 569 10
521 569 7
438 573 1
347 574 1
506 578 1
335 579 6
463 579 2
380 582 6
329 591 1
353 593 3
412 594 8
71 22 150 94 179 110 249 162 98 78 38 24 91 156 18 32 73 101 79 36 160 201 95 82 63 174 228 86 13 148 2 50 29 9 103 20 8 114 200 84 19 64 61 177 58 25 223 56 193 261 178 42 121 257 147 135 109 47 276 4 12 15 89 80 26 17 31 59 81 16 157 74 104 5 254 33 97 27 62 230 96 278 40 6 234 175 11
9 91 75
9 174 23
7 48 32
3 142 37
1 155 27
8 12 82
5 20 20
5 175 20
2 132 90
4 158 84
7 50 18
6 252 14
5 139 83
1 255 32
10 170 70
8 293 57
8 122 57
4 104 58
7 193 17
2 202 27
8 194 24
2 278 21
2 53 17
2 226 49
5 26 60
6 114 13
10 110 40
10 202 98
3 102 20