602 245 13 9 24
1 2 83
1 3 103
3 4 96
1 5 6
2 6 81
4 7 98
3 8 4
3 9 39
2 10 27
6 11 94
7 12 3
9 13 23
12 14 10
1 15 96
9 16 97
6 17 10
15 18 100
18 19 38
10 20 10
19 21 38
13 22 7
11 23 10
16 24 4
17 25 8
23 26 5
17 27 8
4 28 21
4 29 94
1 30 94
10 31 3
27 32 9
31 33 7
30 34 4
29 35 94
4 36 2
3 37 102
5 38 2
10 39 23
9 40 1
33 41 4
23 42 10
16 43 97
30 44 94
5 45 9
37 46 7
32 47 2
47 48 5
10 49 34
35 50 78
11 51 94
33 52 5
25 53 4
27 54 2
37 55 46
6 56 8
17 57 7
49 58 2
28 59 21
22 60 2
40 61 2
1 62 7
43 63 3
6 64 7
41 65 9
31 66 35
51 67 37
18 68 95
21 69 46
11 70 82
10 71 3
47 72 7
31 73 5
21 74 61
4 75 99
31 76 9
51 77 58
76 78 1
33 79 6
15 80 21
44 81 4
35 82 49
14 83 4
11 84 1
12 85 7
28 86 2
70 87 82
52 88 10
4 89 4
46 90 9
74 91 10
82 92 9
37 93 5
36 94 7
94 95 12
20 96 7
81 97 6
27 98 8
55 99 10
67 100 7
6 101 33
81 102 9
19 103 3
1 7 98
5 14 9
10 15 32
13 26 32
9 36 4
21 37 99
20 39 2
6 40 4
39 42 4
41 49 4
25 59 9
26 59 32
32 59 4
39 59 17
48 59 30
37 64 10
66 67 35
40 76 4
55 77 46
76 77 10
56 78 10
12 79 5
48 80 21
8 91 2
37 91 10
13 92 9
2 94 14
83 98 6
23 99 8
39 99 6
63 100 3
18 101 33
11 102 7
45 102 2
116 135 4
106 209 6
206 212 4
214 239 1
107 240 9
132 253 1
233 290 5
213 297 5
190 315 7
267 325 7
152 328 1
290 331 6
207 335 5
277 345 8
334 357 7
351 358 7
105 369 5
109 370 9
301 376 5
268 380 1
134 382 1
229 384 9
178 390 4
222 390 4
177 391 7
162 393 5
191 393 9
154 398 9
391 401 7
170 404 5
313 408 8
324 411 8
376 412 3
367 417 1
341 418 6
386 418 6
182 420 4
270 427 5
341 428 4
367 431 10
218 439 7
409 439 8
325 441 6
307 443 10
437 443 6
285 444 4
167 445 9
239 451 7
156 457 8
294 457 8
235 465 5
287 465 4
388 468 5
464 469 6
363 472 7
153 477 1
174 479 1
205 479 5
198 482 10
403 484 7
292 485 7
453 486 5
242 497 5
397 498 10
286 500 10
322 500 1
412 505 7
365 506 10
231 507 4
464 510 10
450 515 9
142 523 9
386 523 8
175 524 4
442 528 10
301 532 1
498 532 1
413 536 5
509 539 1
131 540 6
477 542 1
383 544 2
274 545 8
357 545 5
118 548 5
252 550 6
456 561 8
539 563 4
318 564 4
350 565 8
136 566 8
535 567 3
162 572 10
257 573 7
364 573 2
523 573 8
359 578 4
446 583 5
544 584 6
187 585 7
363 587 2
562 587 2
537 588 8
436 589 10
118 593 3
241 593 1
385 596 5
518 598 4
186 599 7
10 94 20 5 48 9 59 14 31 7 35 77 4
9 33 14
4 29 69
5 49 34
2 44 96
4 50 78
1 25 17
1 69 46
6 95 12
7 29 53
6 19 76
6 77 72
2 18 63
6 68 95
7 47 7
1 87 82
2 74 71
1 37 34
9 43 100
7 31 45
8 9 17
9 82 49
1 75 99
8 59 83
5 51 37