598 191 6 9 15
1 2 77
1 3 14
1 4 52
3 5 13
4 6 3
2 7 77
3 8 6
3 9 12
9 10 2
1 11 52
7 12 80
4 13 52
3 14 2
11 15 9
9 16 1
10 17 27
1 18 9
1 19 8
12 20 80
17 21 4
10 22 29
21 23 20
20 24 51
9 25 14
7 26 1
5 27 10
23 28 8
14 29 9
22 30 29
16 31 6
16 32 10
23 33 1
8 34 7
4 5 13
1 6 8
7 14 4
3 17 14
1 21 20
7 25 71
2 27 20
10 28 2
14 28 3
28 29 4
6 30 8
4 32 8
37 106 6
110 129 9
124 133 6
51 137 1
124 144 7
129 152 10
105 154 4
152 177 3
129 183 6
148 189 4
190 202 10
71 204 2
208 221 1
133 224 2
205 224 4
185 226 4
202 230 3
191 237 1
172 244 10
80 247 7
86 249 8
118 253 1
140 264 10
103 265 1
83 282 1
235 283 9
42 285 1
76 285 6
83 285 4
57 286 5
62 287 4
103 289 7
227 290 10
156 292 6
128 312 4
271 312 3
250 315 9
232 319 5
194 325 8
192 333 2
162 341 10
285 341 2
340 346 8
168 350 8
216 350 7
275 350 7
95 358 3
125 366 9
251 367 10
333 371 6
238 373 6
116 375 10
376 383 8
282 389 3
231 391 10
272 397 3
154 398 1
303 398 10
389 398 4
85 399 9
237 404 8
358 405 4
74 408 5
182 408 7
400 414 6
409 418 5
224 421 4
220 424 9
312 429 1
109 430 8
59 439 9
180 439 5
191 443 7
218 448 3
101 449 6
186 449 6
72 454 7
102 454 6
321 454 6
374 454 2
326 455 7
208 456 10
430 457 6
125 459 7
174 460 8
243 460 2
436 461 10
60 462 5
258 462 1
286 463 2
275 466 9
236 467 2
124 470 6
54 472 4
309 472 5
373 478 4
155 481 5
194 489 8
343 491 4
164 493 6
212 493 3
271 493 3
186 500 5
404 501 8
161 505 9
42 512 4
281 514 7
396 514 7
94 515 10
311 515 4
50 516 6
283 516 7
333 517 8
187 518 6
99 519 6
339 526 4
435 529 2
42 531 9
178 533 4
500 538 7
391 539 6
185 541 3
206 543 3
352 543 8
457 545 10
262 549 2
459 553 4
385 554 2
335 556 10
86 562 10
541 563 1
502 565 1
151 568 2
434 568 4
456 568 2
344 575 1
527 575 4
242 576 3
526 578 6
546 578 7
131 583 4
460 584 5
203 588 4
126 593 5
470 595 7
339 598 4
23 9 2 7 10 17
6 20 80
4 11 10
4 7 21
8 13 52
7 13 4
7 25 84
3 2 71
9 23 55
2 11 52
2 4 30
3 20 62
8 30 37
4 17 20
8 27 20
9 24 51