608 446 102 15 32
1 2 83
1 3 77
2 4 83
4 5 7
1 6 77
3 7 7
1 8 8
5 9 7
9 10 31
4 11 78
6 12 56
6 13 35
5 14 4
9 15 31
6 16 10
5 17 1
1 18 82
17 19 10
7 20 6
19 21 6
2 22 4
10 23 40
12 24 32
23 25 9
1 26 86
24 27 32
10 28 4
3 29 36
3 30 6
15 31 1
21 32 56
4 33 31
13 34 35
29 35 2
33 36 6
6 37 53
34 38 8
33 39 8
39 40 17
27 41 20
19 42 1
39 43 22
25 44 34
6 45 8
19 46 3
37 47 15
11 48 78
32 49 35
27 50 12
25 51 4
26 52 78
23 53 5
16 54 10
18 55 2
35 56 4
13 57 8
26 58 8
23 59 8
59 60 6
43 61 28
19 62 3
34 63 35
18 64 59
19 65 9
18 66 69
64 67 26
63 68 35
6 69 9
30 70 11
8 71 2
32 72 1
22 73 9
41 74 6
12 75 4
35 76 1
44 77 6
34 78 28
54 79 3
60 80 5
33 81 2
27 82 18
61 83 52
33 84 23
21 85 5
15 86 14
29 87 6
19 88 1
40 89 23
5 90 4
31 91 1
38 92 8
38 93 4
3 94 38
16 95 9
34 96 4
23 97 9
90 98 9
89 99 23
68 100 10
15 101 48
20 102 10
16 103 4
65 104 4
53 105 6
93 106 6
86 107 14
56 108 3
5 109 6
3 110 36
70 111 6
31 112 7
51 113 9
53 114 6
18 115 3
61 116 7
65 117 9
50 118 5
63 119 2
58 120 5
37 121 35
37 122 53
87 123 4
54 124 2
36 125 2
100 126 9
54 127 7
19 128 7
109 129 10
20 130 10
111 131 4
83 132 27
39 133 14
95 134 6
124 135 4
93 136 8
101 137 3
36 138 2
31 139 5
42 140 6
126 141 10
85 142 4
108 143 7
14 144 10
4 145 9
132 146 3
79 147 1
106 148 7
84 149 2
145 150 7
19 151 8
135 152 7
122 153 9
124 154 4
30 155 7
107 156 9
88 157 3
23 158 6
105 159 9
28 160 3
49 161 7
29 162 4
21 163 8
150 164 3
152 165 1
58 166 3
12 167 8
33 168 2
155 169 4
45 170 3
100 171 7
83 172 52
12 173 76
58 174 10
16 175 7
34 176 9
151 177 1
90 178 10
58 179 9
109 180 6
5 181 8
149 182 1
4 183 9
80 184 10
55 185 3
12 186 7
42 187 3
73 188 10
82 189 3
130 190 8
14 191 3
181 192 8
18 193 8
66 194 69
25 195 8
9 196 5
83 197 8
190 198 6
18 199 2
131 200 5
190 201 18
99 202 19
168 203 9
5 204 10
159 205 1
178 206 4
164 207 7
44 208 37
104 209 1
5 210 6
71 211 5
57 212 2
65 213 10
194 214 9
18 215 10
127 216 4
143 217 10
209 218 5
67 219 26
206 220 6
98 221 8
181 222 10
62 223 6
105 224 2
79 225 7
81 226 3
183 227 4
29 228 7
196 229 5
27 230 19
99 231 8
201 232 18
174 233 9
207 234 6
159 235 8
40 236 6
146 237 2
161 238 5
230 239 8
200 240 54
38 241 8
19 242 13
203 243 13
23 244 55
197 245 1
161 246 5
52 247 78
223 248 10
208 249 37
22 250 8
36 251 6
193 252 10
112 253 3
205 254 10
197 255 9
172 256 8
194 257 3
47 258 6
42 259 2
107 260 14
216 261 5
145 262 6
27 263 2
204 264 5
153 265 8
70 266 11
264 267 8
200 268 6
171 269 10
98 270 3
1 271 7
29 272 9
110 273 36
38 274 6
43 275 83
244 276 5
181 277 1
203 278 13
164 279 3
243 280 18
149 281 4
173 282 6
124 283 9
14 284 3
105 285 2
8 286 7
266 287 7
249 288 7
142 289 7
237 290 1
23 291 5
14 292 8
1 293 2
219 294 26
194 295 69
175 296 8
7 297 6
78 298 69
171 299 10
274 300 3
68 301 7
141 302 5
138 303 7
160 304 1
282 305 6
233 306 6
211 307 9
27 308 8
224 309 8
229 310 7
64 311 6
229 312 10
76 313 2
63 314 13
133 315 14
109 316 5
266 317 11
178 318 5
174 319 5
55 320 4
298 321 10
61 322 49
21 323 4
145 324 5
278 325 9
115 326 3
181 327 7
9 64 33
65 81 1
44 94 38
81 100 2
41 102 20
10 111 1
32 121 35
35 125 7
81 127 7
56 133 1
14 143 9
104 158 9
64 163 7
56 165 1
102 172 5
50 174 24
174 175 3
78 180 21
179 180 2
134 208 10
29 210 33
103 211 10
176 213 2
20 224 4
76 226 4
178 226 9
5 228 8
202 230 19
7 234 8
61 235 2
171 238 5
132 240 54
180 242 13
53 243 2
178 244 8
172 247 78
100 248 10
84 249 37
215 269 9
225 269 3
157 272 6
49 273 36
134 274 8
82 278 18
181 279 3
18 280 13
130 289 3
217 291 2
93 293 9
175 293 9
291 294 7
79 295 69
245 299 8
175 300 8
45 303 10
88 308 2
3 309 9
150 315 14
100 317 10
261 323 4
170 324 4
114 326 5
196 326 2
349 362 1
354 368 1
376 381 8
359 393 5
369 399 4
389 401 10
362 405 6
367 412 6
388 416 2
346 419 8
334 420 4
396 429 7
342 434 8
429 434 3
345 435 5
387 440 9
330 446 9
371 446 4
347 456 3
397 461 3
363 476 2
444 476 4
400 479 1
383 483 9
403 489 5
441 492 9
375 494 7
333 496 7
334 498 3
455 502 10
510 513 1
369 527 5
355 531 4
384 533 3
336 536 9
475 541 6
540 541 9
434 543 7
386 544 1
418 551 4
389 553 9
490 561 8
506 563 2
430 565 7
343 568 2
391 575 10
502 581 9
482 589 9
388 590 4
508 592 3
371 593 4
592 593 2
439 595 7
498 598 6
505 599 7
457 606 5
531 608 6
50 15 274 159 109 53 25 39 32 20 84 196 12 278 22 33 30 16 44 104 111 132 5 99 249 41 211 26 13 88 40 82 90 76 93 83 45 70 130 31 102 19 194 43 100 36 200 55 54 124 6 171 175 58 56 9 164 293 230 14 3 145 49 269 174 7 2 178 143 105 98 226 81 127 18 197 291 149 29 34 35 180 79 326 8 38 65 23 161 68 224 172 229 150 78 27 61 133 243 10 190 134
2 40 36
10 294 30
6 275 83
2 317 20
14 314 13
14 232 18
4 79 97
2 194 99
2 21 51
14 34 43
5 25 35
15 307 6
15 101 48
6 210 39
7 122 53
6 321 10
6 49 74
10 298 69
3 89 6
11 200 81
8 68 46
2 84 54
13 174 72
10 203 9
6 322 49
1 48 78
5 173 76
13 244 60
7 247 83
2 47 15
7 280 18
12 260 14