596 311 28 14 31
1 2 85
2 3 59
3 4 33
2 5 66
1 6 84
2 7 22
3 8 9
4 9 39
7 10 8
8 11 10
5 12 25
3 13 14
6 14 72
14 15 10
4 16 7
9 17 8
3 18 8
2 19 6
13 20 9
2 21 63
18 22 30
5 23 82
3 24 44
11 25 9
24 26 57
15 27 10
8 28 5
2 29 41
21 30 30
12 31 45
29 32 4
32 33 1
3 34 9
6 35 69
7 36 4
35 37 3
25 38 2
13 39 6
3 40 31
28 41 7
37 42 15
29 43 10
5 44 34
44 45 13
6 46 9
42 47 7
45 48 14
39 49 9
38 50 10
26 51 9
39 52 5
19 53 6
38 54 9
12 55 4
39 56 12
22 57 45
21 58 3
25 59 8
53 60 6
29 61 31
22 62 45
62 63 45
14 64 7
6 65 5
29 66 39
58 67 9
48 68 11
67 69 16
52 70 4
4 71 9
8 72 5
14 73 58
3 74 61
18 75 5
18 76 47
60 77 33
73 78 20
21 79 3
75 80 7
71 81 10
9 82 33
78 83 4
7 84 1
69 85 14
16 86 9
36 87 2
24 88 9
12 89 8
84 90 2
44 91 7
40 92 16
56 93 4
11 94 12
69 95 23
36 96 8
84 97 7
47 98 8
63 99 6
68 100 27
94 101 8
101 102 8
88 103 3
102 104 33
11 105 1
85 106 3
74 107 53
71 108 10
15 109 20
90 110 20
110 111 5
95 112 23
97 113 8
72 114 4
63 115 3
18 116 9
63 117 7
7 118 8
57 119 45
58 120 2
29 121 6
9 122 10
23 123 82
101 124 9
47 125 10
9 126 33
99 127 7
39 128 5
36 129 4
7 130 1
100 131 10
111 132 8
15 133 5
26 134 3
66 135 14
11 136 5
101 137 8
16 138 5
45 139 5
78 140 7
34 141 7
101 142 5
122 143 10
44 144 6
34 145 8
89 146 5
45 147 7
57 148 9
112 149 23
68 150 10
93 151 3
150 152 8
11 153 8
127 154 4
100 155 7
129 156 7
21 157 30
42 158 45
6 159 10
107 160 53
148 161 3
78 162 10
41 163 8
149 164 17
64 165 16
86 166 3
16 47 5
38 58 10
42 61 31
56 66 38
64 67 9
32 70 8
44 77 33
68 78 13
13 85 14
70 87 5
51 88 9
65 90 8
48 92 16
77 100 27
73 102 41
82 104 33
37 109 12
79 115 3
3 116 9
94 118 18
7 129 15
118 129 10
29 134 10
45 134 10
90 134 9
2 137 15
120 137 9
72 138 5
44 140 22
126 140 29
87 146 10
126 147 6
109 149 8
5 151 9
8 151 19
110 151 20
145 152 8
90 155 5
63 157 30
50 159 10
40 164 17
68 165 27
119 165 21
97 166 7
210 255 9
222 260 1
230 272 7
190 273 5
241 277 8
271 280 7
274 285 1
191 290 2
172 297 9
267 301 2
246 302 8
219 304 2
245 313 5
276 313 9
314 319 3
181 320 3
281 323 4
320 334 7
313 346 2
347 349 4
341 351 7
312 358 4
318 358 5
340 359 5
186 360 3
191 361 2
202 365 7
347 365 3
269 366 2
181 368 3
168 369 2
314 374 1
273 376 7
256 382 8
203 384 10
355 387 1
297 388 7
175 399 4
320 408 10
411 412 3
227 416 10
321 418 9
281 419 10
178 421 7
289 424 9
267 429 9
382 431 5
407 437 8
293 443 3
345 447 6
188 448 10
300 448 9
381 451 6
182 455 6
367 456 2
184 458 1
382 459 5
240 463 10
381 469 7
169 478 1
334 483 7
361 494 3
387 494 10
470 496 10
469 497 9
413 501 5
317 503 9
180 508 6
292 509 4
288 510 9
194 514 3
300 518 9
248 521 9
205 522 4
181 523 6
480 528 3
326 531 4
228 534 7
237 535 3
211 537 1
358 543 7
254 546 1
250 548 2
169 549 10
247 550 10
428 551 10
196 554 8
400 557 3
338 558 8
235 559 3
373 560 4
546 560 9
450 568 9
565 577 6
533 579 4
194 581 9
251 584 10
292 585 1
341 587 9
498 589 3
394 590 10
332 592 5
12 69 40 109 15 126 48 38 5 14 101 66 70 11 134 6 118 149 71 26 137 32 102 39 45 16 63 36
8 129 5
13 3 60
5 135 14
12 123 82
1 60 39
10 148 1
3 31 2
6 31 45
9 30 30
9 63 61
7 160 53
7 35 66
7 76 47
7 24 100
7 158 45
12 74 61
1 3 43
3 82 19
9 3 75
6 48 58
12 104 66
5 8 20
1 112 27
6 56 53
10 21 46
6 151 45
8 94 37
4 2 42
14 9 54
1 69 26
4 119 66