609 396 83 15 17
1 2 104
2 3 46
2 4 9
4 5 32
5 6 7
4 7 2
2 8 50
2 9 19
3 10 14
5 11 10
5 12 42
9 13 19
11 14 10
10 15 10
11 16 4
15 17 19
7 18 7
18 19 5
3 20 96
12 21 38
19 22 6
5 23 85
17 24 7
18 25 8
13 26 28
26 27 30
19 28 2
10 29 6
21 30 12
5 31 1
5 32 10
24 33 5
5 34 60
30 35 7
29 36 7
35 37 3
10 38 4
4 39 5
30 40 8
13 41 3
7 42 9
27 43 14
34 44 34
36 45 4
31 46 8
32 47 9
9 48 5
19 49 10
37 50 7
45 51 5
30 52 6
49 53 10
7 54 7
47 55 4
35 56 1
16 57 9
51 58 10
2 59 9
37 60 9
19 61 8
52 62 10
50 63 7
61 64 2
21 65 50
4 66 1
30 67 7
11 68 1
2 69 7
13 70 10
67 71 68
44 72 17
32 73 8
59 74 7
55 75 6
28 76 2
42 77 3
27 78 30
68 79 8
49 80 3
24 81 5
63 82 3
67 83 68
20 84 96
70 85 2
8 86 1
74 87 10
43 88 9
47 89 1
72 90 7
81 91 6
12 92 3
16 93 4
33 94 6
72 95 17
38 96 5
14 97 3
38 98 10
24 99 5
87 100 5
21 101 1
68 102 6
96 103 5
1 104 12
83 105 96
101 106 5
2 107 6
24 108 9
54 109 8
9 110 4
52 111 7
92 112 5
40 113 8
44 114 3
37 115 7
16 116 5
104 117 12
80 118 14
76 119 7
85 120 9
95 121 27
32 122 3
98 123 4
75 124 7
71 125 5
101 126 8
62 127 8
71 128 8
117 129 12
26 130 2
8 131 50
55 132 19
36 133 4
83 134 96
1 135 2
80 136 14
129 137 12
31 138 9
36 139 2
98 140 5
24 141 7
22 142 9
79 143 2
111 144 6
120 145 4
90 146 2
7 147 7
84 148 17
48 149 8
61 150 9
12 151 4
12 152 22
108 153 6
24 154 8
54 155 4
139 156 4
65 157 14
71 158 61
60 159 9
81 160 9
125 161 9
68 162 7
65 163 1
152 164 7
34 165 10
105 166 3
79 167 3
19 168 7
126 169 5
137 170 7
28 171 5
101 172 5
38 173 7
23 174 56
136 175 13
118 176 7
119 177 10
174 178 56
112 179 3
142 180 6
91 181 10
74 182 10
74 183 7
14 184 2
178 185 3
48 186 3
23 187 74
9 188 3
5 189 12
153 190 5
41 191 8
13 192 11
95 193 17
89 194 1
177 195 30
118 196 95
100 197 3
105 198 96
108 199 7
52 200 8
74 201 10
1 202 95
132 203 2
79 204 3
7 205 9
120 206 9
57 207 1
70 208 5
140 209 6
111 210 5
49 211 9
208 212 2
89 213 6
115 214 6
128 215 7
215 216 8
198 217 6
103 218 2
165 219 2
113 220 5
82 221 1
33 222 10
199 223 9
220 224 9
189 225 9
208 226 9
147 227 6
208 228 10
177 229 30
149 230 3
147 231 2
7 232 10
191 233 2
131 234 50
15 235 5
116 236 48
158 237 9
70 238 8
217 239 4
7 240 5
189 241 12
213 242 10
165 243 10
220 244 6
158 245 62
167 246 8
164 247 4
7 12 7
17 34 19
25 42 9
37 48 6
23 63 7
36 72 1
92 106 9
8 108 2
31 116 8
75 120 6
89 122 5
78 123 30
57 131 10
17 132 27
84 134 96
99 144 2
138 145 7
26 146 10
26 150 3
53 151 9
10 152 3
18 156 2
43 157 14
35 158 9
13 159 9
47 159 9
145 159 8
17 160 1
110 168 8
37 175 13
3 178 56
44 178 3
95 183 7
37 192 7
113 192 5
148 193 17
83 195 30
23 196 95
142 197 5
118 202 95
201 205 1
87 211 4
206 211 3
147 214 4
171 215 3
59 216 7
182 220 1
33 226 5
151 228 5
123 229 52
152 229 22
176 231 3
116 234 50
123 236 48
183 238 8
224 240 2
137 241 12
18 245 62
189 246 5
277 281 1
255 284 8
278 289 5
260 296 10
316 343 5
292 347 9
297 347 1
305 352 1
356 368 2
293 371 4
284 390 1
297 393 5
354 394 3
312 402 9
284 406 9
363 409 5
378 409 9
291 411 4
300 412 3
389 412 8
249 413 3
298 415 10
319 417 7
327 419 2
310 420 10
353 421 4
292 423 9
327 425 1
294 435 2
406 435 7
381 438 8
381 442 8
257 446 3
357 448 3
271 451 5
420 451 7
281 453 2
390 459 10
286 460 6
313 463 9
360 466 5
455 469 2
332 476 5
277 479 10
357 482 7
368 482 5
445 487 9
454 488 7
302 489 7
262 491 10
309 493 5
318 493 10
328 497 3
273 498 2
444 509 6
378 510 5
393 511 5
248 515 6
316 518 5
313 526 2
364 528 6
414 533 9
489 533 2
492 534 3
470 535 6
504 537 8
329 540 10
433 540 2
319 542 1
328 542 4
466 545 9
297 548 5
381 548 8
532 548 4
249 549 2
324 554 8
327 558 4
269 559 8
276 563 1
331 566 3
427 573 3
413 577 3
296 578 3
440 579 10
306 581 10
563 586 9
418 597 8
332 601 10
250 602 7
249 605 9
457 606 4
47 137 18 113 38 27 229 14 177 48 68 118 70 189 80 16 28 15 116 21 2 95 23 105 83 74 65 31 145 7 208 59 147 17 8 84 9 19 57 36 178 61 120 34 12 123 5 211 30 152 11 215 220 131 33 37 183 35 63 81 89 165 44 101 142 4 158 43 98 108 92 87 192 24 159 49 79 3 13 42 151 52 55
11 18 71
11 44 69
2 65 78
1 78 60
7 206 11
10 109 7
12 116 41
11 4 32
5 15 46
10 121 27
1 198 96
12 132 46
3 187 74
7 202 1
3 229 73
11 71 73
9 136 26