607 631 104 15 28
1 2 5
2 3 3
3 4 7
3 5 4
3 6 10
5 7 2
7 8 9
3 9 2
6 10 8
8 11 2
11 12 9
6 13 9
11 14 9
8 15 1
9 16 5
3 17 4
14 18 4
8 19 7
6 20 10
3 21 8
13 22 3
8 23 8
21 24 4
19 25 2
20 26 1
4 27 9
11 28 1
12 29 3
11 30 4
30 31 7
12 32 1
22 33 7
22 34 3
5 35 1
10 36 2
17 37 1
28 38 2
21 39 2
24 40 3
35 41 10
9 42 2
34 43 4
41 44 9
15 45 5
18 46 2
36 47 1
3 48 9
23 49 8
9 50 8
5 51 4
5 52 3
18 53 6
36 54 7
44 55 10
11 56 9
22 57 5
6 58 5
37 59 3
36 60 10
53 61 3
50 62 3
15 63 7
51 64 7
34 65 3
34 66 9
6 67 2
31 68 6
51 69 1
17 70 8
49 71 4
64 72 6
12 73 1
56 74 4
43 75 1
59 76 10
65 77 5
21 78 6
47 79 8
51 80 1
57 81 3
25 82 5
62 83 10
49 84 5
58 85 5
48 86 2
20 87 3
36 88 10
20 89 2
36 90 4
50 91 4
45 92 7
13 93 3
29 94 4
86 95 3
73 96 10
4 97 3
32 98 8
92 99 7
73 100 4
79 101 1
40 102 1
32 103 7
80 104 6
83 105 6
6 106 1
13 107 8
88 108 1
49 109 8
69 110 10
53 111 7
12 112 4
39 113 7
77 114 2
26 115 6
102 116 7
116 117 10
95 118 5
63 119 9
34 120 3
13 121 4
11 122 9
113 123 9
78 124 8
6 125 7
15 126 8
80 127 7
22 128 6
47 129 5
29 130 1
125 131 8
38 132 6
52 133 2
55 134 7
83 135 8
14 136 2
15 137 10
35 138 9
79 139 5
71 140 5
31 141 1
138 142 8
41 143 4
136 144 10
103 145 4
19 146 6
36 147 4
31 148 9
87 149 8
62 150 1
6 151 8
55 152 5
119 153 2
9 154 6
86 155 5
98 156 3
148 157 4
110 158 4
45 159 2
141 160 4
156 161 2
90 162 5
46 163 3
141 164 7
77 165 1
104 166 10
114 167 4
85 168 7
15 169 10
13 170 8
128 171 3
148 172 1
100 173 4
152 174 5
61 175 9
63 176 4
101 177 4
126 178 2
54 179 10
94 180 10
86 181 9
158 182 1
50 183 2
157 184 1
132 185 4
163 186 7
76 187 10
106 188 1
62 189 3
159 190 10
141 191 3
138 192 5
62 193 4
42 194 7
94 195 10
94 196 1
56 197 4
22 198 2
183 199 7
98 200 3
186 201 7
56 202 6
183 203 5
116 204 7
150 205 9
65 206 1
43 207 4
102 208 3
149 209 3
21 210 8
176 211 3
116 212 4
154 213 8
58 214 2
11 215 8
38 216 10
91 217 7
102 218 7
33 219 7
51 220 1
158 221 2
12 222 7
84 223 6
125 224 9
106 225 2
175 226 8
12 227 8
65 228 2
34 229 7
72 230 3
27 231 2
24 232 1
144 233 2
95 234 9
23 235 1
112 236 1
78 237 7
19 238 1
71 239 3
133 240 2
50 241 10
38 242 9
105 243 6
139 244 10
26 245 4
87 246 3
126 247 7
46 248 7
80 249 6
35 250 3
144 251 9
183 252 7
50 253 5
51 254 5
156 255 5
200 256 9
155 257 4
137 258 10
150 259 8
136 260 6
140 261 5
80 262 8
59 263 1
184 264 1
87 265 8
116 266 9
246 267 5
71 268 3
16 269 3
137 270 6
270 271 4
151 272 2
239 273 5
186 274 3
19 275 4
22 276 2
188 277 6
197 278 5
245 279 4
127 280 8
42 281 3
205 282 6
180 283 3
2 284 6
186 285 4
124 286 8
50 287 1
215 288 5
173 289 10
235 290 9
194 291 2
283 292 3
23 293 10
83 294 10
11 295 5
209 296 6
191 297 8
177 298 2
143 299 10
125 300 9
180 301 3
189 302 4
210 303 10
276 304 10
98 305 9
97 306 10
226 307 9
101 308 7
244 309 4
133 310 5
214 311 2
172 312 5
167 313 5
236 314 10
132 315 10
206 316 7
131 317 8
52 318 9
26 319 7
246 320 9
102 321 2
34 322 9
56 323 9
53 324 1
1 325 4
191 326 7
147 327 2
202 328 5
203 329 3
210 330 10
202 331 8
80 332 4
168 333 3
86 334 1
175 335 2
34 336 6
127 337 6
267 338 5
247 339 5
98 340 4
137 341 1
292 342 1
59 343 3
260 344 9
136 345 8
108 346 2
91 347 7
267 348 1
67 349 8
53 350 6
79 351 3
311 352 1
345 353 1
126 354 2
259 355 10
113 356 1
223 357 4
216 358 9
62 359 10
163 360 10
334 361 5
15 362 3
189 363 6
322 364 6
272 365 5
88 366 7
117 367 10
252 368 8
263 369 9
321 370 4
125 371 2
233 372 5
318 373 1
198 374 5
202 375 1
239 376 5
144 377 8
350 378 8
372 379 6
222 380 8
317 381 9
80 382 6
251 383 6
33 384 2
256 385 5
205 386 3
9 387 1
168 388 9
363 389 6
207 390 2
21 391 2
382 392 1
280 393 7
218 394 4
142 395 2
118 396 7
293 397 4
359 398 9
12 399 2
298 400 8
288 401 3
84 402 1
239 403 6
274 404 8
79 405 6
345 406 3
63 407 10
4 408 10
201 409 1
283 410 3
326 411 4
50 412 6
207 413 3
147 414 3
194 415 6
174 416 3
49 417 9
193 418 2
374 419 2
243 420 1
410 421 4
295 422 5
50 423 9
215 424 5
78 425 4
400 426 3
112 427 1
188 428 5
322 429 7
200 430 7
8 431 2
104 432 9
274 433 4
274 434 8
262 435 6
200 436 1
119 437 6
373 438 10
317 439 4
243 440 9
417 441 10
109 442 4
178 443 3
416 444 8
3 445 9
392 446 1
144 447 7
135 448 2
316 449 10
241 450 1
18 451 5
394 452 4
295 453 5
384 454 8
438 455 8
24 456 4
358 457 5
210 458 8
257 459 3
58 460 9
355 461 6
13 462 4
216 463 10
279 464 1
96 465 5
83 466 3
3 467 2
133 468 3
8 469 2
225 470 9
290 471 7
346 472 8
51 473 8
274 474 9
59 475 7
31 476 7
225 477 2
139 478 8
211 479 1
212 480 5
93 481 5
441 482 3
158 483 10
444 484 2
156 485 10
25 486 2
12 487 9
124 488 5
255 489 2
158 490 5
6 27 8
25 54 3
22 86 10
58 88 6
81 96 6
23 105 7
103 108 8
98 113 8
14 118 9
79 125 3
138 155 8
33 170 10
94 185 6
83 191 3
59 192 9
41 200 1
35 202 1
125 209 8
29 214 3
181 218 1
109 223 7
91 224 7
139 227 6
224 241 9
103 243 9
182 243 6
202 246 4
152 250 10
105 263 8
191 263 4
140 267 1
201 270 6
59 272 1
81 273 7
65 276 5
254 277 7
239 278 3
269 285 7
56 289 5
178 291 2
47 296 1
104 297 5
155 297 1
105 298 4
250 298 6
190 303 1
229 306 7
181 308 10
292 308 4
46 313 6
81 314 4
171 316 3
196 317 9
10 318 10
6 322 4
138 334 1
312 335 2
121 340 4
142 342 1
180 345 1
213 348 9
178 350 5
13 353 6
158 359 2
304 360 9
179 362 3
155 363 2
25 365 1
6 369 10
27 375 5
269 375 1
44 379 10
145 380 2
364 384 3
371 386 10
15 387 4
20 391 7
44 394 9
220 394 8
183 396 3
186 404 8
40 409 5
138 411 4
126 418 9
154 418 4
8 424 4
174 425 7
396 428 2
117 429 9
10 431 6
140 434 5
242 434 3
2 435 6
48 436 1
394 441 10
431 442 10
348 446 2
146 450 7
339 458 9
305 460 4
110 461 1
309 463 1
91 464 3
134 467 2
459 468 1
13 470 8
76 473 1
33 475 5
61 475 4
216 475 2
119 480 5
356 480 4
86 483 2
81 487 5
507 509 6
500 510 8
493 512 4
520 531 10
523 537 6
517 538 10
525 540 5
523 555 6
552 555 4
494 557 7
509 557 9
525 566 9
515 568 7
533 574 9
516 575 9
547 579 8
576 579 6
575 580 6
493 584 4
560 584 5
492 587 1
518 594 5
600 601 3
535 602 9
589 604 4
592 604 6
592 607 9
602 607 6
10 91 63 50 54 350 126 418 384 87 41 209 86 2 95 32 163 84 200 396 132 188 77 11 148 105 295 202 76 13 318 116 33 174 106 88 31 269 225 52 292 250 96 20 274 133 263 283 137 180 475 44 150 138 34 178 109 117 194 363 142 375 6 45 215 147 19 431 9 359 186 55 297 101 3 154 119 216 15 189 183 441 246 127 14 12 125 4 207 191 59 394 210 239 23 18 26 5 140 17 348 65 56 201
12 470 13
8 218 97
4 456 95
8 14 91
14 305 21
1 118 62
15 447 24
13 212 5
12 372 83
1 212 63
11 437 80
9 160 90
2 89 72
15 198 9
3 274 75
2 305 22
12 341 28
6 222 18
5 108 47
5 344 30
12 135 100
5 410 39
2 356 56
15 458 30
13 266 98
11 211 3
13 246 99
8 16 6