590 286 29 9 18
1 2 97
2 3 89
3 4 10
3 5 76
4 6 6
2 7 30
3 8 24
5 9 3
7 10 15
8 11 10
9 12 3
8 13 4
6 14 4
12 15 4
14 16 10
8 17 24
1 18 35
14 19 8
14 20 6
20 21 10
12 22 3
6 23 32
5 24 73
19 25 9
21 26 1
1 27 96
25 28 44
3 29 3
13 30 1
25 31 10
22 32 11
8 33 20
17 34 12
23 35 9
7 36 2
3 37 7
8 38 4
33 39 5
11 40 45
7 41 70
1 42 38
22 43 81
2 44 52
40 45 2
27 46 96
27 47 96
23 48 32
42 49 29
24 50 73
17 51 6
45 52 9
8 53 4
11 54 10
34 55 10
35 56 9
40 57 43
5 58 8
36 59 17
19 60 10
5 61 2
30 62 1
24 63 3
11 64 4
51 65 29
65 66 5
43 67 16
37 68 2
23 69 7
53 70 8
46 71 99
59 72 5
36 73 22
34 74 10
35 75 5
6 76 1
31 77 10
65 78 7
23 79 8
1 80 7
53 81 6
34 82 9
74 83 7
13 84 6
66 85 3
70 86 3
57 87 10
28 88 1
10 89 9
81 90 7
15 91 6
46 92 10
17 93 7
27 94 4
55 95 10
80 96 1
58 97 5
6 98 6
46 99 83
7 100 1
85 101 81
93 102 6
36 103 13
1 104 1
57 105 15
48 106 10
92 107 9
49 108 6
64 109 1
50 110 73
103 111 9
91 112 5
28 113 8
108 114 7
85 115 79
8 116 3
32 117 11
112 118 2
22 119 37
77 120 5
35 121 3
52 122 9
68 123 2
75 124 6
89 125 5
113 126 9
18 127 4
8 128 10
78 129 6
103 130 3
113 131 3
59 132 5
124 133 6
111 134 9
49 135 10
73 136 7
45 137 6
22 138 45
93 139 6
126 140 7
87 141 7
20 142 6
84 143 9
2 23 32
25 44 54
28 47 44
14 49 4
7 51 29
53 55 3
33 73 22
47 77 22
49 77 32
34 90 16
67 90 16
14 100 4
7 103 13
65 105 15
3 106 10
48 110 22
100 112 6
5 115 79
6 117 36
116 117 10
65 123 6
84 123 9
114 126 1
129 132 3
42 135 9
122 135 3
44 138 45
30 142 7
83 142 3
102 143 10
140 143 7
145 149 3
159 169 9
168 178 9
146 187 4
171 229 8
156 238 2
190 238 6
167 250 3
252 260 1
233 268 1
188 285 8
243 293 9
191 299 10
277 301 8
184 315 7
185 317 3
324 327 4
325 331 9
291 343 8
342 343 3
229 354 9
175 362 4
290 372 9
370 381 6
168 386 7
354 389 7
323 391 3
257 393 4
279 396 9
237 400 7
259 401 1
222 403 5
231 403 3
333 403 7
149 404 9
344 404 7
280 412 4
212 415 7
211 417 1
387 417 6
278 419 7
161 425 1
301 426 7
341 428 10
379 429 5
281 431 7
288 438 3
305 440 1
384 442 3
298 448 4
447 448 9
390 451 10
151 453 6
149 454 10
346 461 6
160 464 2
220 473 8
449 475 7
352 478 3
155 482 3
297 485 3
272 492 2
289 492 4
191 493 6
472 493 5
186 495 6
321 498 6
382 500 1
253 503 8
160 504 7
152 508 4
323 509 10
158 512 5
155 514 9
326 519 8
184 523 3
220 523 9
336 523 1
318 526 9
272 531 2
507 531 5
400 532 4
290 533 3
256 534 7
434 535 7
178 537 6
203 537 4
231 538 9
526 542 4
281 544 4
239 549 4
497 549 1
496 554 9
381 556 8
498 558 9
159 559 1
425 559 1
208 560 4
317 566 7
206 567 10
324 567 7
559 567 9
379 568 1
173 570 5
487 570 3
263 572 2
261 573 8
215 577 7
315 581 1
371 581 5
535 588 8
283 589 10
319 589 1
13 11 27 49 77 6 65 33 51 123 46 59 8 45 22 135 113 2 84 117 17 25 112 143 47 126 57 3 34
6 101 81
8 4 6
4 10 15
8 99 83
8 119 37
3 43 65
3 117 55
8 36 26
9 11 72
8 95 10
8 41 70
3 71 99
4 25 98
9 115 41
8 71 66
1 47 74
3 18 35
1 110 94