600 549 11 11 26
1 2 7
1 3 97
3 4 7
3 5 96
4 6 9
5 7 64
1 8 49
5 9 8
5 10 7
8 11 49
5 12 26
11 13 26
10 14 8
5 15 51
7 16 5
12 17 31
7 18 69
7 19 8
2 20 8
11 21 6
4 22 6
11 23 6
23 24 53
24 25 3
2 26 13
9 27 8
21 28 5
4 29 7
18 30 101
30 31 25
24 32 6
3 33 47
27 34 8
9 35 10
10 36 14
23 37 6
33 38 3
31 39 26
36 40 5
33 41 3
22 42 4
7 43 65
16 44 8
19 45 10
42 46 6
15 47 16
11 48 57
41 49 9
20 50 8
36 51 4
8 52 10
1 53 74
49 54 10
47 55 13
30 56 9
51 57 47
48 58 33
45 59 10
34 60 2
24 61 2
57 62 34
59 63 10
53 64 15
3 65 7
53 66 57
37 67 10
1 68 100
44 69 25
35 70 3
40 71 1
36 72 33
64 73 22
3 74 29
10 75 5
21 76 11
61 77 5
26 78 70
62 79 9
17 80 5
8 81 47
75 82 3
39 83 38
28 84 3
67 85 13
33 86 9
16 87 5
58 88 3
8 89 8
33 90 2
69 91 25
82 92 1
62 93 29
14 94 26
62 95 5
3 96 1
39 97 5
39 98 65
36 99 3
53 100 8
18 101 1
79 102 10
24 103 65
74 104 1
62 105 6
40 106 1
56 107 8
58 108 50
80 109 5
109 110 6
88 111 2
15 112 67
83 113 10
52 114 8
100 115 8
84 116 7
28 117 7
58 118 7
2 119 1
23 120 6
10 121 8
24 122 1
37 123 2
110 124 5
26 125 4
47 126 6
47 127 5
47 128 7
41 129 5
98 130 25
93 131 4
73 132 42
80 133 10
37 134 4
50 135 8
21 136 10
26 137 1
21 138 9
52 139 8
28 140 4
29 141 1
111 142 2
7 143 3
118 144 8
51 145 4
11 146 3
66 147 7
30 148 4
58 149 8
14 150 1
12 151 5
86 152 6
28 153 9
112 154 12
138 155 5
131 156 4
136 157 2
137 158 9
74 159 4
85 160 13
52 161 4
140 162 69
110 163 4
158 164 7
137 165 4
117 166 4
48 167 8
145 168 10
99 169 8
159 170 4
169 171 3
51 172 3
55 173 13
73 174 5
20 175 5
52 176 3
88 177 4
125 178 4
11 179 36
18 180 18
17 181 38
142 182 8
117 183 2
47 184 6
61 185 2
146 186 9
110 187 5
108 188 35
183 189 9
70 190 10
74 191 3
67 192 3
181 193 9
124 194 5
64 195 37
168 196 16
54 197 7
34 198 3
33 199 44
133 200 8
157 201 8
130 202 25
185 203 2
177 204 5
186 205 9
55 206 9
187 207 9
36 208 14
1 209 7
116 210 3
194 211 2
31 212 4
181 213 96
185 214 9
68 215 69
127 216 7
105 217 5
81 218 45
33 219 49
143 220 69
61 221 8
151 222 2
106 223 6
16 224 9
53 225 18
196 226 37
180 227 4
116 228 9
48 229 69
17 230 3
100 231 7
201 232 6
77 233 47
173 234 10
163 235 1
3 236 6
108 237 100
33 238 10
8 239 8
55 240 6
153 241 9
43 242 15
26 243 9
138 244 5
198 245 5
166 246 1
196 247 56
35 248 9
44 249 25
206 250 8
156 251 8
181 252 8
174 253 9
233 254 4
46 255 42
190 256 2
35 257 1
82 258 3
258 259 79
96 260 7
215 261 3
116 262 32
182 263 2
29 264 2
34 265 10
264 266 6
251 267 6
161 268 2
159 269 10
210 270 5
6 271 10
7 272 18
71 273 3
19 274 7
46 275 6
171 276 4
98 277 65
180 278 18
267 279 2
185 280 2
190 281 9
276 282 5
25 283 5
37 284 5
79 285 8
261 286 3
157 287 3
245 288 5
221 289 1
282 290 3
209 291 5
271 292 6
134 293 8
281 294 4
236 295 6
265 296 10
107 297 3
191 298 4
94 299 2
66 300 6
19 301 8
174 302 1
137 303 34
31 304 1
81 305 2
254 306 5
164 307 2
173 308 4
40 309 9
95 310 6
23 311 3
137 312 7
7 313 4
58 314 11
47 315 5
305 316 5
61 317 3
240 318 2
226 319 37
221 320 7
32 321 2
309 322 28
159 323 8
75 324 9
144 325 9
150 326 3
317 327 7
312 328 10
196 329 1
97 330 1
76 331 6
322 332 17
132 333 71
285 334 6
82 335 1
176 336 10
334 337 8
110 338 1
210 339 9
236 340 3
325 341 9
30 342 12
330 343 10
154 344 9
258 345 2
173 346 14
336 347 10
213 348 4
199 349 7
279 350 6
144 351 6
350 352 7
321 353 6
35 354 2
256 355 9
112 356 79
157 357 6
241 358 7
289 359 10
173 360 4
233 361 1
189 362 3
224 363 6
75 364 7
113 365 5
194 366 5
21 367 10
323 368 9
6 369 2
199 370 3
103 371 65
311 372 10
316 373 1
179 374 9
42 375 2
196 376 84
40 377 7
148 378 6
14 379 4
163 380 5
355 381 7
229 382 4
188 383 35
83 384 38
266 385 4
153 386 7
215 387 69
308 388 2
279 389 3
220 390 7
371 391 98
383 392 35
84 393 2
105 394 7
76 395 11
8 396 13
286 397 8
7 398 28
272 399 7
296 400 8
223 401 3
357 402 1
32 61 3
24 66 57
19 72 21
58 77 50
74 91 26
13 93 26
23 108 9
40 114 9
26 116 52
93 118 10
63 133 10
18 135 10
53 137 33
4 151 9
74 155 5
149 156 10
68 160 31
160 170 6
160 173 31
2 174 8
41 175 7
73 178 9
78 179 29
5 182 3
11 182 10
171 182 3
23 187 56
126 192 9
105 193 9
154 199 12
18 202 25
124 216 4
118 217 10
181 219 49
122 224 10
210 225 8
162 229 69
79 230 5
115 233 8
143 233 48
149 234 10
120 235 7
120 240 2
217 242 15
204 247 10
57 248 12
141 249 1
218 249 45
116 250 43
247 253 9
57 257 4
199 262 32
71 266 3
20 267 8
123 268 6
249 272 18
225 278 18
67 283 3
40 290 9
249 292 3
19 295 6
21 297 7
8 302 9
93 303 33
43 304 65
247 304 65
41 305 2
132 309 29
240 309 7
228 311 6
38 315 7
248 317 9
233 318 9
126 320 5
157 322 6
35 324 4
66 332 17
198 335 1
201 338 3
247 341 9
108 342 12
49 343 4
208 346 14
108 351 32
168 356 12
258 356 79
74 361 11
114 366 9
198 366 5
361 367 10
294 370 3
11 371 33
274 372 8
241 374 9
280 375 8
187 378 56
351 384 38
120 385 10
327 386 7
220 387 69
255 387 42
290 389 9
250 392 35
122 394 1
314 395 11
322 398 28
69 400 8
266 402 6
320 402 7
417 422 6
413 428 7
413 449 9
403 450 6
430 450 8
445 453 4
449 453 4
436 463 5
425 466 1
441 467 10
467 469 2
429 470 8
416 487 3
499 502 6
433 526 3
457 527 1
488 530 8
501 532 2
431 537 1
444 538 4
501 539 6
529 540 10
524 545 7
413 557 5
521 558 10
503 564 8
544 566 9
564 566 6
504 567 4
496 578 9
483 584 8
572 584 5
557 588 7
569 589 5
519 590 8
455 593 1
488 593 4
442 596 6
599 600 5
143 196 18 5 144 11 14 180 266 24 73
3 259 79
3 237 100
8 195 37
10 391 98
7 229 33
11 24 53
9 209 6
4 333 71
10 396 13
8 277 65
10 356 10
11 46 42
8 378 56
11 72 54
6 51 55
9 162 1
6 215 51
1 31 27
2 140 73
6 319 37
6 78 99
3 30 93
4 213 96
5 376 84
5 67 16
5 94 26