608 621 146 8 21
1 2 65
2 3 2
2 4 64
4 5 5
2 6 6
5 7 9
2 8 48
2 9 33
3 10 4
10 11 8
1 12 64
12 13 64
8 14 9
4 15 64
7 16 9
11 17 8
1 18 63
11 19 2
13 20 9
2 21 7
6 22 9
16 23 34
11 24 4
20 25 4
15 26 6
8 27 44
27 28 8
25 29 3
29 30 4
22 31 5
7 32 8
6 33 10
27 34 27
32 35 3
19 36 7
19 37 8
12 38 3
24 39 5
22 40 2
26 41 2
36 42 9
14 43 3
1 44 4
34 45 8
22 46 8
4 47 50
36 48 6
36 49 4
47 50 2
22 51 14
45 52 8
2 53 6
11 54 2
30 55 7
6 56 9
47 57 16
15 58 56
53 59 9
29 60 7
22 61 7
10 62 10
40 63 9
9 64 3
27 65 3
59 66 10
54 67 8
13 68 56
9 69 13
2 70 10
14 71 1
47 72 7
1 73 46
9 74 5
36 75 1
16 76 26
22 77 9
32 78 10
6 79 7
57 80 6
29 81 3
62 82 2
17 83 17
47 84 14
41 85 9
36 86 8
45 87 4
11 88 5
27 89 9
84 90 9
56 91 56
72 92 5
33 93 1
38 94 9
2 95 4
48 96 9
53 97 8
83 98 8
45 99 2
22 100 10
77 101 22
66 102 33
96 103 6
86 104 8
37 105 7
81 106 1
22 107 2
49 108 10
102 109 24
55 110 8
65 111 4
111 112 9
44 113 10
43 114 5
88 115 10
69 116 9
103 117 2
49 118 8
100 119 3
70 120 5
83 121 6
111 122 6
39 123 9
55 124 4
30 125 2
117 126 4
80 127 3
79 128 6
89 129 9
65 130 1
70 131 4
126 132 6
62 133 10
18 134 10
29 135 3
68 136 6
89 137 6
132 138 3
100 139 4
15 140 8
138 141 10
57 142 4
137 143 18
33 144 6
98 145 6
124 146 3
125 147 6
115 148 2
91 149 3
141 150 3
47 151 8
4 152 8
79 153 6
141 154 4
79 155 5
107 156 5
141 157 9
46 158 9
31 159 9
4 160 3
57 161 16
55 162 8
100 163 9
8 164 7
130 165 9
64 166 3
2 167 9
137 168 18
133 169 33
119 170 8
14 171 4
23 172 57
53 173 5
131 174 3
106 175 6
6 176 6
134 177 6
128 178 6
152 179 8
105 180 9
100 181 6
38 182 4
41 183 10
38 184 7
14 185 4
73 186 46
15 187 13
34 188 2
32 189 8
12 190 3
155 191 5
56 192 10
25 193 6
21 194 1
95 195 7
81 196 7
110 197 5
119 198 9
10 199 8
107 200 5
8 201 9
107 202 14
200 203 1
26 204 4
22 205 6
141 206 8
22 207 16
153 208 6
107 209 33
97 210 7
129 211 10
111 212 9
84 213 3
69 214 3
161 215 34
195 216 61
19 217 10
177 218 7
175 219 9
88 220 6
35 221 10
56 222 62
155 223 7
55 224 9
120 225 10
168 226 2
30 227 6
45 228 7
82 229 8
180 230 9
123 231 8
204 232 6
54 233 10
166 234 10
148 235 7
49 236 9
96 237 10
1 238 5
87 239 4
42 240 7
97 241 22
60 242 10
183 243 10
54 244 8
180 245 8
108 246 2
10 247 9
220 248 7
83 249 7
89 250 3
155 251 5
41 252 4
31 253 5
229 254 10
165 255 7
198 256 4
2 257 9
112 258 4
72 259 8
67 260 10
59 261 9
243 262 2
132 263 7
120 264 7
158 265 7
118 266 2
8 267 5
248 268 8
59 269 8
256 270 8
234 271 8
171 272 3
265 273 3
114 274 5
124 275 4
64 276 10
116 277 8
251 278 7
19 279 6
2 280 7
124 281 9
93 282 6
145 283 1
171 284 3
49 285 5
254 286 5
236 287 6
79 288 4
105 289 7
43 290 2
68 291 62
69 292 6
121 293 3
211 294 10
36 295 9
187 296 9
251 297 3
81 298 8
211 299 7
223 300 6
244 301 6
1 302 7
239 303 4
284 304 9
278 305 8
261 306 3
119 307 4
278 308 9
286 309 5
10 310 9
45 311 9
164 312 1
91 313 25
208 314 6
27 315 6
168 316 18
43 317 1
215 318 6
77 319 6
27 320 7
108 321 10
81 322 2
60 323 7
49 324 1
166 325 8
153 326 1
325 327 10
178 328 61
153 329 1
14 330 2
294 331 7
207 332 10
14 333 8
58 334 2
267 335 2
144 336 3
134 337 6
2 338 6
153 339 9
24 340 5
51 341 9
147 342 7
320 343 9
58 344 56
7 345 3
179 346 8
173 347 6
105 348 9
268 349 2
202 350 7
231 351 4
76 352 5
141 353 1
239 354 10
76 355 5
231 356 7
58 357 5
118 358 4
52 359 3
195 360 10
350 361 7
32 362 10
234 363 10
147 364 4
26 365 5
133 366 33
172 367 11
249 368 6
278 369 3
292 370 8
11 371 8
208 372 6
356 373 10
90 374 1
203 375 4
328 376 7
13 377 7
193 378 5
161 379 5
3 380 7
98 381 8
257 382 3
166 383 2
382 384 7
221 385 4
4 386 9
179 387 10
275 388 6
107 389 52
308 390 2
56 391 7
381 392 9
31 393 4
145 394 2
247 395 7
192 396 5
339 397 4
222 398 5
195 399 31
135 400 3
88 401 2
167 402 9
109 403 2
33 404 10
24 405 3
342 406 9
4 407 9
267 408 8
116 409 3
127 410 3
276 411 10
264 412 7
186 413 59
406 414 3
362 415 7
311 416 5
384 417 1
135 418 7
274 419 10
162 420 2
207 421 8
316 422 8
341 423 3
108 424 39
126 425 9
53 426 7
42 427 6
263 428 4
63 429 8
142 430 2
317 431 3
156 432 2
232 433 4
47 434 48
394 435 1
276 436 9
69 437 6
101 438 3
314 439 8
198 440 10
366 441 14
410 442 8
240 443 10
292 444 7
316 445 6
67 446 6
199 447 5
125 448 2
428 449 6
270 450 4
219 451 3
305 452 4
56 453 10
114 454 6
264 455 8
360 456 8
292 457 1
271 458 8
269 459 6
321 460 8
58 461 7
315 462 8
455 463 10
328 464 10
54 465 7
346 466 1
238 467 8
421 468 2
267 469 8
12 470 56
394 471 8
10 472 3
46 473 5
133 474 10
272 475 8
195 476 10
134 477 4
246 478 1
409 479 8
97 480 9
11 481 7
226 482 2
244 483 5
40 484 10
186 485 5
358 486 10
31 487 5
21 26 9
10 39 8
7 55 5
39 79 7
18 102 57
96 104 4
51 107 14
9 108 29
69 109 19
18 143 64
27 150 11
76 157 17
84 157 14
122 168 5
119 173 1
75 177 5
54 178 2
83 186 32
109 191 5
89 198 10
66 209 33
189 210 10
84 215 38
202 218 9
137 225 4
174 226 8
150 230 8
14 231 6
58 234 10
29 240 7
23 245 8
66 246 7
185 250 8
114 253 3
163 253 9
198 255 7
90 257 10
34 269 4
249 278 7
191 283 10
30 284 8
200 284 10
222 291 62
25 292 8
43 293 9
59 293 5
226 299 8
156 301 5
212 305 4
22 306 7
34 313 22
207 313 3
97 321 7
193 321 1
23 325 8
143 328 31
198 330 1
20 332 10
324 336 10
140 339 4
226 342 10
316 344 56
158 345 2
268 346 8
255 349 7
34 354 8
305 361 7
108 365 8
161 367 11
136 372 6
173 374 3
3 375 1
280 377 9
203 380 10
294 381 2
196 383 8
159 385 9
303 388 4
187 389 61
265 391 9
31 392 10
312 392 2
17 394 10
366 399 31
389 402 9
313 405 8
169 406 7
397 406 4
4 408 10
119 408 10
369 411 6
347 414 5
146 421 1
416 427 2
70 428 6
371 435 2
365 436 7
174 439 3
47 441 14
244 442 5
345 442 9
428 443 8
138 446 8
398 450 4
207 454 8
441 458 8
228 461 7
319 462 6
100 464 7
462 464 3
169 470 33
248 471 8
258 477 5
321 479 6
493 498 4
502 535 6
488 540 9
520 549 9
492 554 3
492 560 8
513 565 7
560 565 3
526 576 8
540 576 5
531 579 6
536 580 10
582 583 10
568 593 3
576 597 7
498 602 3
558 605 6
573 605 5
489 607 4
579 607 2
505 608 9
284 325 177 166 7 19 98 186 408 150 20 198 9 346 114 53 226 173 76 32 158 100 202 292 269 24 108 60 3 244 18 46 120 248 77 313 249 132 66 68 22 105 10 143 421 234 67 464 321 8 171 179 207 81 267 6 293 208 49 125 180 33 251 36 339 394 265 345 157 45 119 178 23 4 40 43 96 133 231 12 69 25 195 147 51 328 389 102 161 58 88 62 215 57 462 42 134 126 64 79 174 70 26 193 264 168 29 14 107 342 27 211 203 246 39 56 91 187 21 72 155 169 276 34 11 255 137 89 294 116 31 65 191 83 253 153 392 406 156 278 111 316 381 84 109 239
3 291 71
5 424 39
8 178 88
7 187 97
1 187 57
6 413 59
7 58 41
2 172 67
2 469 4
7 8 53
2 216 61
3 305 11
7 241 22
5 101 22
5 316 59
4 470 23
6 344 56
1 47 17
3 434 48
8 215 71
2 91 85