600 468 35 14 38
1 2 77
2 3 81
2 4 75
3 5 10
1 6 77
3 7 13
7 8 19
6 9 10
6 10 58
5 11 9
10 12 37
8 13 8
8 14 15
5 15 26
3 16 74
2 17 21
4 18 15
16 19 16
12 20 23
1 21 10
17 22 10
9 23 5
4 24 17
19 25 5
24 26 5
20 27 12
27 28 7
10 29 10
14 30 79
1 31 57
15 32 4
3 33 76
33 34 4
18 35 5
19 36 20
33 37 10
27 38 39
6 39 6
15 40 9
33 41 2
10 42 8
17 43 21
39 44 6
37 45 26
19 46 20
45 47 74
4 48 3
34 49 10
17 50 1
37 51 3
20 52 12
25 53 10
5 54 17
33 55 32
43 56 35
43 57 1
43 58 77
38 59 39
34 60 2
10 61 11
7 62 6
60 63 6
23 64 19
33 65 14
13 66 8
59 67 5
55 68 4
55 69 8
10 70 31
64 71 72
5 72 6
8 73 5
15 74 18
40 75 9
8 76 11
7 77 74
71 78 5
56 79 35
35 80 1
44 81 6
72 82 5
15 83 7
54 84 8
31 85 1
74 86 18
24 87 1
69 88 10
48 89 73
14 90 10
2 91 2
37 92 3
44 93 7
67 94 4
46 95 10
26 96 5
88 97 6
47 98 35
52 99 6
29 100 7
79 101 72
78 102 30
90 103 4
53 104 7
71 105 40
36 106 16
81 107 28
85 108 9
1 109 66
4 110 8
94 111 7
83 112 1
55 113 56
5 114 3
56 115 4
25 116 10
98 117 38
54 118 1
53 119 5
4 120 2
99 121 9
47 122 1
14 123 4
9 124 12
78 125 5
86 126 8
100 127 7
102 128 21
86 129 6
78 130 80
34 131 1
109 132 8
93 133 10
54 134 5
72 135 7
104 136 2
100 137 4
88 138 8
11 139 6
38 140 10
78 141 2
106 142 57
24 143 17
23 144 3
48 145 3
80 146 10
88 147 2
101 148 72
52 149 16
131 150 10
141 151 2
133 152 5
56 153 3
34 154 7
148 155 72
81 156 22
42 157 2
77 158 1
75 159 9
65 160 14
105 161 40
21 162 7
139 163 10
98 164 1
129 165 6
16 166 6
64 167 4
98 168 5
12 169 6
163 170 2
169 171 3
88 172 9
150 173 1
126 174 4
123 175 9
12 176 40
160 177 8
132 178 8
101 179 67
40 180 1
1 181 77
76 182 18
130 183 9
151 184 8
49 185 32
46 186 14
13 187 10
124 188 12
35 189 5
76 190 6
185 191 32
128 192 9
27 193 12
72 194 5
135 195 5
59 196 44
18 197 16
164 198 2
71 199 6
189 200 3
129 201 7
156 202 76
39 203 7
7 204 17
9 205 5
185 206 9
123 207 6
33 208 5
120 209 1
155 210 5
116 211 10
29 212 7
104 213 4
17 214 3
119 215 5
6 216 2
54 217 8
171 218 8
15 219 5
64 220 28
149 221 6
56 222 12
150 223 10
210 224 9
181 225 2
89 226 7
11 227 8
45 228 26
119 229 6
52 230 4
53 231 9
84 232 8
135 233 2
142 234 57
161 235 34
48 236 57
178 237 18
6 238 53
192 239 5
191 240 5
158 241 5
193 242 23
9 243 2
243 244 7
61 245 10
84 246 2
33 247 66
129 248 3
138 249 6
97 250 8
70 251 31
49 252 60
208 253 9
238 254 8
22 255 10
226 256 7
206 257 3
183 258 7
202 259 2
194 260 6
227 261 10
86 262 18
125 263 5
182 264 18
172 265 6
16 266 62
37 267 8
231 268 9
28 269 6
54 270 1
16 271 26
77 272 67
135 273 5
139 274 7
75 275 58
159 276 9
142 277 1
33 278 3
183 279 1
254 280 1
197 281 16
158 282 3
100 283 10
155 284 77
185 285 10
172 286 3
200 287 8
39 288 5
129 289 10
170 290 7
269 291 10
49 292 10
233 293 5
177 294 16
77 295 45
292 296 5
54 297 19
129 298 6
227 299 4
273 300 8
158 301 8
277 302 2
155 303 11
297 304 19
23 305 29
124 306 12
48 307 8
66 308 2
111 309 9
175 310 6
109 311 5
176 312 5
184 313 7
271 314 7
39 315 10
292 316 37
32 317 3
278 318 8
312 319 8
190 320 8
232 321 10
59 322 5
31 323 7
193 324 12
271 325 3
21 326 9
2 327 8
199 328 8
103 329 3
50 330 5
186 331 50
1 332 72
88 333 4
165 334 6
219 335 7
334 336 2
10 49 19
5 64 25
79 106 72
47 109 74
109 122 5
82 124 4
119 126 4
24 133 7
112 137 10
6 142 28
55 149 16
7 153 3
133 154 7
102 161 15
142 161 15
75 163 6
11 169 6
52 177 16
11 178 17
174 179 67
23 180 8
58 181 77
7 184 71
1 202 81
128 202 21
196 202 44
143 204 17
186 206 9
180 210 5
95 215 9
88 217 8
137 217 4
93 226 7
7 227 16
52 227 4
188 227 12
191 227 32
13 230 7
30 235 79
168 239 5
123 244 7
4 245 10
156 247 66
61 249 2
14 251 46
176 251 40
220 251 28
96 254 3
40 261 6
160 261 6
215 262 9
237 262 18
189 263 10
37 265 26
197 265 16
255 265 10
228 266 26
89 272 67
212 274 10
66 275 8
258 275 7
98 281 34
264 281 18
238 292 50
236 294 16
75 295 45
153 298 7
15 303 18
7 304 19
31 306 57
234 306 57
304 316 37
139 320 9
276 321 8
222 324 12
268 325 7
292 331 50
236 332 72
239 334 6
340 364 10
339 390 9
392 399 1
393 404 5
367 411 8
380 415 4
414 424 5
372 432 2
433 445 4
446 449 10
352 462 8
423 463 6
443 479 6
365 489 4
453 491 10
385 493 7
381 497 6
398 497 2
341 507 3
341 514 10
514 521 5
373 531 8
434 532 5
408 533 1
346 534 6
425 536 2
509 538 2
398 541 3
381 543 4
409 543 7
348 548 9
496 550 5
503 551 1
474 552 8
515 552 8
485 553 10
520 553 6
528 553 4
407 554 6
545 555 5
485 557 1
459 559 4
488 559 5
490 561 5
360 571 1
425 577 2
449 578 3
493 579 9
511 585 3
485 588 2
458 592 8
549 593 6
346 597 9
406 597 6
186 71 25 72 48 98 156 149 3 43 24 262 66 84 18 275 334 75 155 185 210 77 34 78 226 9 12 76 59 14 102 16 11 27 35
14 70 20
7 4 44
6 211 10
9 271 29
10 130 87
2 275 74
3 43 65
3 30 52
1 303 18
8 235 45
4 81 24
4 54 40
6 252 60
4 23 14
14 54 22
2 176 79
13 117 38
4 98 60
7 184 71
9 315 10
12 113 56
6 265 35
4 20 25
3 174 67
7 45 89
5 242 23
6 107 28
1 79 49
4 47 68
6 305 29
7 148 94
2 36 31
13 30 90
5 284 77
10 322 5
4 64 77
10 266 62
12 142 23