595 252 8 4 9
1 2 57
1 3 49
2 4 62
2 5 5
2 6 4
4 7 9
2 8 8
4 9 19
1 10 65
2 11 7
5 12 10
5 13 10
3 14 8
7 15 9
5 16 15
12 17 4
10 18 60
7 19 4
14 20 3
20 21 6
4 22 20
22 23 5
14 24 7
19 25 6
3 26 48
3 27 1
15 28 5
28 29 31
28 30 39
4 31 55
7 32 8
4 33 6
28 34 4
14 35 1
18 36 4
16 37 15
26 38 58
30 39 10
11 40 8
1 41 61
19 42 6
23 43 8
32 44 5
2 45 8
11 46 8
27 47 3
11 48 17
1 49 30
41 50 20
34 51 7
33 52 6
18 53 63
22 54 3
44 55 35
50 56 5
29 57 8
47 58 6
24 59 7
22 60 3
16 61 7
48 62 3
28 63 5
38 64 35
23 65 1
37 66 58
53 67 2
28 68 1
22 69 5
69 70 5
30 71 8
24 72 8
52 73 10
18 74 5
26 75 10
65 76 2
52 77 36
29 78 61
20 79 7
48 80 7
38 81 9
63 82 7
25 83 4
15 84 5
40 85 3
2 86 10
7 87 9
84 88 10
57 89 8
22 90 3
80 91 4
91 92 4
14 93 9
18 25 10
22 25 8
8 27 10
13 29 10
7 39 8
30 41 47
28 44 25
18 48 10
22 48 14
11 49 30
9 50 20
31 54 50
22 59 7
40 59 2
58 59 1
55 64 35
31 66 58
41 70 5
28 72 13
35 72 6
35 73 8
2 75 10
2 77 30
8 77 6
10 77 7
11 79 7
6 80 5
51 80 4
22 86 7
27 86 10
9 87 8
19 90 10
34 91 3
21 92 6
129 139 1
120 151 2
114 167 3
160 170 6
109 175 2
171 180 2
164 186 8
106 189 2
101 190 9
103 193 7
147 206 4
139 208 2
109 211 9
172 213 7
131 216 1
153 218 1
206 234 1
149 235 9
159 254 10
142 258 6
111 260 8
97 262 3
244 262 2
226 279 2
241 297 3
170 299 5
227 311 3
300 311 10
103 329 1
203 333 7
251 340 6
265 345 3
235 347 6
232 354 1
178 359 7
100 361 9
268 363 4
339 369 1
226 373 9
107 384 8
263 384 10
322 387 6
197 390 10
296 390 8
348 392 3
157 395 5
104 402 3
343 404 8
399 405 4
220 410 10
297 414 4
238 416 1
295 417 1
309 418 10
368 419 6
186 428 10
151 431 9
351 431 8
296 438 10
97 442 6
329 442 10
184 449 9
416 450 3
391 454 5
363 456 1
329 459 2
416 460 7
380 461 7
332 462 1
207 464 8
241 465 7
424 466 10
435 466 5
143 477 1
349 479 8
263 480 1
468 481 10
325 482 2
261 485 10
140 491 9
258 492 5
431 495 9
225 496 7
310 498 5
107 499 1
308 499 2
106 503 4
112 505 3
296 505 3
436 506 9
476 507 9
428 512 9
411 513 10
338 515 7
340 519 3
419 519 10
185 520 10
304 528 8
134 529 9
453 532 1
509 534 5
383 535 6
355 536 2
420 536 8
491 537 6
104 540 6
313 540 9
203 549 4
543 551 3
165 552 8
164 557 1
500 565 8
445 567 10
181 568 6
477 576 3
415 577 7
241 578 3
513 578 9
460 584 2
364 588 10
275 589 4
215 593 8
531 593 7
141 594 3
255 594 10
413 595 9
19 29 48 8 15 4 3 44
2 24 2
2 78 61
3 52 49
2 9 44
2 38 93
3 37 73
2 54 53
1 53 63
2 2 99