596 693 55 15 24
1 2 81
1 3 81
1 4 16
1 5 38
2 6 6
3 7 65
7 8 19
2 9 26
5 10 43
1 11 56
4 12 5
7 13 1
5 14 38
14 15 38
7 16 3
13 17 35
3 18 25
4 19 2
2 20 10
18 21 4
9 22 4
13 23 28
6 24 17
18 25 9
6 26 1
11 27 4
25 28 6
11 29 56
25 30 30
30 31 22
31 32 10
27 33 5
24 34 1
34 35 9
5 36 9
23 37 54
24 38 12
29 39 4
7 40 40
23 41 8
16 42 3
42 43 24
13 44 6
25 45 34
7 46 7
28 47 8
42 48 38
44 49 1
10 50 43
47 51 1
12 52 2
31 53 26
45 54 51
41 55 11
55 56 28
33 57 12
8 58 5
15 59 9
48 60 38
33 61 5
61 62 7
39 63 1
57 64 52
34 65 7
40 66 20
37 67 3
60 68 9
31 69 2
6 70 8
14 71 6
19 72 2
2 73 42
5 74 5
16 75 8
17 76 10
8 77 11
28 78 3
8 79 8
46 80 12
21 81 5
51 82 2
32 83 10
78 84 4
31 85 9
30 86 10
3 87 80
47 88 14
83 89 1
47 90 6
31 91 6
24 92 10
17 93 24
71 94 6
83 95 20
79 96 10
73 97 4
15 98 38
41 99 7
33 100 6
37 101 54
40 102 3
58 103 4
28 104 10
63 105 6
91 106 8
80 107 39
19 108 7
45 109 8
27 110 2
46 111 10
111 112 7
51 113 10
93 114 23
103 115 8
17 116 2
4 117 10
76 118 2
81 119 4
48 120 60
86 121 8
41 122 1
72 123 2
118 124 9
45 125 42
57 126 40
53 127 10
54 128 8
7 129 39
9 130 10
99 131 2
98 132 6
25 133 2
124 134 6
40 135 59
74 136 7
28 137 8
117 138 3
14 139 32
137 140 2
63 141 7
98 142 55
31 143 18
83 144 79
31 145 45
18 146 33
146 147 10
104 148 10
64 149 4
119 150 22
6 151 2
147 152 6
141 153 13
110 154 3
104 155 8
46 156 8
7 157 56
61 158 6
19 159 5
139 160 9
132 161 8
4 162 7
84 163 8
3 164 16
50 165 2
131 166 7
112 167 10
106 168 5
153 169 5
160 170 2
135 171 64
167 172 7
15 173 10
121 174 14
33 175 4
33 176 2
98 177 2
74 178 5
132 179 1
109 180 8
168 181 7
91 182 4
114 183 23
183 184 1
69 185 5
170 186 9
116 187 3
153 188 6
40 189 8
20 190 5
105 191 9
117 192 1
6 193 7
81 194 4
25 195 12
95 196 10
90 197 6
30 198 6
160 199 10
67 200 5
169 201 8
129 202 39
200 203 7
61 204 1
51 205 1
53 206 10
105 207 6
144 208 2
160 209 9
103 210 7
125 211 1
174 212 14
197 213 7
180 214 8
186 215 10
214 216 9
54 217 51
21 218 5
30 219 3
213 220 38
87 221 80
170 222 2
123 223 10
177 224 10
125 225 42
225 226 42
219 227 3
81 228 8
10 229 8
103 230 7
191 231 9
201 232 5
83 233 9
75 234 8
69 235 9
59 236 3
185 237 10
86 238 2
46 239 3
144 240 20
24 241 1
39 242 2
50 243 9
193 244 53
66 245 20
227 246 4
245 247 2
55 248 38
17 249 5
242 250 7
29 251 33
34 252 5
31 253 23
233 254 9
60 255 19
213 256 21
63 257 10
169 258 1
247 259 9
127 260 1
148 261 10
143 262 18
114 263 20
126 264 27
214 265 6
177 266 10
218 267 4
226 268 42
6 269 4
199 270 9
85 271 9
167 272 11
11 273 3
77 274 9
2 275 19
60 276 76
117 277 10
202 278 39
222 279 7
244 280 8
168 281 6
1 282 9
129 283 21
167 284 1
52 285 5
23 286 6
75 287 1
80 288 7
142 289 7
141 290 13
172 291 3
38 292 12
268 293 42
291 294 5
11 295 1
28 296 5
165 297 2
293 298 42
297 299 6
294 300 13
165 301 3
44 302 1
168 303 6
125 304 42
279 305 7
253 306 3
48 307 6
213 308 5
3 309 2
146 310 10
251 311 8
150 312 7
41 313 11
93 314 6
9 315 10
178 316 7
247 317 5
259 318 6
252 319 5
272 320 4
200 321 7
120 322 6
123 323 6
119 324 2
269 325 1
192 326 3
56 327 5
231 328 2
24 329 13
16 330 7
130 331 33
318 332 3
191 333 10
100 334 7
67 335 2
260 336 10
8 337 26
214 338 26
326 339 8
277 340 76
304 341 42
23 342 62
212 343 6
153 344 11
285 345 2
218 346 5
113 347 5
204 348 5
207 349 2
221 350 80
8 351 23
105 352 29
78 353 10
20 354 9
81 355 3
3 356 6
27 357 5
177 358 5
235 359 5
343 360 5
312 361 2
111 362 10
191 363 6
28 364 6
119 365 7
219 366 9
3 367 60
334 368 5
93 369 31
286 370 9
112 371 3
43 372 1
215 373 6
31 374 10
72 375 3
70 376 8
20 377 1
89 378 10
314 379 5
149 380 3
106 381 7
292 382 9
220 383 9
89 384 4
323 385 9
16 386 4
280 387 4
203 388 8
319 389 9
29 390 20
223 391 8
97 392 10
83 393 56
307 394 6
393 395 56
88 396 7
19 397 5
351 398 23
285 399 9
299 400 6
271 401 9
356 402 6
118 403 4
99 404 4
275 405 19
210 406 7
345 407 8
146 408 9
261 409 56
391 410 1
251 411 5
65 412 5
120 413 60
36 414 6
234 415 8
374 416 10
164 417 2
391 418 3
351 419 7
68 420 5
316 421 4
348 422 8
264 423 27
38 424 17
170 425 3
214 426 3
149 427 2
231 428 7
244 429 9
367 430 3
300 431 10
416 432 10
294 433 9
26 434 3
410 435 10
26 436 1
142 437 55
424 438 6
154 439 1
331 440 33
338 441 26
411 442 7
258 443 2
41 444 10
330 445 40
188 446 42
244 447 6
126 448 6
162 449 9
245 450 5
218 451 8
74 452 7
222 453 1
145 454 76
28 455 1
299 456 8
306 457 1
79 458 7
290 459 27
458 460 9
237 461 2
292 462 3
259 463 4
173 464 7
269 465 10
193 466 6
172 467 4
440 468 24
354 469 5
373 470 8
259 471 9
438 472 6
409 473 5
348 474 6
22 475 2
380 476 6
402 477 6
119 478 26
141 479 5
110 480 4
409 481 64
114 482 2
214 483 23
289 484 8
425 485 5
469 486 4
293 487 19
65 488 8
286 489 6
319 490 7
281 491 5
28 492 7
124 493 8
318 494 9
43 495 24
428 496 9
299 497 5
349 498 4
188 499 8
330 500 1
237 501 7
359 502 10
325 503 5
265 504 56
213 505 3
231 506 4
446 507 3
495 508 9
218 509 9
119 510 10
400 511 4
251 512 1
320 513 62
158 514 6
234 515 3
168 516 9
206 517 7
80 518 2
9 519 26
178 520 7
483 521 23
24 522 5
140 523 4
206 524 10
54 525 9
454 526 2
80 527 52
227 528 4
116 529 1
508 530 1
529 531 2
380 532 7
520 533 7
280 534 11
451 535 7
455 536 5
85 537 3
253 538 25
58 539 3
350 540 8
227 541 5
39 542 3
94 543 4
273 544 8
13 48 60
30 80 39
4 105 16
60 121 20
71 121 6
101 127 7
96 130 9
86 149 4
145 150 22
83 161 6
12 163 5
2 164 39
142 164 55
135 174 5
37 181 3
176 186 10
34 188 11
34 193 58
93 194 6
148 195 4
140 200 7
72 201 10
162 205 1
63 209 9
34 212 13
56 220 28
21 222 8
172 234 5
146 251 33
183 253 37
217 256 21
108 258 1
240 263 20
25 265 36
67 265 10
19 266 2
254 270 9
88 272 14
53 276 35
95 276 13
261 277 55
248 278 39
25 280 8
132 280 2
62 289 10
136 290 9
73 298 42
197 305 7
296 308 6
100 314 7
173 318 9
216 318 9
183 319 14
212 322 10
95 329 13
248 340 76
75 341 2
283 341 21
262 344 18
338 346 9
315 350 10
320 350 77
107 352 58
167 357 5
291 357 2
299 361 10
105 362 3
61 364 9
34 365 4
300 369 13
352 369 44
284 371 1
330 372 8
129 376 8
103 380 5
136 382 9
289 382 5
169 385 9
228 386 1
231 389 9
283 390 20
157 395 56
344 398 23
107 401 48
188 401 20
397 402 9
306 404 8
277 405 20
342 405 62
404 405 7
280 407 7
327 407 5
237 412 6
367 413 60
361 418 5
160 423 8
178 426 5
212 431 8
319 432 10
234 434 9
409 437 55
139 440 32
337 441 26
244 444 10
126 445 40
450 451 7
450 452 8
153 456 8
14 459 20
373 460 3
2 465 4
39 467 4
265 467 9
423 468 24
33 477 4
50 478 26
217 481 64
384 483 1
255 487 19
459 492 10
130 495 33
275 499 8
479 500 4
185 502 1
121 503 4
292 508 9
76 509 10
228 509 10
494 510 5
30 519 35
156 519 7
290 521 23
40 524 10
441 533 3
313 534 11
239 537 3
320 538 25
368 542 3
558 562 7
556 563 4
562 569 8
551 570 3
566 570 8
562 573 1
567 573 4
551 578 7
552 582 3
577 584 7
547 585 9
551 591 2
99 93 116 405 451 123 39 106 2 220 201 519 294 234 98 72 18 145 330 141 42 83 50 277 265 89 118 183 188 341 172 178 245 214 25 21 139 5 105 212 228 344 272 409 132 34 67 258 75 7 112 95 440 361 153
9 213 65
6 513 62
13 202 21
4 125 85
6 345 10
15 244 61
15 276 98
14 401 65
5 101 60
14 171 64
14 352 63
6 446 42
8 77 11
13 527 52
3 504 56
15 95 66
15 64 55
14 393 34
7 20 4
13 350 78
2 195 16
9 454 76
4 144 99
15 424 17