610 563 50 7 16
1 2 92
2 3 82
1 4 88
1 5 60
3 6 21
3 7 4
5 8 57
8 9 6
5 10 60
1 11 3
9 12 10
5 13 44
6 14 33
7 15 4
3 16 39
5 17 9
11 18 6
10 19 82
15 20 4
10 21 3
16 22 41
16 23 7
2 24 10
1 25 74
2 26 10
7 27 8
26 28 6
13 29 2
24 30 8
26 31 74
28 32 10
2 33 5
4 34 88
17 35 23
23 36 4
32 37 10
8 38 56
36 39 10
15 40 11
5 41 17
35 42 17
16 43 10
20 44 3
43 45 7
45 46 9
1 47 94
9 48 5
13 49 36
36 50 4
44 51 6
32 52 7
45 53 9
38 54 9
37 55 11
34 56 90
10 57 93
19 58 8
41 59 8
13 60 9
29 61 8
34 62 26
46 63 7
2 64 10
64 65 1
9 66 2
25 67 2
65 68 9
20 69 10
38 70 53
28 71 4
14 72 15
46 73 4
29 74 6
6 75 1
2 76 7
60 77 1
12 78 6
7 79 2
19 80 70
31 81 1
6 82 2
53 83 6
42 84 14
20 85 4
74 86 4
49 87 69
73 88 2
10 89 41
42 90 7
59 91 2
91 92 10
91 93 8
61 94 1
83 95 9
89 96 6
26 97 74
66 98 10
92 99 8
41 100 3
19 101 2
47 102 83
12 103 6
41 104 7
8 105 6
6 106 35
32 107 5
79 108 1
70 109 23
80 110 7
89 111 16
25 112 7
44 113 6
77 114 3
107 115 6
63 116 3
94 117 5
42 118 8
72 119 74
73 120 5
17 121 14
101 122 8
69 123 5
5 124 9
98 125 7
58 126 6
95 127 5
14 128 2
2 129 6
49 130 37
61 131 10
32 132 1
88 133 89
104 134 1
84 135 8
23 136 7
33 137 9
101 138 5
135 139 5
57 140 9
88 141 1
62 142 26
29 143 7
46 144 9
87 145 87
11 146 6
115 147 10
25 148 74
118 149 4
60 150 6
109 151 25
96 152 7
138 153 2
147 154 10
3 155 82
19 156 1
89 157 47
136 158 10
93 159 9
37 160 10
71 161 4
106 162 3
15 163 7
79 164 9
99 165 5
111 166 16
106 167 6
136 168 9
148 169 6
100 170 9
125 171 3
110 172 3
166 173 16
106 174 71
117 175 5
11 176 5
171 177 78
40 178 8
120 179 8
172 180 10
136 181 10
39 182 9
102 183 83
63 184 5
155 185 12
149 186 1
65 187 9
159 188 18
72 189 8
59 190 3
50 191 7
171 192 78
35 193 9
31 194 7
155 195 1
72 196 93
128 197 7
194 198 4
10 199 8
199 200 7
13 201 1
160 202 4
110 203 4
46 204 9
88 205 88
22 206 5
95 207 8
192 208 4
31 209 94
165 210 5
130 211 7
166 212 1
105 213 3
112 214 5
3 215 5
195 216 10
92 217 5
79 218 8
165 219 4
188 220 18
106 221 10
159 222 2
161 223 7
201 224 6
100 225 5
221 226 8
104 227 2
166 228 5
222 229 10
198 230 8
60 231 5
51 232 88
58 233 1
148 234 1
13 235 9
61 236 5
207 237 7
68 238 6
58 239 8
148 240 1
195 241 3
69 242 1
59 243 4
97 244 6
209 245 2
236 246 7
81 247 10
200 248 7
176 249 9
20 250 8
178 251 7
229 252 8
161 253 6
124 254 5
51 255 9
185 256 2
41 257 17
35 258 17
210 259 5
92 260 7
36 261 4
13 262 7
85 263 1
26 264 9
257 265 8
174 266 7
250 267 8
255 268 17
259 269 9
145 270 93
125 271 9
262 272 4
241 273 10
114 274 10
26 275 3
266 276 7
236 277 7
218 278 7
130 279 33
247 280 7
149 281 8
254 282 9
279 283 33
269 284 9
63 285 4
18 286 9
65 287 4
180 288 8
219 289 7
126 290 3
182 291 5
135 292 4
231 293 1
279 294 5
50 295 13
193 296 2
257 297 2
196 298 4
144 299 10
213 300 3
254 301 1
9 302 8
22 303 46
207 304 7
72 305 4
164 306 1
277 307 8
238 308 4
308 309 9
148 310 7
13 311 10
221 312 7
103 313 10
2 314 4
73 315 9
252 316 2
242 317 6
147 318 3
216 319 3
154 320 8
77 321 3
53 322 17
24 323 16
248 324 3
191 325 3
32 326 10
187 327 9
246 328 2
114 329 6
102 330 9
89 331 11
7 332 3
293 333 10
87 334 10
191 335 8
104 336 10
183 337 4
153 338 8
161 339 8
181 340 5
125 341 4
161 342 9
37 343 77
189 344 5
35 345 8
245 346 9
50 347 3
112 348 4
343 349 2
269 350 3
106 351 4
34 352 2
140 353 3
274 354 8
64 355 6
129 356 2
113 357 3
185 358 6
73 359 4
299 360 8
170 361 9
346 362 2
23 363 10
1 364 6
338 365 4
41 366 5
37 367 74
57 368 93
334 369 6
39 370 5
22 371 4
146 372 3
45 373 9
153 374 4
122 375 4
325 376 6
96 377 6
207 378 7
143 379 5
355 380 1
212 381 2
126 382 8
82 383 3
174 384 5
220 385 18
349 386 1
255 387 25
15 388 2
148 389 74
190 390 9
119 391 74
259 392 7
325 393 4
38 394 2
133 395 7
187 396 14
113 397 6
35 398 40
396 399 14
282 400 7
183 401 1
349 402 6
288 403 2
177 404 81
145 405 4
62 82 6
68 85 2
42 88 15
80 97 70
34 99 8
64 103 3
82 107 9
87 118 10
114 123 3
21 124 4
88 127 2
73 144 10
36 146 3
132 147 10
19 153 4
123 153 4
154 163 7
42 165 17
49 177 3
110 178 6
90 179 6
51 183 83
174 192 78
19 196 88
155 196 88
9 207 1
53 210 5
117 213 2
113 219 2
98 229 4
106 232 37
136 233 10
226 235 8
11 239 1
219 242 2
121 244 14
176 244 10
15 246 5
244 248 7
109 249 9
90 252 3
226 253 4
217 254 2
231 256 9
49 257 21
232 257 52
206 258 8
131 260 1
194 260 7
257 274 31
168 276 7
126 277 2
89 278 7
191 279 10
155 283 33
249 288 10
190 291 2
133 292 7
233 293 9
218 295 7
235 295 7
71 299 10
185 299 12
265 302 8
57 304 7
98 308 7
26 309 4
65 313 5
29 316 9
77 316 7
268 322 17
205 323 16
37 326 18
105 329 6
40 331 11
68 334 10
129 335 8
315 335 4
138 338 7
55 344 11
299 344 6
63 355 4
165 355 4
53 356 3
116 357 7
317 358 6
338 358 5
130 359 5
319 360 10
24 362 8
237 362 4
239 362 10
133 368 90
151 368 25
258 374 7
264 375 5
281 375 1
145 377 6
150 377 10
73 379 5
223 381 4
326 385 18
56 387 25
97 389 74
327 390 5
367 391 74
242 393 3
63 395 8
303 398 46
159 399 14
419 426 7
413 430 2
441 447 2
427 452 3
420 471 2
460 472 10
441 479 8
431 483 3
478 484 5
407 485 10
428 492 7
408 498 6
467 508 4
441 510 4
461 513 9
467 518 1
419 519 8
525 538 2
462 546 5
411 551 1
436 552 8
460 553 4
491 553 9
419 556 10
435 557 7
522 557 3
420 566 8
512 568 3
504 569 5
463 570 3
493 572 7
573 575 2
499 578 10
518 582 8
519 584 9
577 584 7
516 586 2
553 586 3
527 589 7
588 592 10
427 601 7
522 602 7
481 603 9
493 605 2
497 605 8
518 606 9
426 607 2
563 607 3
482 608 7
28 185 40 252 259 236 258 194 299 59 155 219 176 165 375 229 12 87 96 113 148 105 68 368 249 10 239 274 98 79 85 25 338 14 192 61 51 109 13 11 295 9 31 62 187 23 126 377 145 38
2 56 66
3 173 16
1 270 93
7 398 85
1 343 77
6 4 41
7 84 18
4 88 18
1 404 81
7 209 79
6 14 70
1 142 26
7 157 47
6 205 72
2 50 21
3 70 75