591 291 47 5 10
1 2 21
1 3 34
3 4 7
1 5 41
5 6 10
2 7 13
1 8 2
3 9 34
2 10 21
5 11 23
1 12 4
6 13 6
6 14 2
13 15 1
1 16 75
10 17 6
9 18 59
13 19 6
1 20 15
9 21 2
18 22 6
1 23 18
14 24 8
4 25 10
14 26 8
5 27 3
24 28 8
23 29 18
4 30 2
19 31 5
1 32 8
20 33 2
16 34 67
6 35 6
34 36 67
27 37 6
11 38 23
33 39 10
16 40 2
10 41 21
9 42 6
9 43 7
34 44 8
34 45 7
20 46 4
46 47 5
2 48 2
12 49 1
29 50 4
13 51 4
47 52 9
27 53 3
49 54 10
10 55 10
34 56 9
8 57 7
14 58 4
9 59 21
47 60 7
3 61 2
35 62 48
7 63 13
6 64 7
51 65 8
57 66 8
63 67 10
6 68 7
16 69 43
41 70 21
33 71 7
35 72 2
1 73 24
16 74 8
62 75 97
28 76 5
43 77 5
64 78 4
78 79 2
52 80 9
15 81 9
33 82 2
28 83 4
54 84 1
47 85 5
61 86 1
10 87 2
44 88 10
80 89 6
23 90 8
83 91 10
64 92 10
61 93 2
73 94 6
28 95 5
6 96 8
14 97 3
53 98 8
37 99 7
37 100 9
90 101 4
68 102 6
100 103 10
59 104 1
26 105 7
98 106 9
38 107 45
34 108 10
9 109 5
90 110 5
58 111 10
22 112 9
2 113 7
40 114 6
113 115 9
4 116 14
35 117 1
4 118 2
97 119 4
41 120 3
111 121 8
62 122 5
20 123 15
72 124 4
32 125 5
69 126 37
44 127 4
35 128 46
63 129 25
74 130 7
124 131 1
34 132 6
70 133 2
43 134 1
93 135 9
69 136 1
128 137 2
47 138 5
47 139 6
131 140 9
28 141 10
18 142 6
54 143 3
109 144 10
97 145 9
53 146 2
76 147 2
108 148 7
95 149 4
58 150 1
9 151 9
17 152 2
25 153 10
32 154 10
139 155 1
26 156 8
38 157 1
16 158 5
30 159 4
28 160 2
147 161 10
46 162 10
64 163 8
144 164 4
29 70 19
59 70 21
59 81 2
50 85 2
29 86 9
59 89 3
84 91 10
90 95 9
40 96 5
89 100 3
99 101 7
76 102 4
22 105 3
74 113 6
44 118 1
121 122 2
92 125 10
73 128 24
27 130 4
48 130 4
1 135 4
133 137 2
124 140 7
20 141 4
69 142 7
115 144 1
108 152 6
117 155 7
27 158 4
148 159 7
113 161 9
123 164 6
172 186 4
222 248 6
210 274 10
254 275 9
248 277 8
250 280 6
228 286 9
233 295 7
214 297 4
190 323 3
208 338 4
235 343 6
242 346 3
201 349 9
258 349 3
314 350 3
327 352 5
214 353 9
224 354 5
290 363 1
198 372 3
178 374 4
199 381 5
272 387 2
166 390 6
225 390 9
181 391 4
246 401 10
223 407 4
238 416 3
329 421 7
225 426 10
418 428 9
364 430 9
253 434 8
348 439 7
216 443 4
185 447 2
430 449 9
196 453 1
306 456 9
424 456 1
342 460 7
343 462 3
305 467 4
289 472 2
278 476 2
400 480 3
445 482 2
437 485 9
464 485 4
260 486 6
432 486 5
366 487 8
390 488 5
348 502 8
408 506 2
209 508 6
397 513 6
388 515 5
277 517 9
227 518 6
322 518 5
494 519 6
302 521 3
175 523 7
307 525 4
240 528 3
266 528 5
188 529 2
168 532 10
170 533 8
202 533 1
492 537 4
201 539 10
226 539 10
245 543 5
442 547 1
326 551 1
397 557 5
412 560 2
242 564 1
382 565 8
379 566 6
405 566 9
510 567 3
169 570 6
402 570 10
539 570 7
347 571 1
355 573 10
233 581 1
397 581 2
359 583 6
475 585 3
303 587 1
47 3 29 54 97 9 74 62 4 59 20 113 33 40 23 70 95 144 28 14 38 69 128 124 27 6 61 10 63 90 100 34 89 46 16 13 5 53 37 18 130 58 41 44 26 32 76
4 75 97
1 41 42
2 126 37
3 116 14
5 129 25
1 123 15
5 18 65
3 107 45
1 36 67
2 5 59