605 483 44 7 7
1 2 59
2 3 37
2 4 9
2 5 27
3 6 8
2 7 1
3 8 6
5 9 9
6 10 2
1 11 53
10 12 7
11 13 12
3 14 5
11 15 9
15 16 6
13 17 1
15 18 1
11 19 9
15 20 9
19 21 5
13 22 6
18 23 3
13 24 2
17 25 10
6 26 8
6 27 8
21 28 3
3 29 4
11 30 2
15 31 8
24 32 3
4 33 3
18 34 1
33 35 10
21 36 3
1 37 5
12 38 3
6 39 2
27 40 1
8 41 1
26 42 4
21 43 7
5 44 9
26 45 26
35 46 7
2 47 58
23 48 5
38 49 9
20 50 6
12 51 10
19 52 5
13 53 8
1 54 6
3 55 3
20 56 4
10 57 10
7 58 2
47 59 53
56 60 5
22 61 10
16 62 9
5 63 1
57 64 5
10 65 9
26 66 2
40 67 1
37 68 6
66 69 10
17 70 6
35 71 5
5 72 31
35 73 2
38 74 4
69 75 4
34 76 7
12 77 1
55 78 4
66 79 4
49 80 6
10 81 4
20 82 8
43 83 7
44 84 5
1 85 8
58 86 2
17 87 6
45 88 7
45 89 52
7 90 3
5 91 3
65 92 6
5 93 9
55 94 10
58 95 10
23 96 9
68 97 10
25 98 5
91 99 4
44 100 8
38 101 8
4 102 6
79 103 15
13 104 53
97 105 8
32 106 2
37 107 7
51 108 8
104 109 53
18 110 8
76 111 10
33 112 6
37 113 1
56 114 9
99 115 4
11 116 3
81 117 6
26 118 4
42 119 1
86 120 1
61 121 8
80 122 9
78 123 7
93 124 4
110 125 10
107 126 9
5 127 9
39 128 6
25 129 35
125 130 9
66 131 7
121 132 1
59 133 32
119 134 8
130 135 6
24 136 4
36 137 2
20 138 4
13 139 3
13 140 5
121 141 10
127 142 3
133 143 31
36 144 3
26 145 9
127 146 6
122 147 8
17 148 7
54 149 4
16 150 5
81 151 5
147 152 4
57 153 3
15 154 3
142 155 7
105 156 5
92 157 5
74 158 4
27 159 9
8 160 4
27 161 4
32 162 6
102 163 9
108 164 6
27 165 1
139 166 8
30 167 10
86 168 8
5 169 6
56 170 5
134 171 10
157 172 1
74 173 6
101 174 3
92 175 2
87 176 6
127 177 5
67 178 2
154 179 4
37 180 8
134 181 8
69 182 2
32 183 2
97 184 7
47 185 9
46 186 1
79 187 16
24 188 5
141 189 10
122 190 5
189 191 6
117 192 7
186 193 4
79 194 1
184 195 7
163 196 2
178 197 1
98 198 10
127 199 6
177 200 17
159 201 3
95 202 10
128 203 7
34 204 10
193 205 4
111 206 10
206 207 13
46 208 4
176 209 20
207 210 10
13 211 2
115 212 10
112 213 2
175 214 5
28 215 3
202 216 9
64 217 3
67 218 8
130 219 7
138 220 3
163 221 3
59 222 5
10 223 3
94 224 2
84 225 9
205 226 10
125 227 9
212 228 3
122 229 9
149 230 4
226 231 6
35 232 6
89 233 52
132 234 1
168 235 3
122 236 9
221 237 9
64 238 9
23 239 1
117 240 9
129 241 15
228 242 10
233 243 52
187 244 16
83 245 1
211 246 1
114 247 6
203 248 4
91 249 1
156 250 8
202 251 2
121 252 4
173 253 8
28 254 10
52 255 9
111 256 8
166 257 1
139 258 1
28 259 7
192 260 4
127 261 7
143 262 3
67 263 4
55 264 1
117 265 5
198 266 3
141 267 8
28 268 1
70 269 10
105 270 9
214 271 1
199 272 7
194 273 9
231 274 4
18 275 1
201 276 2
94 277 2
185 278 8
243 279 52
84 280 6
127 281 3
275 282 1
220 283 4
186 284 6
281 285 3
53 286 5
209 287 20
69 288 4
206 289 13
46 290 2
203 291 9
190 292 9
174 293 8
164 294 5
227 295 8
123 296 7
52 297 6
259 298 5
236 299 4
115 300 8
203 301 3
192 302 7
268 303 9
81 304 3
27 305 8
79 306 10
195 307 10
128 308 10
95 309 7
20 310 10
160 311 5
195 312 3
296 313 4
207 314 1
207 315 9
69 316 2
55 317 8
252 318 3
18 24 6
31 32 3
9 48 5
18 50 9
14 68 9
55 69 2
11 72 52
7 73 10
55 74 3
9 77 2
12 83 5
81 91 10
43 100 8
16 102 10
26 114 18
93 114 9
34 116 8
17 121 17
98 125 7
83 128 9
114 133 9
10 135 8
46 137 4
140 163 7
1 164 8
29 165 10
36 166 3
56 168 6
94 170 3
15 172 3
3 177 20
163 177 3
16 178 10
59 181 7
100 189 6
94 191 5
115 191 2
83 195 7
131 195 4
175 195 3
130 196 5
173 199 7
119 201 8
192 202 8
94 205 1
42 206 4
163 207 10
71 208 5
194 213 5
191 215 8
164 223 12
176 223 14
112 224 1
76 226 4
108 227 9
138 234 4
103 241 15
143 244 53
128 247 2
178 249 2
248 249 8
42 250 3
139 250 8
159 251 10
35 253 1
83 253 7
165 254 5
171 259 6
111 264 3
52 266 2
25 269 30
200 269 17
11 272 2
60 274 7
145 276 2
151 280 7
280 281 7
158 284 5
173 285 8
129 287 57
159 288 2
269 289 13
129 293 7
148 293 7
274 294 5
124 299 7
140 299 3
124 300 5
17 302 7
68 309 7
124 310 3
151 315 9
156 315 2
78 316 5
67 317 9
77 317 3
319 325 4
341 356 10
333 361 9
360 380 9
354 390 5
321 392 7
387 398 6
375 399 2
373 408 3
370 414 2
409 420 2
321 427 10
386 427 6
377 432 9
341 437 1
374 442 3
365 443 9
412 449 7
342 451 7
322 452 4
436 454 4
408 456 7
373 458 10
406 458 9
452 460 10
353 461 8
382 483 8
414 483 7
333 486 5
425 487 7
387 488 3
374 496 5
499 501 10
396 504 2
382 506 6
498 507 4
403 529 3
366 533 5
379 535 3
473 536 5
523 537 2
329 543 8
364 543 3
436 545 7
455 549 8
487 550 3
337 551 6
418 558 5
347 559 10
517 561 2
319 567 7
400 570 1
526 570 8
365 571 5
407 581 10
509 583 4
497 584 1
518 584 4
368 585 9
360 586 4
362 588 1
369 591 1
585 591 5
398 592 7
591 593 9
367 595 6
446 600 5
433 601 4
325 602 2
351 604 7
259 201 66 134 59 57 133 112 3 168 78 56 253 141 19 37 315 5 76 7 121 143 21 9 203 115 124 207 43 111 140 186 114 223 58 94 20 13 23 45 226 100 81 138
5 287 77
6 244 69
2 279 52
2 244 8
5 109 53
5 72 83
4 47 99