590 365 77 10 12
1 2 93
1 3 64
2 4 91
4 5 24
2 6 28
5 7 27
7 8 30
3 9 64
6 10 5
8 11 8
10 12 4
12 13 39
12 14 7
7 15 6
2 16 10
7 17 3
8 18 30
16 19 2
4 20 66
12 21 5
10 22 1
15 23 10
20 24 66
18 25 4
17 26 4
9 27 64
23 28 7
27 29 64
19 30 5
3 31 7
7 32 10
26 33 4
23 34 1
27 35 8
28 36 14
18 37 59
36 38 37
13 39 26
7 40 4
16 41 4
26 42 8
33 43 9
37 44 53
21 45 3
13 46 9
8 47 7
23 48 9
1 49 88
17 50 9
15 51 9
38 52 4
21 53 3
3 54 21
18 55 7
7 56 37
56 57 1
17 58 4
55 59 10
40 60 4
37 61 4
21 62 7
31 63 8
44 64 53
32 65 8
31 66 3
1 67 5
38 68 53
10 69 6
15 70 2
42 71 7
36 72 10
56 73 7
68 74 5
30 75 5
46 76 4
54 77 40
31 78 9
3 79 10
51 80 6
45 81 4
31 82 2
7 83 7
41 84 2
54 85 20
27 86 8
37 87 61
50 88 4
51 89 4
11 90 10
4 91 1
67 92 9
43 93 7
6 94 10
48 95 7
91 96 4
71 97 1
20 98 9
85 99 20
11 100 6
90 101 9
89 102 7
29 103 4
65 104 4
84 105 4
29 106 93
91 107 9
49 108 18
38 109 37
79 110 4
30 111 7
11 112 7
90 113 10
17 114 9
39 115 2
88 116 10
29 117 2
45 118 8
24 119 6
76 120 10
78 121 4
5 122 7
74 123 2
18 124 59
28 125 7
76 126 6
124 127 59
46 128 10
110 129 7
24 130 66
73 131 10
79 132 2
97 133 10
58 134 10
68 135 5
87 136 6
39 137 9
127 138 85
1 139 5
10 140 1
126 141 5
100 142 3
51 143 6
118 144 10
134 145 4
5 146 3
107 147 4
145 148 3
40 149 10
51 150 7
75 151 9
17 152 4
86 153 10
148 154 9
62 155 4
71 156 1
146 157 4
7 158 4
126 159 7
79 160 10
101 161 6
140 162 5
161 163 1
113 164 1
163 165 5
131 166 3
32 167 9
110 168 6
70 169 10
132 170 6
148 171 2
99 172 20
50 173 3
115 174 6
42 175 9
168 176 8
169 177 2
61 178 5
106 179 38
98 180 3
23 181 7
56 182 7
163 183 3
51 184 3
172 185 12
53 186 9
149 187 6
20 188 6
116 189 4
172 190 18
154 191 9
146 192 6
93 193 4
43 194 4
3 195 8
179 196 38
150 197 4
186 198 6
127 199 89
140 200 7
102 201 10
196 202 10
174 203 3
12 204 2
182 205 3
72 206 7
10 207 9
130 208 66
187 209 3
149 210 10
91 211 6
121 212 3
195 213 7
101 214 2
124 215 8
202 216 10
27 217 10
140 218 6
71 219 9
11 46 5
13 49 65
39 53 28
12 56 37
64 68 53
16 77 7
39 83 7
60 86 9
53 89 7
58 92 5
61 94 4
87 95 7
53 100 6
53 109 38
29 118 2
50 125 7
77 132 79
49 133 6
76 137 2
109 146 3
42 147 8
4 150 24
134 150 1
88 157 4
113 160 10
89 163 3
128 169 8
142 173 5
165 173 10
58 174 2
21 182 7
101 182 9
126 184 9
133 184 4
161 185 12
108 190 18
133 192 8
50 193 6
150 196 21
191 196 1
22 197 5
185 197 4
140 198 9
43 200 7
184 200 3
7 203 5
1 204 2
47 206 7
46 207 8
201 207 8
37 208 66
86 209 6
92 210 10
128 211 9
72 216 10
259 285 4
277 289 3
261 292 1
287 302 9
223 318 3
285 327 3
245 344 6
248 357 6
267 363 2
307 364 2
311 371 6
346 374 8
313 396 10
295 397 8
241 400 3
403 406 4
377 414 5
412 418 6
336 420 3
273 425 1
358 425 1
369 429 9
227 430 3
328 431 4
323 433 4
323 434 6
297 438 5
433 438 7
432 440 3
401 443 4
251 447 1
242 452 2
404 452 3
437 455 4
282 456 2
415 458 1
350 460 2
392 462 2
272 464 8
434 473 8
418 481 10
431 482 4
273 483 1
393 484 6
315 487 5
458 487 2
441 492 5
348 495 1
364 497 9
323 498 8
355 503 2
446 504 6
312 508 10
391 510 9
428 510 2
272 512 8
440 512 1
506 512 3
426 518 9
507 523 5
310 524 9
407 524 10
512 524 2
395 531 10
497 531 2
432 533 9
351 534 4
291 537 2
400 540 2
455 547 3
521 547 9
527 549 10
254 554 4
340 559 5
357 559 1
388 560 3
247 563 3
227 564 9
305 568 6
281 570 8
431 573 2
575 576 9
326 577 7
360 577 2
512 578 8
261 579 4
537 580 7
424 583 10
379 585 6
395 586 10
275 588 8
475 590 7
196 90 110 173 56 13 91 113 149 3 51 20 45 11 49 148 18 118 29 169 197 127 39 77 53 42 185 15 72 172 61 4 109 182 174 89 24 36 7 92 140 38 30 2 54 8 71 10 6 146 88 163 5 124 28 12 133 150 17 21 161 16 87 32 68 207 27 132 134 58 40 23 76 184 100 31 128
1 99 30
8 132 81
1 36 58
4 106 55
3 44 63
8 199 89
4 87 77
10 161 19
9 6 28
4 2 44
8 112 7
7 138 85