605 623 29 8 20
1 2 95
2 3 18
1 4 62
1 5 102
1 6 19
5 7 8
6 8 1
3 9 23
7 10 8
10 11 9
11 12 9
4 13 54
8 14 9
5 15 41
13 16 1
2 17 33
9 18 23
11 19 12
8 20 9
20 21 14
14 22 2
19 23 8
1 24 15
22 25 5
8 26 9
5 27 57
5 28 10
17 29 11
27 30 57
14 31 18
13 32 48
6 33 9
9 34 5
18 35 23
33 36 14
19 37 15
2 38 6
9 39 10
4 40 8
21 41 7
37 42 15
6 43 10
15 44 9
3 45 8
30 46 4
46 47 4
17 48 83
26 49 10
14 50 4
25 51 98
13 52 6
45 53 6
16 54 7
5 55 57
10 56 6
15 57 2
31 58 42
28 59 9
21 60 6
60 61 4
40 62 1
7 63 3
36 64 25
55 65 54
14 66 21
25 67 6
26 68 10
8 69 5
55 70 3
52 71 1
36 72 2
59 73 5
60 74 5
57 75 7
30 76 53
34 77 9
54 78 6
14 79 10
41 80 6
66 81 3
32 82 7
54 83 10
54 84 7
43 85 3
11 86 7
41 87 2
4 88 5
71 89 4
31 90 5
7 91 4
17 92 7
66 93 8
65 94 57
34 95 4
15 96 2
81 97 13
29 98 8
35 99 10
40 100 7
49 101 3
25 102 6
38 103 10
81 104 5
44 105 7
36 106 12
94 107 43
62 108 4
84 109 6
109 110 6
50 111 4
17 112 5
91 113 10
32 114 10
100 115 12
110 116 7
7 117 4
88 118 6
110 119 7
67 120 6
22 121 5
39 122 1
7 123 3
81 124 5
76 125 2
33 126 8
68 127 5
44 128 2
45 129 8
48 130 83
113 131 9
93 132 10
111 133 65
57 134 18
73 135 3
55 136 4
96 137 9
134 138 14
52 139 8
108 140 10
70 141 9
3 142 6
73 143 7
24 144 7
84 145 9
119 146 4
126 147 5
69 148 2
1 149 92
12 150 7
43 151 10
136 152 9
117 153 8
16 154 10
44 155 8
50 156 10
87 157 10
96 158 1
133 159 65
43 160 2
17 161 9
85 162 6
123 163 10
29 164 1
10 165 1
157 166 10
42 167 4
43 168 3
86 169 10
81 170 8
121 171 18
55 172 22
138 173 14
169 174 3
19 175 1
87 176 8
153 177 10
119 178 3
77 179 10
28 180 1
156 181 6
178 182 2
81 183 10
86 184 1
12 185 9
106 186 23
73 187 5
23 188 8
29 189 22
38 190 1
186 191 30
2 192 52
117 193 7
88 194 3
11 195 7
177 196 7
68 197 7
127 198 2
173 199 4
92 200 10
142 201 9
162 202 3
99 203 10
163 204 5
82 205 8
149 206 3
83 207 7
75 208 7
69 209 1
11 210 6
14 211 10
45 212 3
57 213 6
165 214 6
187 215 8
80 216 2
166 217 8
91 218 7
76 219 62
99 220 3
157 221 6
221 222 6
187 223 1
193 224 9
10 225 6
181 226 7
134 227 4
22 228 1
173 229 3
34 230 3
200 231 10
28 232 4
135 233 3
131 234 7
25 235 94
34 236 3
96 237 2
223 238 2
96 239 10
64 240 6
76 241 10
4 242 10
13 243 5
95 244 8
25 245 10
95 246 9
212 247 3
152 248 5
49 249 6
72 250 8
107 251 2
203 252 10
105 253 5
90 254 5
56 255 6
38 256 6
26 257 6
150 258 17
218 259 5
205 260 7
100 261 3
51 262 8
19 263 7
2 264 4
27 265 6
79 266 1
44 267 6
232 268 4
22 269 7
86 270 9
252 271 12
13 272 13
81 273 11
149 274 3
148 275 5
196 276 9
268 277 8
116 278 8
197 279 4
13 280 6
213 281 3
88 282 9
67 283 7
154 284 2
127 285 8
228 286 3
169 287 10
78 288 10
288 289 3
21 290 1
278 291 1
80 292 6
191 293 30
243 294 9
119 295 10
202 296 45
97 297 34
65 298 1
69 299 9
236 300 8
70 301 2
129 302 5
157 303 10
256 304 1
127 305 5
61 306 10
282 307 8
299 308 7
93 309 2
122 310 10
239 311 2
113 312 10
113 313 1
224 314 3
159 315 65
130 316 97
32 317 44
57 318 35
241 319 10
227 320 8
89 321 36
194 322 6
283 323 4
248 324 8
145 325 89
192 326 17
129 327 5
55 328 9
51 329 9
69 330 3
300 331 3
45 332 10
167 333 3
259 334 6
71 335 2
295 336 7
143 337 10
109 338 4
130 339 8
271 340 4
178 341 6
176 342 6
241 343 15
82 344 7
98 345 5
164 346 6
11 347 9
73 348 9
343 349 40
222 350 6
211 351 7
87 352 7
284 353 5
159 354 1
206 355 10
307 356 7
208 357 4
354 358 8
242 359 8
248 360 5
159 361 6
173 362 10
241 363 15
318 364 1
225 365 9
365 366 1
275 367 6
224 368 6
268 369 8
352 370 7
120 371 7
296 372 45
89 373 10
319 374 1
158 375 10
307 376 6
253 377 3
250 378 4
224 379 11
292 380 6
374 381 6
297 382 34
179 383 7
99 384 7
245 385 10
300 386 2
186 387 9
115 388 9
311 389 7
110 390 9
35 391 23
201 392 4
303 393 5
247 394 9
92 395 10
33 396 9
213 397 9
267 398 3
1 399 10
59 400 8
260 401 4
242 402 9
156 403 4
346 404 10
2 405 4
347 406 13
141 407 9
341 408 1
274 409 7
108 410 2
166 411 9
307 412 5
304 413 3
101 414 7
50 415 8
7 416 7
284 417 10
306 418 10
252 419 7
93 420 4
163 421 7
127 422 7
363 423 10
103 424 3
184 425 2
353 426 4
188 427 10
307 428 7
377 429 6
144 430 7
297 431 4
130 432 9
121 433 18
316 434 97
150 435 24
300 436 1
90 437 5
168 438 6
392 439 9
220 440 7
37 441 15
91 442 10
28 443 4
17 444 8
223 445 6
57 446 8
255 447 10
161 448 2
218 449 4
272 450 8
277 451 9
372 452 45
351 453 4
208 454 16
165 455 8
208 456 7
65 457 6
209 458 1
11 459 3
66 460 9
325 461 4
126 462 9
106 463 8
24 40 15
32 47 5
12 57 9
32 66 24
49 72 6
20 94 21
94 100 7
2 111 61
43 112 5
89 119 30
40 130 15
87 132 9
11 136 6
42 140 1
108 152 8
6 155 6
89 155 2
11 161 9
138 172 27
169 183 10
71 185 9
145 187 45
5 189 22
137 189 7
57 193 2
115 199 7
58 202 42
186 207 10
79 212 7
136 212 8
119 218 6
119 224 17
226 232 2
30 235 57
174 239 10
106 243 15
243 246 4
30 247 5
82 250 6
31 254 10
114 254 10
171 255 9
172 255 9
60 256 6
161 260 7
75 263 7
93 268 8
92 269 7
111 272 21
164 274 2
35 276 7
21 277 7
273 277 11
71 283 8
87 283 6
137 294 1
123 298 8
246 307 8
47 309 4
187 317 44
92 320 6
169 320 10
97 321 46
65 322 3
79 324 3
288 325 36
258 326 17
243 332 6
65 334 9
199 340 4
152 341 6
30 344 9
261 344 8
29 347 7
278 356 9
28 358 3
28 362 10
188 363 15
303 367 10
349 368 6
192 369 52
328 370 7
81 371 9
330 377 26
343 377 26
235 379 37
369 379 37
10 380 10
176 380 6
172 382 19
252 383 11
288 383 35
233 385 7
369 388 9
42 390 8
138 391 14
287 391 10
279 395 1
343 397 7
293 398 23
330 398 23
171 406 24
376 407 5
127 408 10
154 409 4
283 410 6
298 410 1
26 416 7
356 417 10
41 419 7
214 421 5
350 421 1
137 426 8
113 428 7
280 428 7
113 430 7
4 433 13
349 435 24
382 441 15
392 443 1
164 449 7
217 450 8
157 451 8
51 452 98
13 454 16
188 454 15
333 454 3
210 455 1
151 462 8
170 463 8
468 477 4
464 482 9
497 513 7
476 522 3
500 529 9
521 529 9
513 530 4
520 533 5
520 535 7
483 540 9
492 540 10
517 540 10
505 551 5
537 551 1
505 552 1
487 554 6
467 562 6
505 562 5
491 563 8
539 569 7
551 569 6
539 572 4
469 575 1
480 575 5
566 575 5
540 576 8
535 583 10
496 584 8
474 586 4
511 586 3
583 594 7
274 33 106 154 188 383 145 86 7 110 29 31 208 129 70 17 90 42 379 14 20 186 454 5 99 15 91 410 80
4 318 35
7 138 27
5 433 10
1 27 4
5 434 97
2 406 26
1 271 8
6 321 82
8 64 25
4 15 20
5 423 10
2 452 53
6 278 16
1 107 43
3 349 69
6 315 65
3 325 82
8 219 62
1 149 92
1 293 20