602 398 5 6 8
1 2 26
2 3 9
3 4 4
3 5 1
4 6 9
3 7 8
6 8 10
4 9 8
2 10 9
9 11 8
9 12 7
11 13 5
7 14 9
10 15 1
5 16 5
5 17 9
14 18 3
17 19 35
2 20 4
5 21 9
5 22 5
20 23 6
14 24 3
23 25 10
5 26 2
24 27 6
27 28 7
23 29 10
5 30 2
30 31 9
21 32 3
19 33 34
32 34 5
10 35 4
27 36 7
10 37 1
21 38 3
10 39 3
2 40 7
12 41 8
19 42 7
7 43 8
28 44 8
6 45 6
44 46 10
2 47 2
8 48 3
31 49 1
11 50 9
46 51 7
35 52 1
6 53 7
51 54 9
13 55 2
6 56 29
17 57 6
21 58 1
1 59 35
21 60 9
42 61 8
10 62 2
13 63 2
23 64 6
54 65 32
8 66 10
49 67 8
47 68 6
60 69 6
37 70 1
16 71 6
68 72 9
47 73 5
69 74 36
46 75 10
72 76 10
50 77 9
20 78 8
25 79 2
45 80 1
29 81 6
73 82 39
9 83 9
17 84 23
13 85 1
43 86 8
44 87 10
27 88 6
57 89 5
78 90 6
33 91 16
50 92 4
83 93 5
21 94 7
18 95 5
40 96 3
91 97 16
92 98 3
32 99 6
53 100 2
79 101 5
39 102 10
28 103 4
32 104 10
69 105 35
92 106 5
42 107 2
65 108 8
23 109 4
31 110 5
73 111 6
69 112 41
55 113 10
66 114 4
90 115 4
24 116 10
43 117 8
44 118 9
81 119 5
29 120 1
87 121 1
109 122 6
61 123 6
24 124 4
49 125 8
24 126 7
68 127 10
27 128 1
49 129 1
60 130 5
5 131 5
106 132 9
97 133 8
92 134 4
21 135 10
71 136 8
65 137 6
84 138 1
81 139 8
28 140 9
93 141 7
122 142 10
10 143 5
101 144 10
100 145 10
1 146 3
78 147 10
5 148 7
90 149 5
24 150 2
145 151 16
124 152 5
65 153 3
48 154 8
116 155 6
70 156 8
40 157 4
3 158 3
143 159 10
54 160 25
41 161 5
39 162 5
157 163 8
30 164 3
160 165 25
83 166 2
8 167 2
92 168 5
82 169 6
88 170 5
63 171 1
98 172 2
4 173 5
65 174 9
100 175 10
63 176 1
124 177 7
96 178 10
134 179 5
34 180 10
3 181 5
72 182 9
144 183 6
82 184 1
164 185 8
151 186 8
94 187 10
43 188 9
155 189 6
151 190 16
156 191 7
91 192 7
157 193 3
193 194 4
81 195 5
89 196 9
102 197 6
7 198 6
187 199 6
190 200 7
158 201 2
73 202 3
148 203 3
174 204 7
113 205 7
74 206 8
51 207 6
190 208 16
109 209 6
2 210 4
45 211 5
203 212 2
12 213 8
65 214 41
153 215 9
129 216 6
208 217 16
70 218 3
117 219 7
143 220 6
87 221 7
171 222 2
169 223 3
1 224 7
148 225 9
175 226 10
27 227 7
47 228 9
68 229 9
229 230 1
130 231 2
95 232 4
105 233 6
134 234 9
217 235 7
178 236 6
127 237 6
13 238 9
8 239 9
54 240 4
237 241 4
210 242 3
202 243 3
116 244 6
139 245 4
175 246 34
140 247 6
168 248 7
146 249 3
89 250 8
56 251 29
237 252 8
79 253 6
236 254 10
65 255 7
220 256 8
211 257 9
151 258 6
93 259 1
168 260 6
195 261 1
147 262 5
211 263 5
107 264 1
90 265 6
171 266 2
111 267 4
224 268 4
75 269 2
9 270 29
176 271 2
257 272 7
32 273 9
24 28 9
11 43 7
4 62 10
46 64 5
38 68 3
59 73 34
66 74 36
25 80 1
59 105 35
12 109 6
40 122 5
94 122 6
87 123 7
15 124 4
123 125 9
2 134 8
86 136 1
88 140 5
9 147 7
79 162 7
27 164 5
152 165 25
12 167 4
67 169 6
139 170 4
112 174 7
152 175 24
78 179 3
44 180 6
6 182 9
31 185 9
158 197 8
143 204 2
180 204 3
2 212 5
97 217 16
156 222 1
211 228 6
222 231 7
57 233 10
67 241 3
173 241 3
206 242 4
1 243 26
84 243 23
2 244 6
112 246 34
27 249 4
169 250 6
189 251 29
145 256 8
1 257 11
53 260 5
126 262 3
150 264 4
199 264 5
150 266 5
89 272 8
78 273 2
274 291 5
276 295 10
308 314 8
321 328 7
309 345 6
280 346 4
324 368 1
348 374 4
294 376 7
366 384 5
278 385 5
369 391 2
300 409 6
279 426 7
354 427 5
417 430 4
425 442 4
410 444 10
306 451 2
291 453 5
317 453 1
458 461 7
396 468 4
372 472 1
297 474 10
378 477 2
421 478 2
358 481 5
426 488 5
366 490 5
410 494 5
360 497 8
448 504 7
490 505 2
320 506 7
459 506 7
413 513 3
398 518 2
373 519 10
450 519 4
443 526 8
485 526 9
363 527 8
283 529 10
496 532 6
335 533 7
512 533 7
495 535 10
468 540 1
394 542 10
294 544 1
495 544 8
529 546 2
289 553 2
343 557 9
383 557 3
537 573 1
475 577 9
505 577 1
515 577 10
319 578 1
350 584 9
518 592 1
559 595 2
467 596 10
364 601 8
393 601 3
211 139 237 140 17
4 189 35
2 234 6
1 82 45
4 214 41
5 66 46
3 59 35
5 270 29
4 33 50