598 423 92 8 21
1 2 100
2 3 35
3 4 1
3 5 81
4 6 5
5 7 35
7 8 13
7 9 23
8 10 9
8 11 18
5 12 3
12 13 8
4 14 9
8 15 10
9 16 17
5 17 4
10 18 9
7 19 8
3 20 12
8 21 4
11 22 3
6 23 3
7 24 42
16 25 17
19 26 8
16 27 6
11 28 11
4 29 1
4 30 5
21 31 8
24 32 4
13 33 8
6 34 2
20 35 12
16 36 9
36 37 8
11 38 5
2 39 10
13 40 9
28 41 10
35 42 3
34 43 8
9 44 32
9 45 10
20 46 1
8 47 96
47 48 96
26 49 7
2 50 97
14 51 5
40 52 8
35 53 6
6 54 9
54 55 4
35 56 15
16 57 7
54 58 9
20 59 21
28 60 3
15 61 9
50 62 28
58 63 6
3 64 21
53 65 3
40 66 1
35 67 2
26 68 4
55 69 9
60 70 3
24 71 72
63 72 1
21 73 2
44 74 5
32 75 9
57 76 7
29 77 7
38 78 6
66 79 3
46 80 6
13 81 3
31 82 3
18 83 3
20 84 21
34 85 23
47 86 2
14 87 2
85 88 5
25 89 3
69 90 6
3 91 14
78 92 2
6 93 1
46 94 10
62 95 6
47 96 38
5 97 24
94 98 6
87 99 3
62 100 9
64 101 21
26 102 3
48 103 99
62 104 14
72 105 24
48 106 3
75 107 10
1 108 100
44 109 32
22 110 7
20 111 8
24 112 7
98 113 4
28 114 8
108 115 88
28 116 7
54 117 7
108 118 8
86 119 10
104 120 7
4 121 9
73 122 9
59 123 2
106 124 5
111 125 6
94 126 6
32 127 8
57 128 10
93 129 8
115 130 80
18 131 9
98 132 9
45 133 7
67 134 8
31 135 40
60 136 6
124 137 5
10 138 8
130 139 80
105 140 5
57 141 7
2 142 32
8 143 7
62 144 10
41 145 10
125 146 6
102 147 9
27 148 1
26 149 14
143 150 9
11 151 3
96 152 9
108 153 23
56 154 86
77 155 10
84 156 10
25 157 17
61 158 6
26 159 10
113 160 5
34 161 5
138 162 7
17 163 5
66 164 3
85 165 6
45 166 9
18 167 10
24 168 4
15 169 20
45 170 6
75 171 6
164 172 2
142 173 32
21 174 7
34 175 8
50 176 3
54 177 2
32 178 2
171 179 10
24 180 38
123 181 10
62 182 21
96 183 31
129 184 8
118 185 6
126 186 2
170 187 8
165 188 10
99 189 8
166 190 10
169 191 8
32 192 7
91 193 8
164 194 1
157 195 9
160 196 6
53 197 7
28 198 10
175 199 7
10 200 7
118 201 8
50 202 92
56 203 8
43 204 4
99 205 18
143 206 5
56 207 10
195 208 5
197 209 3
14 210 4
121 211 7
192 212 5
31 213 33
122 214 6
81 215 10
205 216 8
215 217 3
146 218 7
141 219 1
194 220 5
45 221 8
139 222 2
121 223 10
171 224 1
175 225 9
24 226 1
9 227 9
183 228 10
223 229 4
62 230 7
230 231 1
103 232 9
224 233 10
134 234 1
170 235 5
16 236 5
145 237 10
86 238 7
203 239 2
83 240 3
135 241 40
14 242 2
139 243 2
30 244 10
200 245 9
146 246 10
174 247 4
120 248 9
140 249 10
241 250 8
72 251 24
71 252 72
242 253 6
166 254 1
27 255 5
185 256 3
153 257 23
163 258 2
196 259 6
178 260 10
201 261 9
70 262 9
131 263 1
96 264 7
114 265 4
249 266 8
264 267 8
3 15 10
11 34 23
8 50 70
67 74 8
56 84 47
65 91 3
57 94 6
79 98 7
26 101 11
97 105 24
29 106 9
31 106 3
84 107 47
80 112 5
85 115 23
76 121 9
82 122 6
70 133 2
83 138 9
107 139 47
13 141 5
109 145 32
126 145 5
142 145 32
23 146 3
62 151 1
104 152 9
21 157 10
23 157 17
110 162 6
47 170 6
101 182 21
76 184 10
41 187 9
64 190 12
81 190 10
49 197 7
90 200 9
198 205 10
100 206 9
195 209 10
90 211 6
10 212 5
181 212 6
139 213 33
127 216 9
55 223 8
188 225 6
159 228 10
77 230 7
218 233 8
46 234 9
110 234 7
133 241 20
182 248 7
139 251 24
127 255 8
81 257 3
169 257 20
114 259 10
37 261 8
82 267 4
281 301 9
273 309 1
303 333 1
332 334 5
275 349 2
340 350 7
303 353 10
272 354 8
293 354 7
337 357 9
297 364 4
336 379 2
280 388 5
269 394 4
287 396 7
371 401 8
284 408 5
284 410 3
352 415 1
396 416 9
330 433 1
382 437 3
272 438 7
278 440 10
337 446 7
319 448 10
349 451 1
393 452 1
409 454 10
438 459 4
284 460 8
331 464 10
441 465 9
289 468 6
385 470 5
393 471 1
460 472 1
446 476 10
388 483 3
413 484 9
459 484 7
382 485 1
461 491 6
419 494 6
300 495 5
323 498 3
342 498 2
331 503 10
391 507 5
383 511 7
319 512 6
441 512 10
447 514 4
309 525 5
336 528 3
330 530 8
285 532 10
320 535 5
323 537 3
343 540 2
369 546 5
434 547 7
431 549 7
412 550 4
519 550 1
414 551 5
421 551 2
456 551 3
499 551 2
300 552 10
271 556 4
340 557 8
467 558 5
320 560 6
356 560 5
551 560 10
463 565 8
268 567 7
548 570 2
559 570 8
311 572 2
303 573 4
343 574 3
364 574 4
354 575 8
502 575 9
277 580 5
355 580 1
572 584 4
551 589 3
351 594 5
519 595 5
291 597 7
344 598 10
494 598 7
57 106 175 230 91 18 105 8 241 6 212 200 15 127 96 5 98 190 171 139 143 53 108 121 81 9 107 169 41 197 133 7 101 94 26 67 164 34 31 14 50 104 138 66 157 54 114 70 25 146 28 90 29 60 32 166 40 75 83 21 126 62 47 46 182 76 56 55 45 2 4 82 11 85 16 24 84 27 35 3 170 115 234 118 13 223 257 141 145 72 20 110
2 241 54
5 101 62
4 133 51
8 167 9
4 180 38
8 109 9
1 59 21
7 252 72
3 11 30
8 23 19
1 103 99
3 99 20
1 5 72
8 91 24
6 149 14
6 154 31
3 202 92
4 154 86
6 183 41
3 136 1
5 173 32