610 520 11 3 5
1 2 10
2 3 2
1 4 83
1 5 4
5 6 8
3 7 2
1 8 31
5 9 3
6 10 2
3 11 8
4 12 7
1 13 7
4 14 9
7 15 8
9 16 5
7 17 5
3 18 7
13 19 8
11 20 8
18 21 6
14 22 4
15 23 4
5 24 2
2 25 6
18 26 6
20 27 7
18 28 5
12 29 5
29 30 10
10 31 8
27 32 9
17 33 5
13 34 4
34 35 8
13 36 10
4 37 82
8 38 4
25 39 5
36 40 1
21 41 1
24 42 2
28 43 1
8 44 31
1 45 81
13 46 7
29 47 3
40 48 4
11 49 3
7 50 6
47 51 1
13 52 10
33 53 7
46 54 6
46 55 2
10 56 3
1 57 1
45 58 5
58 59 10
49 60 7
56 61 2
2 62 5
58 63 2
2 64 3
54 65 2
5 66 2
21 67 8
54 68 4
48 69 10
56 70 8
22 71 4
45 72 2
35 73 6
64 74 3
37 75 82
47 76 4
63 77 1
2 78 6
21 79 2
22 80 2
29 81 6
26 82 8
61 83 6
27 84 7
64 85 7
18 86 7
67 87 8
40 88 3
67 89 8
16 90 10
4 91 2
74 92 6
23 93 2
89 94 2
53 95 7
42 96 5
69 97 1
4 98 28
88 99 9
60 100 8
19 101 7
99 102 9
47 103 9
83 104 3
78 105 8
6 106 8
41 107 10
51 108 3
91 109 10
101 110 6
50 111 7
28 112 3
18 113 8
99 114 8
69 115 3
25 116 89
42 117 2
83 118 4
42 119 2
115 120 9
61 121 29
43 122 3
67 123 5
16 124 5
93 125 8
46 126 2
99 127 25
6 128 2
64 129 1
116 130 82
104 131 4
112 132 4
126 133 10
18 134 3
72 135 6
11 136 10
78 137 4
22 138 4
68 139 5
51 140 4
130 141 82
8 142 1
4 143 1
3 144 1
142 145 5
83 146 1
16 147 2
131 148 9
112 149 7
75 150 82
144 151 10
127 152 7
104 153 4
60 154 5
96 155 2
121 156 6
78 157 10
45 158 81
47 159 7
114 160 2
69 161 6
128 162 8
107 163 5
155 164 7
131 165 5
29 166 5
30 167 4
129 168 4
99 169 8
35 170 1
59 171 10
16 172 7
118 173 3
155 174 3
45 175 2
105 176 10
10 177 10
62 178 8
64 179 2
45 180 3
151 181 5
96 182 3
39 183 6
147 184 7
2 185 10
41 186 3
47 187 1
68 188 2
141 189 1
153 190 4
159 191 8
63 192 8
84 193 7
28 194 3
158 195 4
66 196 3
60 197 10
166 198 8
30 199 9
174 200 1
141 201 2
26 202 3
61 203 29
115 204 8
112 205 4
196 206 5
175 207 9
1 208 2
101 209 8
5 210 3
130 211 5
93 212 9
101 213 1
72 214 3
204 215 6
25 216 4
17 217 1
171 218 9
116 219 3
89 220 5
160 221 9
214 222 8
6 223 6
61 224 7
167 225 8
74 226 4
25 227 2
68 228 9
90 229 7
28 230 7
94 231 10
66 232 7
73 233 4
140 234 10
123 235 8
118 236 10
103 237 4
155 238 10
103 239 10
142 240 2
167 241 7
6 242 7
195 243 8
190 244 2
72 245 7
161 246 6
96 247 1
99 248 7
48 249 10
48 250 1
115 251 9
143 252 4
2 253 5
68 254 10
234 255 8
94 256 10
207 257 10
33 258 2
83 259 1
33 260 5
66 261 5
54 262 10
147 263 1
235 264 3
213 265 9
54 266 3
202 267 6
221 268 8
218 269 7
254 270 5
253 271 9
243 272 1
222 273 5
191 274 9
141 275 2
86 276 4
117 277 9
256 278 8
75 279 9
110 280 5
108 281 1
118 282 4
78 283 6
190 284 2
58 285 4
281 286 2
234 287 4
138 288 7
173 289 3
217 290 10
91 291 2
180 292 5
116 293 95
162 294 4
177 295 7
103 296 10
157 297 10
181 298 2
172 299 1
91 300 7
205 301 5
179 302 6
286 303 3
278 304 4
266 305 7
98 306 28
194 307 10
140 308 2
149 309 5
231 310 3
39 311 1
30 312 7
221 313 2
305 314 1
5 315 1
144 316 2
13 317 9
216 318 6
69 319 4
136 320 9
262 321 1
295 322 6
95 323 7
144 324 8
86 325 9
18 326 6
186 327 9
3 328 6
228 329 5
282 330 7
116 331 7
99 332 8
139 333 4
33 334 1
239 335 2
318 336 8
201 337 2
23 338 4
159 339 10
34 340 5
260 341 6
70 342 5
203 343 5
304 344 10
247 345 3
29 346 4
312 347 4
260 348 5
76 349 7
265 350 9
243 351 2
247 352 10
2 353 1
29 354 7
348 355 2
27 356 8
160 357 4
164 358 1
33 35 2
40 55 1
3 56 2
21 62 5
38 66 5
35 80 9
11 94 3
39 110 3
66 121 10
44 127 4
16 145 1
89 148 7
50 152 10
141 158 82
20 160 9
71 162 7
78 166 3
118 166 10
126 181 8
15 184 4
166 185 4
11 188 1
97 198 7
197 199 4
168 200 3
177 200 5
44 203 31
131 206 4
203 209 59
52 222 5
44 223 5
218 228 5
27 231 1
65 231 6
193 241 1
91 247 10
181 248 10
202 248 10
164 258 10
67 259 8
123 261 3
250 266 6
183 268 4
177 273 4
16 276 6
184 276 3
1 278 2
278 281 9
116 282 8
205 282 4
24 283 8
270 284 7
133 291 1
225 297 2
63 298 9
120 302 2
223 304 3
99 306 25
260 306 7
265 306 7
273 306 4
216 309 4
184 312 8
246 313 7
103 314 4
113 317 3
205 323 3
236 323 1
237 323 7
11 325 9
9 330 8
292 334 1
307 339 3
14 340 8
34 341 5
329 342 7
231 344 7
323 344 5
325 345 7
164 348 2
162 349 10
346 349 4
4 351 1
79 354 2
256 354 7
16 356 6
227 358 2
375 386 3
364 389 3
382 397 6
389 400 1
360 403 8
384 406 9
392 410 2
391 415 10
392 421 2
381 429 4
397 430 8
372 434 7
365 435 6
375 441 1
363 444 9
404 453 5
380 454 3
438 458 6
401 459 3
406 459 9
410 460 5
432 462 10
441 467 3
390 476 5
384 479 3
480 482 1
381 483 9
444 486 7
445 487 3
367 491 7
456 493 10
482 495 4
360 500 4
394 505 10
417 514 3
386 516 5
425 516 6
483 517 10
500 524 8
520 528 4
445 529 2
359 535 1
530 541 4
415 542 9
430 545 8
414 549 6
377 556 6
535 556 7
483 560 6
415 563 6
558 563 3
371 564 9
436 568 4
566 568 9
434 569 4
404 570 10
511 570 9
367 573 10
558 575 7
397 577 2
409 581 2
382 583 4
397 584 3
461 585 7
412 586 10
378 587 1
533 589 8
453 591 10
434 592 5
500 593 1
410 594 3
514 594 2
432 598 1
530 599 9
448 606 8
549 609 4
140 121 18 123 243 281 25 256 266 200 68
1 127 29
2 150 82
1 228 14
3 293 95
2 209 67