604 475 58 7 16
1 2 26
1 3 98
2 4 10
1 5 12
4 6 8
3 7 93
3 8 29
6 9 6
2 10 7
4 11 5
3 12 41
8 13 65
9 14 84
14 15 5
15 16 4
7 17 1
17 18 4
1 19 8
8 20 92
1 21 9
12 22 3
7 23 42
7 24 8
13 25 8
1 26 95
16 27 6
26 28 92
18 29 95
27 30 15
7 31 56
12 32 41
18 33 8
13 34 19
16 35 17
22 36 7
2 37 4
14 38 32
8 39 37
3 40 1
13 41 50
14 42 77
40 43 6
41 44 6
11 45 8
28 46 10
32 47 10
32 48 10
41 49 50
43 50 7
3 51 82
17 52 9
16 53 21
51 54 2
38 55 6
33 56 10
10 57 7
50 58 3
23 59 42
59 60 9
60 61 9
48 62 8
52 63 5
14 64 34
36 65 1
48 66 4
7 67 3
22 68 5
64 69 34
8 70 34
43 71 6
11 72 4
46 73 10
17 74 9
47 75 5
57 76 7
7 77 14
39 78 7
62 79 10
38 80 36
9 81 20
42 82 7
55 83 10
69 84 9
53 85 7
84 86 7
42 87 84
60 88 5
51 89 10
8 90 29
35 91 5
48 92 6
87 93 84
6 94 7
7 95 14
26 96 82
8 97 4
65 98 11
55 99 9
35 100 8
96 101 3
40 102 6
81 103 7
65 104 4
12 105 3
10 106 5
48 107 8
105 108 8
73 109 1
89 110 10
91 111 10
15 112 6
110 113 14
27 114 9
94 115 2
63 116 5
32 117 7
52 118 7
76 119 3
112 120 3
77 121 7
83 122 5
30 123 3
72 124 2
52 125 9
40 126 5
81 127 10
114 128 3
86 129 10
75 130 4
127 131 9
128 132 3
71 133 6
90 134 9
93 135 8
72 136 10
28 137 1
70 138 39
136 139 5
139 140 7
65 141 10
49 142 50
57 143 7
100 144 7
31 145 5
9 146 19
138 147 47
80 148 5
60 149 1
63 150 10
59 151 50
48 152 3
101 153 1
24 154 6
131 155 6
63 156 1
102 157 8
6 158 6
34 159 2
57 160 3
124 161 7
20 162 3
93 163 7
108 164 10
84 165 8
113 166 15
146 167 66
2 168 47
95 169 8
143 170 4
152 171 8
115 172 7
92 173 2
168 174 8
95 175 8
158 176 7
35 177 11
40 178 8
133 179 7
127 180 2
169 181 6
177 182 8
32 183 5
182 184 3
95 185 7
120 186 10
89 187 9
30 188 9
48 189 8
70 190 7
36 191 1
33 192 5
69 193 34
116 194 8
194 195 10
4 196 6
41 197 5
5 198 12
177 199 29
116 200 7
96 201 82
126 202 7
98 203 10
179 204 1
21 205 5
163 206 7
24 207 8
45 208 8
169 209 7
73 210 3
193 211 7
90 212 8
129 213 10
186 214 1
124 215 1
200 216 10
205 217 5
76 218 2
14 219 6
95 220 8
80 221 6
38 222 8
199 223 29
47 224 7
97 225 2
98 226 11
208 227 7
172 228 12
90 229 29
3 230 4
128 231 4
142 232 50
147 233 47
19 234 9
151 235 10
146 236 15
169 237 10
62 238 10
60 239 3
141 240 9
101 241 4
113 242 70
108 243 3
232 244 4
78 245 6
84 246 3
135 247 8
119 248 5
84 249 1
138 250 8
190 251 9
227 252 5
169 253 7
30 254 9
16 255 3
85 256 4
41 257 10
187 258 5
216 259 6
187 260 1
28 261 9
164 262 8
151 263 50
245 264 10
152 265 8
146 266 19
242 267 70
232 268 50
122 269 10
268 270 50
27 271 9
171 272 8
198 273 7
77 274 7
233 275 47
4 276 6
63 277 4
167 278 66
172 279 12
193 280 3
158 281 1
118 282 7
217 283 9
100 284 8
143 285 3
4 286 13
250 287 8
70 288 5
111 289 4
121 290 6
85 291 6
82 292 4
126 293 6
155 294 10
4 295 6
175 296 12
160 297 5
82 298 5
110 299 9
136 300 6
200 301 1
294 302 1
245 303 3
240 304 4
127 305 8
288 306 10
281 307 9
274 308 9
31 309 56
211 310 1
103 311 7
158 312 1
13 313 5
45 314 5
302 315 7
8 316 8
139 317 8
72 318 1
281 319 9
319 320 6
113 321 4
135 322 2
8 323 94
278 324 66
204 325 9
212 326 8
208 327 5
86 328 10
54 329 8
132 330 8
281 331 5
141 332 2
114 333 10
56 334 4
98 335 10
282 336 4
126 337 5
128 338 6
125 339 10
213 340 9
228 341 12
206 342 6
205 343 4
53 344 3
55 59 4
7 62 9
18 80 86
19 84 8
53 95 21
35 102 6
83 105 3
39 113 41
2 132 68
11 132 68
74 141 5
22 164 9
165 166 8
73 168 10
27 174 15
115 174 10
88 175 2
104 176 8
140 179 4
112 182 1
29 200 95
51 200 82
14 201 82
141 202 7
5 205 9
26 216 6
61 222 4
17 225 8
89 229 10
193 229 34
133 251 7
221 254 6
236 254 15
57 264 10
34 266 19
141 269 3
160 269 6
17 274 8
36 274 7
182 283 10
116 286 13
28 287 9
173 290 5
238 290 6
175 291 6
86 292 7
219 293 2
196 294 8
279 296 11
91 297 6
166 297 8
67 298 3
195 298 9
283 299 6
281 318 9
28 323 94
207 326 8
226 327 8
97 328 5
295 330 8
109 331 1
22 336 14
146 336 14
334 340 2
198 341 12
350 358 8
345 366 2
386 403 9
405 425 5
401 428 6
354 434 6
423 444 8
355 450 5
400 460 4
458 461 1
352 463 3
357 467 5
416 472 5
433 472 6
406 473 10
396 478 8
413 479 7
420 486 10
443 487 2
361 497 10
468 498 1
475 498 1
489 498 2
406 501 2
433 504 5
456 507 10
467 508 5
458 510 8
351 511 9
364 515 7
447 516 8
394 525 4
521 527 8
416 534 5
486 545 7
392 552 7
372 553 7
394 554 10
393 555 4
404 556 5
436 556 8
439 556 7
448 558 5
488 560 4
539 562 7
402 565 5
388 566 2
373 567 10
492 567 8
567 568 10
558 570 2
509 571 6
438 574 8
423 577 7
544 578 9
558 579 2
523 580 5
524 580 8
458 581 7
574 583 1
380 585 6
433 593 1
533 594 4
411 597 3
504 602 4
435 603 9
486 603 6
33 14 35 112 82 290 8 298 39 10 110 127 69 274 34 141 177 101 294 63 168 59 128 83 24 98 32 283 136 175 179 53 232 160 281 174 336 13 52 77 96 182 90 205 139 30 86 51 15 22 43 27 229 245 158 40 26 81
2 263 50
2 193 49
2 32 51
1 270 50
6 11 77
3 309 56
7 223 29
2 226 11
1 80 50
7 20 92
3 275 47
3 93 84
4 324 66
1 267 70
3 317 8
5 9 90