595 689 107 6 7
1 2 56
2 3 55
2 4 13
1 5 15
4 6 12
5 7 8
6 8 5
3 9 8
1 10 4
8 11 1
7 12 7
6 13 6
13 14 2
2 15 7
12 16 7
14 17 9
3 18 8
8 19 5
19 20 9
3 21 5
14 22 8
1 23 56
7 24 5
14 25 20
15 26 7
5 27 3
25 28 18
20 29 9
7 30 4
4 31 9
24 32 3
14 33 6
16 34 4
30 35 10
14 36 4
27 37 10
5 38 5
34 39 8
38 40 3
8 41 4
25 42 4
32 43 6
31 44 10
15 45 10
4 46 3
35 47 10
16 48 11
35 49 5
27 50 4
3 51 47
2 52 11
47 53 1
15 54 1
22 55 10
52 56 6
26 57 7
42 58 9
43 59 2
55 60 4
5 61 3
58 62 10
32 63 3
57 64 7
58 65 5
43 66 9
53 67 44
41 68 1
66 69 7
47 70 10
22 71 4
53 72 9
14 73 7
33 74 9
70 75 1
48 76 2
47 77 3
6 78 7
15 79 5
10 80 4
64 81 5
15 82 10
34 83 3
56 84 4
5 85 12
65 86 8
45 87 9
85 88 5
84 89 4
66 90 8
70 91 10
5 92 6
33 93 8
11 94 4
6 95 2
71 96 1
64 97 6
56 98 5
53 99 10
32 100 10
82 101 2
94 102 8
28 103 3
7 104 1
83 105 3
11 106 7
95 107 1
27 108 3
62 109 5
57 110 6
97 111 6
65 112 8
23 113 56
55 114 10
94 115 1
111 116 2
85 117 10
64 118 4
62 119 8
57 120 10
76 121 7
53 122 21
102 123 4
81 124 8
40 125 3
27 126 10
119 127 2
116 128 2
24 129 2
123 130 8
60 131 17
65 132 3
72 133 10
24 134 9
122 135 1
98 136 7
36 137 10
133 138 5
74 139 7
99 140 2
74 141 9
64 142 9
56 143 1
121 144 8
16 145 4
86 146 4
51 147 17
43 148 5
110 149 6
119 150 1
16 151 18
76 152 4
65 153 10
116 154 4
103 155 3
118 156 7
28 157 5
33 158 5
135 159 3
82 160 4
55 161 9
96 162 8
54 163 5
138 164 5
18 165 7
118 166 5
71 167 4
21 168 10
80 169 1
112 170 1
89 171 4
125 172 3
110 173 8
134 174 10
144 175 1
117 176 8
111 177 10
63 178 1
104 179 5
53 180 5
86 181 7
38 182 10
101 183 4
2 184 6
45 185 7
82 186 6
163 187 4
18 188 8
120 189 6
118 190 8
35 191 3
100 192 5
184 193 7
143 194 8
119 195 2
59 196 4
112 197 7
29 198 7
50 199 4
44 200 9
177 201 1
152 202 9
157 203 1
91 204 2
2 205 10
186 206 2
57 207 2
190 208 2
96 209 8
203 210 4
72 211 9
11 212 4
10 213 1
167 214 4
192 215 9
180 216 2
204 217 14
44 218 7
157 219 8
111 220 3
102 221 5
157 222 6
99 223 2
215 224 10
204 225 9
207 226 3
186 227 5
13 228 5
187 229 10
14 230 10
104 231 8
155 232 10
26 233 5
72 234 1
117 235 8
56 236 1
95 237 5
31 238 5
199 239 3
48 240 2
208 241 2
235 242 8
122 243 5
48 244 5
237 245 9
51 246 2
26 247 1
229 248 7
121 249 4
87 250 7
212 251 1
129 252 10
162 253 9
228 254 6
254 255 10
94 256 6
244 257 5
242 258 6
8 259 4
87 260 8
109 261 10
216 262 4
227 263 10
74 264 7
238 265 10
142 266 8
92 267 8
147 268 6
72 269 6
243 270 6
49 271 5
99 272 7
90 273 8
236 274 7
228 275 5
19 276 3
84 277 3
18 278 3
276 279 4
211 280 4
6 281 8
70 282 2
39 283 2
251 284 8
139 285 9
46 286 8
218 287 1
37 288 10
255 289 7
253 290 2
19 291 2
231 292 9
36 293 6
225 294 9
187 295 9
46 296 1
235 297 5
73 298 10
272 299 10
94 300 4
3 301 10
229 302 10
121 303 2
203 304 2
238 305 5
228 306 4
214 307 5
29 308 4
182 309 7
205 310 4
238 311 2
92 312 1
78 313 3
39 314 5
161 315 1
64 316 9
152 317 9
5 318 10
301 319 4
106 320 2
94 321 9
168 322 9
162 323 7
53 324 4
109 325 9
294 326 8
101 327 2
269 328 2
75 329 4
52 330 5
320 331 5
288 332 10
71 333 9
44 334 5
29 335 5
29 336 1
17 337 8
50 338 2
54 339 5
124 340 5
157 341 4
211 342 4
256 343 2
81 344 3
151 345 18
154 346 4
35 347 8
49 348 4
54 349 5
173 350 2
191 351 3
96 352 6
212 353 9
155 354 4
149 355 9
267 356 8
336 357 8
21 358 7
189 359 7
153 360 1
108 361 3
291 362 8
98 363 1
36 364 8
352 365 1
303 366 10
117 367 7
261 368 10
158 369 7
320 370 5
251 371 1
217 372 8
71 373 1
83 374 4
88 375 1
7 376 6
287 377 9
336 378 9
174 379 3
242 380 8
342 381 7
331 382 5
360 383 10
100 384 10
298 385 8
383 386 8
140 387 9
174 388 1
239 389 7
34 390 3
167 391 2
333 392 1
263 393 4
385 394 5
373 395 3
236 396 6
253 397 9
174 398 8
132 399 2
346 400 6
381 401 9
289 402 5
367 403 4
173 404 2
146 405 3
382 406 2
76 407 9
7 408 10
51 409 3
237 410 4
377 411 6
404 412 8
184 413 9
81 414 8
97 415 8
399 416 9
75 417 5
47 418 5
190 419 4
37 420 10
118 421 9
55 422 2
29 423 9
363 424 2
346 425 9
400 426 3
408 427 5
388 428 8
391 429 8
409 430 6
134 431 6
192 432 4
120 433 4
142 434 6
355 435 8
230 436 8
28 437 4
180 438 5
407 439 1
77 440 8
370 441 9
16 442 8
292 443 1
50 444 10
250 445 2
415 446 3
218 447 8
261 448 10
126 449 5
117 450 4
219 451 9
207 452 6
142 453 2
98 454 4
302 455 4
231 456 7
360 457 4
11 458 4
206 459 6
67 460 18
265 461 9
319 462 7
167 463 6
87 464 7
67 465 1
366 466 5
62 467 3
313 468 6
164 469 4
114 470 4
173 471 1
462 472 5
259 473 5
277 474 10
244 475 10
438 476 3
396 477 10
236 478 9
110 479 9
75 480 5
352 481 8
265 482 3
333 483 8
51 484 5
226 485 8
150 486 3
173 487 3
83 488 5
307 489 9
37 490 5
67 491 62
347 492 7
80 493 4
398 494 1
236 495 1
488 496 6
254 497 6
223 498 5
101 499 10
416 500 4
166 501 10
7 502 9
145 503 8
498 504 4
26 505 9
336 506 2
83 507 8
92 508 3
187 509 4
371 510 10
258 511 3
278 512 5
207 513 4
347 514 9
398 515 4
253 516 2
154 517 10
55 518 5
212 519 2
335 520 6
452 521 9
48 55 2
35 77 3
58 78 4
31 88 8
13 99 2
27 111 8
94 113 56
87 121 9
89 124 9
111 135 9
37 140 6
50 147 4
62 147 13
30 165 10
18 167 8
4 173 4
16 175 7
136 178 4
42 181 6
121 182 5
73 183 5
14 192 9
152 198 8
122 203 6
165 203 10
81 204 8
137 214 4
28 217 14
136 224 7
153 237 3
128 242 7
206 245 1
60 248 13
97 248 7
89 254 1
138 256 7
43 264 5
69 264 10
116 265 2
96 267 6
111 267 1
101 271 2
270 271 1
114 273 8
159 280 9
48 287 7
155 289 3
222 293 8
6 295 4
224 298 5
269 300 4
186 301 5
155 304 6
94 316 27
122 316 21
181 317 5
172 318 10
89 320 2
305 321 1
299 324 6
79 326 7
321 326 9
262 331 2
200 336 6
73 337 6
30 338 4
243 339 3
86 344 4
164 347 6
161 351 5
29 356 7
157 359 8
237 359 2
209 362 10
276 362 7
298 364 7
341 365 10
19 366 8
167 373 1
100 374 6
99 380 8
339 381 2
136 383 5
173 383 6
34 384 1
118 384 3
179 384 2
74 392 1
4 393 5
330 394 5
340 396 2
27 402 3
170 403 4
357 404 10
317 406 2
180 407 4
2 408 10
184 411 9
87 413 8
28 416 8
335 416 8
110 417 7
209 418 2
347 418 9
118 419 3
396 419 3
130 427 1
170 429 3
105 431 3
383 431 1
73 435 1
404 439 5
367 441 2
244 444 4
238 446 1
148 447 8
391 453 3
295 454 6
331 457 7
58 459 2
345 460 18
213 464 1
37 466 1
34 468 6
77 469 2
427 472 10
437 475 8
167 477 7
377 477 1
273 478 7
457 478 6
468 481 9
475 482 8
270 490 1
395 490 3
98 493 8
236 494 7
436 495 2
54 500 4
160 505 5
465 507 9
90 509 2
456 513 7
229 515 2
9 516 3
176 516 7
392 521 2
534 537 1
539 550 8
550 553 8
539 561 1
522 567 8
566 567 2
532 568 5
546 568 6
552 568 6
570 576 8
536 577 7
528 579 7
554 580 9
547 581 6
528 584 7
575 587 2
557 589 3
522 593 8
557 594 9
577 594 9
534 595 3
539 595 8
153 396 111 99 331 167 81 427 34 45 101 64 235 26 140 32 204 264 269 477 478 70 352 236 516 89 468 333 267 36 31 86 35 19 253 367 384 33 109 77 97 119 24 184 92 182 360 100 74 373 94 2 335 242 14 407 124 43 181 76 157 190 416 38 212 134 207 164 11 431 203 346 98 244 46 152 187 261 392 29 110 224 229 16 6 170 214 22 347 30 381 457 136 336 173 320 248 96 142 256 218 238 56 408 162 211 180
3 25 39
6 362 7
6 131 17
6 215 10
1 491 62
2 294 11
2 51 56