602 306 23 9 21
1 2 85
1 3 81
1 4 53
3 5 57
2 6 81
6 7 7
5 8 28
4 9 31
2 10 33
6 11 73
5 12 84
5 13 24
13 14 70
10 15 33
13 16 4
10 17 8
9 18 38
16 19 55
11 20 82
9 21 3
15 22 72
4 23 28
7 24 7
16 25 84
11 26 81
23 27 10
6 28 86
24 29 7
11 30 19
12 31 85
12 32 10
13 33 8
30 34 7
28 35 69
1 36 68
12 37 49
9 38 8
13 39 6
27 40 10
39 41 8
11 42 6
29 43 4
33 44 5
15 45 9
10 46 1
12 47 4
11 48 9
1 49 2
12 50 9
28 51 8
34 52 5
44 53 6
49 54 9
29 55 9
43 56 1
13 57 4
14 58 38
3 59 81
14 60 5
16 61 7
12 62 5
20 63 81
9 64 19
33 65 6
13 66 19
13 67 10
8 68 28
28 69 7
3 70 3
24 71 7
40 72 76
47 73 4
43 74 10
66 75 2
73 76 8
9 77 7
29 78 10
32 79 8
40 80 3
34 81 9
22 82 69
33 83 6
66 84 62
72 85 82
62 86 5
6 87 56
36 88 4
28 89 26
58 90 6
60 91 5
24 92 6
23 93 24
10 94 4
68 95 7
40 96 6
69 97 7
70 98 4
43 99 9
39 100 3
23 101 10
93 102 24
35 103 69
19 104 74
102 105 2
14 106 62
106 107 9
99 108 10
100 109 7
24 110 5
93 111 47
11 112 5
28 113 6
20 114 2
102 115 5
11 116 2
1 117 1
55 118 6
55 119 8
75 120 2
45 121 4
94 122 5
105 123 8
99 124 4
103 125 9
34 126 6
84 127 62
94 128 5
106 129 62
4 130 1
104 131 3
63 132 9
89 133 50
77 134 8
89 135 20
127 136 62
37 137 49
133 138 6
2 139 4
133 140 8
113 141 7
99 142 7
105 143 4
111 144 47
53 145 6
142 146 5
89 147 12
110 148 1
81 149 5
109 150 1
50 151 2
81 152 1
146 153 2
40 154 4
136 155 44
108 156 9
137 157 49
54 158 4
3 159 66
20 160 69
105 161 6
54 162 5
94 163 7
157 164 24
10 165 24
60 166 10
58 167 13
167 168 6
107 169 2
25 170 4
40 171 62
98 172 5
64 173 45
67 174 3
13 18 62
33 53 6
32 57 6
26 59 81
3 62 5
51 64 8
56 64 62
4 68 34
61 71 7
23 72 6
31 74 10
16 77 56
5 86 1
77 87 56
42 89 6
82 103 69
70 118 7
98 122 4
65 126 6
19 135 20
56 136 62
29 139 4
123 145 2
119 149 4
132 154 7
76 156 4
64 159 66
34 160 6
164 165 24
14 166 33
30 166 26
71 166 14
66 171 62
171 172 6
16 173 45
146 173 6
221 228 2
234 235 7
195 237 4
210 237 6
232 260 8
175 262 1
201 264 4
201 270 7
227 286 1
245 292 4
259 300 3
226 302 6
254 309 6
201 313 7
204 314 8
258 318 9
237 329 5
307 339 8
273 346 5
313 367 5
209 371 8
273 382 1
226 391 2
279 393 9
383 401 2
291 403 9
279 412 2
320 412 8
320 416 10
324 417 9
177 433 9
194 434 5
352 438 2
368 446 10
299 449 6
240 450 3
335 450 4
178 453 2
326 457 4
347 458 7
299 467 5
318 471 5
445 472 7
354 476 3
363 476 9
402 476 2
296 478 8
188 482 6
203 489 1
281 490 8
193 492 3
238 493 3
213 496 2
356 502 4
227 504 2
486 504 3
369 507 8
301 508 9
278 512 7
499 513 9
250 515 8
394 515 1
213 516 7
266 519 6
215 522 2
403 523 3
409 523 9
446 525 8
250 528 3
336 529 9
279 530 10
253 531 10
297 533 1
230 537 9
297 537 5
515 537 8
393 541 3
269 551 7
422 551 6
354 552 1
309 554 5
522 563 1
361 564 10
345 567 10
382 567 5
545 570 7
316 575 9
577 578 9
479 579 8
232 584 5
337 584 2
492 584 6
456 586 8
190 590 7
324 595 8
490 596 9
574 601 10
94 32 20 10 71 66 56 5 34 12 4 9 33 14 54 24 58 15 62 23 173 102 105
5 31 95
5 95 6
5 160 69
7 36 68
6 144 47
6 159 72
8 129 62
5 147 12
6 157 49
6 22 73
8 155 44
3 63 85
8 9 25
9 18 99
3 167 13
3 104 74
2 25 84
4 85 82
9 103 52
2 133 50
6 166 72