591 450 94 6 14
1 2 58
2 3 45
1 4 48
2 5 40
5 6 40
3 7 5
2 8 19
3 9 45
8 10 19
6 11 25
1 12 2
12 13 10
3 14 2
7 15 41
6 16 3
6 17 7
14 18 10
4 19 31
1 20 51
19 21 8
20 22 51
19 23 21
18 24 7
3 25 9
6 26 25
15 27 4
12 28 10
10 29 4
27 30 2
21 31 3
13 32 2
26 33 7
27 34 3
16 35 1
1 36 6
29 37 9
21 38 8
14 39 3
3 40 17
19 41 2
4 42 16
35 43 3
2 44 5
23 45 10
2 46 8
32 47 2
6 48 5
4 49 6
24 50 9
30 51 6
50 52 10
28 53 7
26 54 6
9 55 46
52 56 4
33 57 10
38 58 8
55 59 4
17 60 7
42 61 3
51 62 3
58 63 8
7 64 18
51 65 2
15 66 7
49 67 6
23 68 21
8 69 7
12 70 3
39 71 1
69 72 10
15 73 34
42 74 6
58 75 10
16 76 6
9 77 9
23 78 4
29 79 2
68 80 21
7 81 8
4 82 22
18 83 6
76 84 9
67 85 2
25 86 1
62 87 8
2 88 1
18 89 2
67 90 5
76 91 7
23 92 1
82 93 22
28 94 5
72 95 8
69 96 6
24 97 3
38 98 8
38 99 10
93 100 22
1 101 35
73 102 2
90 103 9
29 104 9
67 105 3
11 106 25
37 107 5
50 108 3
20 109 5
98 110 24
79 111 9
7 112 9
13 113 1
55 114 9
87 115 8
10 116 1
65 117 8
55 118 6
97 119 2
75 120 3
19 121 10
90 122 8
4 123 2
85 124 8
102 125 6
43 126 7
78 127 7
31 128 3
75 129 8
71 130 2
112 131 1
49 132 4
124 133 2
88 134 5
130 135 9
123 136 6
8 137 4
113 138 10
86 139 8
122 140 5
20 141 1
25 142 7
10 143 10
83 144 5
117 145 7
99 146 2
12 147 4
42 148 43
101 149 35
101 150 8
112 151 5
138 152 9
12 153 9
12 154 9
151 155 22
141 156 7
47 157 8
22 158 18
111 159 6
5 160 8
62 161 6
22 162 4
80 163 1
160 164 10
115 165 3
131 166 5
124 167 7
81 168 8
155 169 4
63 170 8
47 171 9
10 172 19
36 173 10
141 174 7
128 175 43
46 176 9
83 177 8
78 178 8
42 179 5
118 180 5
125 181 7
64 182 18
2 183 2
172 184 21
166 185 4
14 186 10
54 187 5
179 188 6
178 189 8
169 190 2
84 191 7
6 192 57
17 193 6
98 194 10
135 195 2
140 196 4
67 197 2
186 198 3
22 199 9
69 200 10
153 201 5
70 202 3
33 203 7
70 204 9
192 205 3
25 206 6
120 207 3
44 208 6
77 209 9
104 210 2
180 211 5
154 212 8
64 213 3
99 214 10
128 215 22
27 216 6
2 217 9
22 218 6
56 219 1
122 220 10
3 221 3
33 222 2
76 223 8
185 224 6
159 225 53
14 226 5
84 227 8
130 228 2
170 229 7
80 230 21
202 231 18
205 232 8
125 233 2
40 234 6
40 235 5
106 236 1
84 237 3
179 238 9
50 239 7
185 240 1
75 241 2
85 242 1
109 243 5
210 244 3
61 245 2
43 246 6
232 247 9
40 248 7
10 249 8
9 250 4
90 251 3
182 252 9
84 253 8
5 254 6
114 255 7
33 256 13
214 257 10
103 258 1
89 259 5
158 260 18
34 261 8
94 262 6
188 263 2
147 264 4
111 265 5
40 266 10
215 267 10
54 268 5
244 269 6
180 270 5
181 271 5
140 272 4
220 273 5
24 274 7
165 275 7
270 276 3
227 277 6
38 278 7
158 279 7
22 280 34
277 281 10
70 282 1
51 283 7
153 284 3
212 285 3
69 286 6
88 287 4
220 288 10
60 289 9
186 290 1
189 291 3
154 292 1
5 293 8
266 294 9
285 295 8
41 296 7
196 297 7
229 298 7
197 299 7
126 300 3
161 301 5
231 302 3
121 303 7
63 304 8
21 305 4
292 306 9
32 49 3
26 66 9
18 67 4
45 87 3
17 103 10
14 106 10
42 115 6
12 129 10
64 140 7
106 149 35
84 155 9
42 156 2
155 159 23
7 165 10
9 165 7
90 168 5
36 171 10
134 174 6
41 175 2
34 176 3
83 180 5
105 184 10
163 184 4
129 188 7
8 191 3
110 192 24
60 193 10
94 202 18
84 203 8
27 206 1
4 209 1
125 209 10
29 212 7
174 213 4
100 215 22
76 222 8
41 224 3
47 228 4
172 230 21
182 231 18
190 231 1
160 234 7
69 235 1
222 238 7
148 241 43
210 242 7
199 244 3
239 248 7
16 255 7
256 257 10
151 260 18
194 266 10
221 271 8
252 272 3
177 276 8
263 276 3
276 277 10
172 278 10
73 280 34
98 283 3
37 286 2
171 290 8
181 291 4
16 292 1
108 295 4
267 295 3
66 300 6
172 301 6
188 301 9
185 303 9
348 350 10
348 352 10
315 353 8
324 361 10
322 378 2
330 381 8
337 381 2
360 383 2
349 386 4
344 394 3
331 399 9
324 408 3
349 411 9
346 422 1
313 426 1
322 428 5
372 430 6
410 435 6
383 441 10
310 443 5
324 450 5
319 453 8
432 454 10
353 457 6
420 460 8
368 461 6
462 468 4
311 470 2
354 479 3
372 493 4
414 493 9
490 495 4
390 502 7
343 504 1
408 504 9
496 504 3
448 505 7
356 508 6
350 512 3
448 512 5
465 512 2
469 514 6
320 518 5
329 520 7
394 521 2
451 521 9
388 526 9
340 528 7
461 529 6
322 530 1
355 531 2
370 537 9
539 541 1
514 542 1
512 550 5
504 551 8
540 554 8
551 554 2
402 556 2
319 558 6
543 558 2
436 560 5
477 563 4
547 563 6
526 568 7
530 568 9
378 576 3
401 577 10
504 578 10
543 578 6
485 581 7
512 582 5
433 584 5
494 587 10
529 587 10
8 88 40 182 37 301 179 94 185 153 231 292 26 220 51 16 20 98 295 2 165 42 181 141 34 73 106 33 7 19 54 38 115 4 174 14 28 222 32 188 36 55 159 128 47 180 212 58 5 140 84 50 75 186 99 202 87 63 129 122 90 18 17 130 101 210 76 64 154 158 85 41 70 111 12 209 6 49 21 29 25 62 69 215 172 151 9 3 24 171 244 184 125 277
3 58 18
1 55 45
6 225 53
3 192 81
3 184 44
1 73 30
2 11 39
5 26 18
4 24 19
5 256 23
5 20 2
4 241 45
5 94 39
6 175 45