591 541 85 9 24
1 2 97
1 3 96
3 4 97
3 5 6
5 6 104
2 7 97
7 8 58
4 9 88
9 10 9
7 11 35
5 12 30
4 13 3
9 14 68
8 15 30
15 16 2
12 17 23
14 18 60
13 19 3
15 20 4
14 21 9
19 22 4
15 23 9
17 24 6
4 25 6
6 26 21
23 27 9
22 28 10
8 29 45
17 30 27
18 31 37
26 32 49
17 33 3
12 34 9
5 35 17
6 36 8
8 37 6
1 38 5
37 39 10
9 40 13
3 41 2
16 42 2
22 43 10
27 44 12
19 45 7
17 46 2
8 47 3
41 48 4
16 49 10
26 50 84
45 51 7
33 52 5
43 53 10
7 54 55
13 55 20
27 56 6
42 57 5
15 58 4
16 59 6
50 60 8
2 61 7
22 62 10
55 63 20
44 64 12
12 65 4
34 66 10
18 67 92
59 68 7
40 69 3
6 70 95
57 71 10
52 72 3
63 73 23
12 74 8
74 75 3
3 76 8
12 77 6
35 78 10
73 79 79
64 80 6
53 81 35
72 82 7
31 83 37
39 84 5
81 85 5
34 86 1
27 87 27
43 88 5
69 89 9
40 90 3
4 91 7
50 92 17
19 93 1
4 94 34
7 95 2
93 96 2
27 97 36
47 98 6
24 99 9
91 100 9
84 101 3
54 102 89
85 103 2
59 104 7
99 105 9
48 106 7
56 107 12
39 108 6
26 109 49
5 110 10
77 111 3
5 112 50
20 113 3
14 114 94
85 115 7
7 116 5
5 117 14
94 118 1
64 119 42
65 120 5
73 121 18
17 122 1
100 123 5
4 124 2
114 125 94
1 126 95
74 127 7
125 128 94
20 129 1
104 130 4
62 131 3
9 132 42
72 133 8
5 134 8
91 135 4
51 136 7
107 137 3
98 138 10
94 139 10
89 140 3
81 141 8
121 142 18
13 143 17
85 144 2
9 145 10
59 146 2
91 147 3
77 148 7
42 149 13
130 150 7
33 151 5
69 152 5
46 153 5
116 154 6
33 155 5
47 156 1
140 157 4
157 158 9
141 159 6
54 160 10
135 161 9
25 162 8
1 163 20
9 164 7
157 165 7
163 166 20
83 167 73
165 168 8
104 169 5
111 170 9
149 171 3
50 172 2
165 173 4
135 174 9
13 175 16
17 176 93
62 177 6
64 178 27
142 179 5
24 180 6
53 181 9
8 182 36
109 183 7
83 184 5
152 185 5
45 186 9
84 187 4
126 188 3
160 189 6
45 190 7
151 191 8
108 192 8
145 193 7
179 194 4
19 195 7
175 196 17
155 197 4
117 198 14
128 199 94
142 200 4
113 201 9
171 202 5
89 203 1
136 204 6
19 205 8
64 206 4
198 207 14
151 208 8
129 209 2
81 210 58
37 211 9
195 212 3
123 213 5
67 214 92
20 215 6
35 216 2
138 217 1
144 218 7
156 219 5
40 220 7
219 221 6
13 222 4
220 223 2
147 224 4
16 225 4
18 226 5
176 227 6
27 228 44
19 229 5
38 230 2
137 231 10
185 232 6
27 233 2
11 234 35
132 235 6
150 236 9
66 237 3
227 238 10
7 239 71
86 240 4
4 241 2
35 242 9
166 243 20
154 244 4
119 245 42
129 246 8
170 247 7
201 248 5
39 249 2
202 250 4
215 251 9
161 252 9
73 253 6
244 254 9
227 255 6
180 256 6
159 257 8
144 258 7
54 259 60
16 260 4
42 261 2
172 262 1
205 263 6
136 264 35
34 265 7
100 266 9
212 267 6
87 268 27
185 269 5
204 270 9
81 271 10
255 272 5
1 273 6
228 274 15
197 275 6
217 276 8
269 277 4
213 278 10
236 279 5
111 280 10
210 281 58
212 282 7
82 283 4
90 284 9
32 285 11
64 286 4
155 287 1
64 288 7
161 289 7
207 290 96
7 291 5
166 292 4
78 293 10
74 294 2
90 295 1
197 296 9
162 297 7
32 298 4
237 299 7
143 300 17
227 301 2
285 302 19
91 303 7
264 304 6
40 305 13
172 306 4
154 307 8
69 308 1
280 309 7
123 310 8
60 311 10
145 312 6
42 313 10
194 314 3
262 315 9
140 316 5
33 317 5
230 318 1
100 319 2
80 320 4
82 321 7
83 322 6
21 323 7
245 324 42
51 325 2
312 326 10
159 327 5
259 328 60
10 329 2
76 330 5
2 331 7
173 332 3
322 333 9
213 334 9
282 335 10
232 336 10
184 337 9
252 338 6
6 339 9
7 340 10
292 341 1
4 342 7
332 343 5
209 344 6
78 345 3
229 346 7
346 347 7
58 348 1
15 349 8
278 350 10
15 351 1
300 352 17
167 353 17
155 354 2
284 355 9
50 356 98
151 357 8
222 358 4
197 359 2
197 360 8
50 361 10
292 362 8
21 363 9
19 364 6
157 365 5
18 366 19
76 367 6
312 368 4
297 369 22
88 370 4
126 371 10
182 372 36
292 373 2
266 374 5
200 375 6
240 376 7
7 377 49
160 378 10
360 379 10
234 380 35
120 381 1
89 382 2
29 383 7
200 384 3
282 385 4
30 386 27
160 387 9
3 17 10
3 66 9
74 77 4
34 90 8
45 92 14
6 102 89
37 103 6
91 106 10
48 111 2
100 120 8
70 126 95
63 136 42
6 142 48
107 149 13
86 153 7
108 158 10
56 159 7
42 162 13
65 190 5
190 193 7
131 194 4
73 196 38
195 201 8
64 207 17
31 208 6
35 213 8
200 214 92
136 217 8
161 218 7
208 225 4
159 226 5
17 239 55
162 243 20
53 251 9
242 251 9
21 256 7
152 256 9
56 258 7
91 258 4
240 261 10
82 266 1
25 269 9
72 269 3
242 271 9
161 272 7
53 274 15
21 275 1
155 284 9
21 285 9
204 285 6
33 289 9
35 296 3
229 297 4
191 298 2
24 301 3
25 305 13
39 312 1
171 320 2
16 322 4
30 330 20
139 330 10
107 333 5
79 334 8
218 336 7
208 338 2
328 342 5
66 343 10
88 350 6
101 352 7
239 352 17
175 353 17
208 357 4
145 358 6
132 359 1
352 360 7
54 361 10
246 363 1
348 364 3
78 365 8
302 366 19
196 369 22
97 372 36
109 377 49
22 378 10
227 379 4
264 380 35
116 383 7
178 386 27
409 413 10
390 416 7
389 424 5
405 427 10
419 429 3
397 440 4
418 440 5
428 440 2
396 441 3
400 442 10
427 445 8
444 454 10
441 459 10
408 467 2
466 473 1
398 482 10
471 488 4
388 490 1
422 497 3
411 498 8
455 498 4
394 504 10
417 505 10
504 507 8
475 511 10
405 512 10
401 513 5
429 516 9
497 520 9
441 524 3
391 536 4
455 537 8
486 537 5
487 543 7
500 543 7
498 544 2
499 545 6
388 553 2
434 556 4
483 558 10
403 559 3
391 563 10
397 565 10
460 566 8
447 567 9
520 567 1
437 568 6
483 568 1
495 570 3
424 571 5
502 573 8
568 576 10
395 577 9
390 579 5
453 580 4
521 580 1
448 581 2
559 581 7
437 584 1
572 584 3
403 586 9
466 586 2
498 587 9
523 588 1
563 590 5
553 591 1
584 591 2
63 81 16 17 25 34 94 175 132 82 74 120 155 282 37 54 30 100 312 197 330 195 217 142 69 9 360 140 2 47 83 242 108 145 207 33 53 157 4 352 15 76 129 111 6 13 144 72 107 85 190 64 14 218 89 258 227 151 162 39 24 88 84 159 213 32 19 269 185 35 73 152 116 78 7 201 285 256 126 204 297 21 166 322 165
7 324 42
8 228 58
8 79 79
8 290 96
4 176 93
6 281 58
4 356 98
3 112 50
1 268 27
2 18 100
4 94 14
8 15 45
6 362 4
9 92 24
8 302 35
2 29 45
7 199 94
5 200 96
4 113 3
2 14 59
9 109 49
5 92 1
9 167 89
9 328 64