606 325 28 7 16
1 2 99
2 3 90
1 4 57
4 5 5
4 6 10
6 7 10
2 8 50
4 9 41
2 10 9
6 11 8
7 12 38
12 13 10
8 14 9
1 15 55
2 16 6
6 17 1
13 18 18
16 19 6
8 20 46
12 21 9
20 22 44
22 23 4
8 24 27
1 25 95
3 26 1
24 27 9
1 28 4
5 29 3
1 30 8
5 31 2
13 32 98
31 33 2
18 34 18
7 35 9
34 36 66
35 37 5
1 38 8
22 39 4
15 40 9
36 41 66
7 42 32
9 43 41
41 44 1
31 45 10
44 46 4
35 47 6
9 48 4
38 49 5
4 50 32
34 51 10
15 52 7
49 53 5
28 54 9
4 55 1
47 56 9
51 57 9
14 58 8
39 59 76
59 60 3
6 61 3
41 62 6
40 63 6
23 64 4
23 65 6
60 66 1
26 67 1
56 68 4
3 69 3
4 70 10
7 71 3
71 72 2
67 73 3
55 74 10
29 75 7
68 76 6
54 77 8
25 78 9
25 79 7
63 80 1
51 81 7
13 82 4
9 83 5
60 84 5
31 85 8
71 86 5
52 87 4
1 88 57
77 89 5
68 90 7
30 91 10
5 92 7
45 93 10
61 94 3
69 95 4
77 96 9
12 97 10
45 98 7
83 99 3
34 100 47
98 101 1
13 102 57
61 103 7
25 104 68
101 105 3
33 106 2
47 107 10
27 108 5
11 109 3
33 110 1
87 111 7
63 112 6
58 113 4
40 114 3
108 115 1
108 116 6
31 117 5
27 118 4
89 119 8
104 120 2
115 121 53
59 122 2
96 123 8
57 124 2
16 125 3
52 126 1
125 127 10
7 128 10
13 129 4
94 130 5
62 131 7
100 132 1
27 133 7
104 134 68
40 135 10
113 136 4
115 137 54
39 138 18
109 139 5
3 140 3
121 141 5
41 142 34
53 143 2
3 144 3
118 145 4
31 146 9
51 147 3
118 148 10
36 149 34
26 150 3
61 151 10
62 152 8
4 153 4
115 154 10
135 155 5
68 156 2
85 157 7
32 158 98
156 159 5
1 160 1
106 161 2
14 162 7
113 163 32
22 164 2
126 165 9
121 166 4
113 167 2
151 168 4
20 169 4
143 170 5
77 171 5
70 172 10
64 173 6
28 174 5
70 175 2
76 176 10
139 177 1
39 178 8
34 179 10
62 180 6
24 25 27
3 39 90
3 46 4
53 73 10
75 95 4
43 96 10
72 102 9
88 102 57
41 104 68
45 105 6
79 110 3
42 113 32
107 114 3
24 119 4
109 120 5
43 121 41
119 121 4
77 123 10
35 124 2
11 127 1
17 128 2
2 129 31
121 129 4
5 133 4
109 133 3
134 138 18
27 141 1
117 141 2
53 142 2
126 142 9
76 147 3
64 162 4
50 163 32
55 166 9
62 166 5
58 167 10
108 167 1
130 167 3
33 168 9
129 168 10
97 172 10
170 172 8
155 174 10
110 175 8
212 229 8
213 235 7
191 242 9
206 244 9
227 258 8
212 260 2
192 305 9
208 309 1
221 325 10
317 332 9
320 335 3
330 337 1
331 350 7
198 363 5
229 366 9
241 368 3
254 371 10
254 372 3
334 381 7
365 390 5
346 392 5
193 397 3
224 408 2
307 408 3
301 410 3
348 412 1
224 419 10
196 423 2
306 424 10
345 428 7
389 429 2
186 431 5
432 438 4
402 444 3
404 444 7
425 449 6
435 452 4
207 453 1
423 453 6
379 454 3
194 456 1
195 458 2
366 459 3
418 463 9
274 467 9
265 468 8
212 471 4
298 474 3
324 478 9
381 479 1
447 480 4
315 482 10
308 496 3
361 502 8
496 507 8
191 512 3
268 512 4
426 512 7
278 519 8
404 519 3
462 522 8
476 524 5
508 525 9
452 526 5
442 528 2
312 530 3
292 531 4
436 533 4
526 533 10
524 534 3
332 540 2
509 541 4
513 542 4
208 545 5
397 545 2
463 545 9
505 546 7
407 547 8
499 557 10
553 559 2
333 563 10
406 563 1
422 566 10
348 569 6
429 570 4
267 571 8
204 572 4
356 575 6
254 576 2
202 577 1
264 577 6
298 578 7
534 581 1
201 583 1
261 585 5
344 587 10
237 591 9
391 591 4
554 598 9
577 602 6
501 603 2
205 604 7
109 7 13 5 36 172 25 62 31 121 76 11 55 113 14 22 24 33 118 129 27 20 52 41 96 61 2 168
6 20 80
7 15 55
7 22 44
7 129 62
1 59 76
6 12 58
5 142 35
7 115 53
1 134 86
5 149 34
2 100 47
5 137 54
7 11 4
4 89 12
5 158 98
6 102 36