602 557 138 11 13
1 2 53
1 3 44
3 4 9
1 5 8
3 6 49
6 7 4
7 8 7
6 9 1
2 10 34
5 11 10
2 12 19
3 13 3
3 14 9
10 15 7
15 16 7
1 17 50
13 18 2
3 19 17
14 20 9
7 21 3
8 22 7
22 23 6
8 24 9
8 25 4
6 26 45
14 27 7
23 28 1
18 29 6
23 30 3
5 31 2
1 32 5
17 33 45
12 34 14
10 35 3
29 36 8
19 37 17
10 38 45
21 39 3
10 40 1
33 41 45
24 42 6
4 43 1
43 44 12
29 45 2
36 46 3
22 47 2
25 48 7
1 49 10
2 50 3
35 51 5
3 52 2
33 53 3
13 54 1
16 55 7
45 56 5
4 57 12
4 58 7
57 59 12
20 60 5
29 61 10
52 62 10
5 63 7
44 64 12
1 65 12
23 66 2
4 67 3
64 68 19
68 69 33
44 70 7
3 71 10
63 72 4
35 73 9
29 74 8
22 75 6
33 76 6
75 77 2
10 78 5
69 79 27
5 80 4
38 81 6
31 82 2
77 83 9
14 84 1
73 85 6
72 86 1
79 87 6
34 88 7
69 89 2
89 90 3
26 91 7
86 92 5
75 93 3
61 94 1
61 95 48
86 96 10
10 97 3
28 98 2
90 99 4
83 100 29
86 101 3
45 102 7
17 103 5
18 104 2
43 105 9
10 106 9
5 107 8
15 108 3
26 109 4
85 110 3
26 111 4
60 112 8
87 113 2
75 114 5
95 115 5
80 116 1
33 117 9
54 118 3
83 119 10
57 120 5
6 121 3
36 122 8
12 123 8
86 124 3
110 125 1
56 126 6
81 127 7
61 128 12
23 129 4
37 130 10
72 131 6
49 132 4
46 133 5
65 134 3
76 135 5
118 136 2
76 137 10
53 138 8
88 139 3
43 140 4
18 141 5
125 142 9
66 143 6
41 144 1
11 145 1
122 146 9
103 147 4
3 148 5
6 149 3
3 150 9
137 151 6
12 152 6
76 153 8
147 154 7
47 155 2
98 156 5
98 157 8
4 158 3
22 159 3
146 160 4
157 161 6
65 162 5
107 163 2
163 164 8
138 165 5
1 166 31
32 167 3
7 168 6
168 169 10
103 170 9
13 171 7
95 172 47
77 173 4
135 174 3
170 175 5
168 176 4
91 177 3
139 178 6
46 179 6
131 180 1
69 181 7
87 182 5
115 183 1
87 184 6
118 185 8
97 186 5
120 187 1
166 188 31
104 189 6
9 190 7
43 191 12
100 192 5
136 193 10
26 194 1
101 195 7
170 196 3
144 197 10
187 198 7
35 199 1
66 200 10
169 201 9
47 202 1
147 203 5
103 204 6
124 205 4
128 206 5
30 207 8
11 208 8
92 209 8
190 210 6
196 211 1
173 212 6
58 213 5
59 214 2
178 215 5
145 216 2
164 217 10
50 218 3
90 219 2
103 220 5
142 221 5
25 222 9
105 223 6
147 224 2
93 225 7
70 226 3
61 227 48
217 228 8
103 229 9
12 230 2
200 231 3
46 232 5
9 233 5
72 234 7
146 235 6
2 236 9
221 237 2
214 238 9
183 239 3
188 240 31
60 241 2
142 242 7
82 243 10
186 244 3
29 245 4
127 246 5
208 247 9
180 248 10
200 249 5
86 250 4
132 251 8
161 252 10
142 253 7
15 254 1
88 255 8
201 256 6
227 257 2
150 258 4
187 259 2
44 260 3
135 261 6
177 262 3
55 263 10
168 264 4
23 265 10
244 266 5
171 267 8
55 268 8
262 269 9
102 270 6
167 271 2
58 272 9
106 273 8
38 274 45
228 275 37
53 276 2
85 277 10
1 278 1
112 279 9
209 280 8
269 281 4
237 282 3
271 283 8
256 284 4
101 285 3
147 286 9
244 287 2
42 288 2
201 289 10
111 290 5
154 291 2
117 292 9
268 293 1
147 294 6
230 295 5
266 296 8
49 297 6
76 298 8
48 299 2
178 300 4
20 301 5
196 302 2
80 303 3
81 304 4
138 305 9
60 306 4
142 307 10
122 308 5
188 309 3
113 310 7
181 311 4
145 312 5
26 313 45
143 314 8
107 315 9
123 316 2
160 317 10
227 318 34
17 319 5
206 320 2
151 321 5
44 322 7
27 323 5
261 324 4
72 325 4
253 326 10
254 327 8
171 328 3
158 329 5
25 330 3
126 331 5
52 332 10
19 333 10
12 334 6
61 335 28
92 336 4
333 337 10
159 338 3
132 339 2
244 340 5
200 341 5
99 342 6
59 343 12
288 344 10
113 345 10
29 346 3
243 347 7
171 348 5
100 349 3
76 350 8
277 351 8
83 352 25
330 353 7
100 354 5
38 355 9
324 356 9
161 357 1
350 358 7
351 359 10
50 360 9
124 361 1
175 362 4
328 363 5
32 364 8
362 365 3
16 366 1
87 367 1
93 368 10
314 369 2
262 370 8
127 371 7
185 372 3
163 373 6
49 374 5
224 375 7
226 376 7
302 377 10
329 378 8
348 379 1
100 380 3
125 381 9
84 382 4
295 383 7
242 384 9
204 385 4
51 386 9
8 387 10
239 388 2
237 389 1
346 390 1
182 391 1
356 392 7
109 393 10
348 394 5
284 395 10
374 396 2
20 397 10
278 398 3
249 399 10
108 400 8
114 401 6
11 402 8
220 403 7
7 404 2
64 405 3
405 406 2
356 407 8
40 408 9
10 409 8
304 410 7
87 411 3
363 412 9
96 413 8
361 414 6
334 415 10
130 416 8
135 417 4
264 418 1
339 419 10
289 420 8
182 421 6
231 422 1
252 423 10
47 424 5
352 425 1
26 426 7
34 41 14
49 55 7
44 74 7
37 79 27
30 80 6
40 87 3
2 100 15
33 100 7
60 115 10
4 128 11
73 141 4
136 148 4
26 155 4
125 159 9
150 161 6
130 163 6
130 172 10
120 177 7
15 186 3
25 202 8
66 202 8
98 204 3
66 216 5
33 224 8
160 228 10
195 229 5
88 234 10
216 242 10
201 252 4
188 260 7
26 265 8
152 265 2
71 269 5
189 270 6
172 275 47
117 276 10
93 283 2
88 284 3
4 299 10
208 302 10
4 306 8
140 306 3
97 309 9
212 309 9
269 310 6
120 313 6
191 313 38
8 315 8
41 318 34
20 319 7
157 322 3
239 326 1
274 326 44
75 329 5
280 337 3
284 337 9
328 339 10
29 342 4
221 342 2
65 343 12
277 343 2
25 345 3
120 346 9
182 346 5
103 348 7
176 350 9
312 363 4
119 369 8
82 371 9
374 377 6
110 379 7
235 379 7
377 379 6
375 381 5
92 383 3
78 387 5
307 387 15
160 390 10
3 392 3
108 395 3
365 395 2
56 401 7
45 403 2
63 405 7
368 406 7
296 407 8
319 409 8
307 412 7
341 412 3
394 414 9
276 415 7
14 420 4
198 421 7
340 421 5
454 480 9
476 490 7
482 493 6
457 499 1
433 500 6
494 505 10
468 507 8
472 509 6
433 517 1
442 518 4
432 519 10
513 525 9
536 546 1
434 553 9
463 555 7
501 556 1
555 557 2
434 563 8
448 564 10
541 569 8
428 570 1
429 572 2
493 577 6
527 579 10
427 581 3
486 581 9
475 584 10
471 585 1
540 587 3
498 591 2
527 591 6
534 592 2
500 593 3
427 597 7
476 598 7
500 598 10
514 599 9
524 600 10
342 146 196 122 9 73 43 265 95 160 157 29 85 348 187 81 2 130 98 227 128 339 77 60 11 142 52 79 26 82 138 346 59 136 350 30 7 171 329 186 75 35 64 13 90 177 49 237 86 33 262 188 45 309 161 87 170 200 4 88 17 34 55 69 101 307 178 127 412 228 328 92 44 277 63 182 201 10 326 118 147 168 53 66 421 108 57 46 239 135 80 25 252 6 284 387 113 150 115 395 269 76 221 8 47 125 41 124 343 3 110 14 19 15 58 107 12 313 23 37 93 159 208 337 405 172 132 356 56 120 319 242 204 117 244 379 100 18
5 191 38
7 68 51
7 335 28
7 240 31
5 17 3
3 41 72
5 275 84
10 240 23
3 352 25
10 278 1
11 307 49
1 191 36
6 274 89