603 725 109 13 32
1 2 98
2 3 3
1 4 2
1 5 95
1 6 101
2 7 97
5 8 5
5 9 10
6 10 5
10 11 7
11 12 6
3 13 10
2 14 1
9 15 10
6 16 2
15 17 5
5 18 78
9 19 19
18 20 57
16 21 10
18 22 9
7 23 31
2 24 45
1 25 10
20 26 7
13 27 7
25 28 5
12 29 6
15 30 1
29 31 3
4 32 5
18 33 55
14 34 4
9 35 30
28 36 9
34 37 1
6 38 98
34 39 3
5 40 11
23 41 6
28 42 5
36 43 13
11 44 9
12 45 3
6 46 10
34 47 9
30 48 10
24 49 19
15 50 5
9 51 7
37 52 10
44 53 3
2 54 9
36 55 4
31 56 2
29 57 2
13 58 8
28 59 6
56 60 4
21 61 7
37 62 43
25 63 5
43 64 13
42 65 9
30 66 9
33 67 29
20 68 7
5 69 94
54 70 5
33 71 39
40 72 11
66 73 5
65 74 6
71 75 11
62 76 4
31 77 6
26 78 7
11 79 6
41 80 9
6 81 1
64 82 76
39 83 2
35 84 1
35 85 13
14 86 1
79 87 3
52 88 10
29 89 4
71 90 3
88 91 2
26 92 7
72 93 9
30 94 6
39 95 7
47 96 3
6 97 25
42 98 8
40 99 6
59 100 3
87 101 3
32 102 3
21 103 2
24 104 2
57 105 8
83 106 10
3 107 8
105 108 15
48 109 3
36 110 7
47 111 6
94 112 10
64 113 10
110 114 4
20 115 8
33 116 84
83 117 3
13 118 7
99 119 3
87 120 6
14 121 6
93 122 8
19 123 8
11 124 3
78 125 20
60 126 9
36 127 8
100 128 1
85 129 17
105 130 9
4 131 6
24 132 79
25 133 8
131 134 7
104 135 3
91 136 7
76 137 19
15 138 8
41 139 6
134 140 4
83 141 13
118 142 5
138 143 27
22 144 9
77 145 8
35 146 35
59 147 3
117 148 3
138 149 5
116 150 19
5 151 9
64 152 8
11 153 6
50 154 5
87 155 7
141 156 7
52 157 10
63 158 4
99 159 2
15 160 3
29 161 1
33 162 10
137 163 19
25 164 10
139 165 6
139 166 6
125 167 5
64 168 13
160 169 5
63 170 1
41 171 9
49 172 19
93 173 4
118 174 9
78 175 14
58 176 13
54 177 2
72 178 5
170 179 7
150 180 19
85 181 6
25 182 3
168 183 13
50 184 8
104 185 14
47 186 1
77 187 8
39 188 3
39 189 10
176 190 13
41 191 1
185 192 14
179 193 2
127 194 10
139 195 10
115 196 7
85 197 4
63 198 10
8 199 3
165 200 5
31 201 7
78 202 9
198 203 5
106 204 2
27 205 4
5 206 10
74 207 9
134 208 8
79 209 3
141 210 3
143 211 20
79 212 7
49 213 19
140 214 1
14 215 1
198 216 9
132 217 30
62 218 1
47 219 1
96 220 6
39 221 5
71 222 39
185 223 9
34 224 4
29 225 5
75 226 11
205 227 6
182 228 7
214 229 1
148 230 2
163 231 10
76 232 3
123 233 6
116 234 9
157 235 10
58 236 8
235 237 8
182 238 4
68 239 2
108 240 14
128 241 6
152 242 8
138 243 29
199 244 8
79 245 5
77 246 6
232 247 6
152 248 8
41 249 6
82 250 3
16 251 10
18 252 2
178 253 5
144 254 9
145 255 10
105 256 9
58 257 8
172 258 19
11 259 10
245 260 6
248 261 8
222 262 6
174 263 10
1 264 6
189 265 47
262 266 6
137 267 5
186 268 3
83 269 8
178 270 7
149 271 2
71 272 8
158 273 8
219 274 5
29 275 4
217 276 3
258 277 4
261 278 3
88 279 13
193 280 6
79 281 2
72 282 7
56 283 3
88 284 4
175 285 1
10 286 5
11 287 6
65 288 4
125 289 3
175 290 9
38 291 10
23 292 17
44 293 7
16 294 8
6 295 4
10 296 10
294 297 10
195 298 2
87 299 5
56 300 9
101 301 2
56 302 5
3 303 2
98 304 3
210 305 6
279 306 8
212 307 8
213 308 5
65 309 6
56 310 9
272 311 7
38 312 7
141 313 8
87 314 8
121 315 1
102 316 1
290 317 6
252 318 4
4 319 6
222 320 40
114 321 6
243 322 65
77 323 7
179 324 1
55 325 1
11 326 4
240 327 10
200 328 10
320 329 10
174 330 7
165 331 4
64 332 100
290 333 4
261 334 8
226 335 4
19 336 5
310 337 5
235 338 9
146 339 2
71 340 4
146 341 3
341 342 5
212 343 6
46 344 9
79 345 1
63 346 10
334 347 7
195 348 10
222 349 4
190 350 13
26 351 6
246 352 1
93 353 9
146 354 41
16 355 8
319 356 9
214 357 2
100 358 3
60 359 9
351 360 8
304 361 3
156 362 5
297 363 4
31 364 8
54 365 9
312 366 4
241 367 1
339 368 9
21 369 10
308 370 4
257 371 8
284 372 6
327 373 1
116 374 2
284 375 9
213 376 3
113 377 4
306 378 6
23 379 9
58 380 6
164 381 6
291 382 7
44 383 6
333 384 2
371 385 8
350 386 7
81 387 7
77 388 7
59 389 10
148 390 8
251 391 6
234 392 4
238 393 5
226 394 17
235 395 7
347 396 7
340 397 7
356 398 6
316 399 5
94 400 5
44 401 9
48 402 6
123 403 4
155 404 7
403 405 1
219 406 45
243 407 10
132 408 1
87 409 8
265 410 8
141 411 4
251 412 7
217 413 10
169 414 1
268 415 3
51 416 6
1 417 17
334 418 5
384 419 2
175 420 10
120 421 1
102 422 7
83 423 7
257 424 9
157 425 9
399 426 9
208 427 5
12 428 9
316 429 10
16 430 2
164 431 2
219 432 55
240 433 90
127 434 5
97 435 2
217 436 3
184 437 10
406 438 45
429 439 4
292 440 10
322 441 73
3 442 5
418 443 9
45 444 1
382 445 2
343 446 6
133 447 14
37 448 54
149 449 4
195 450 9
262 451 9
157 452 10
40 453 10
75 454 8
66 455 10
7 456 66
269 457 6
319 458 6
428 459 8
66 460 1
35 461 4
331 462 10
251 463 7
281 464 6
191 465 8
150 466 4
21 467 6
160 468 10
112 469 5
163 470 6
290 471 10
294 472 2
195 473 10
376 474 10
164 475 3
60 476 6
265 477 7
351 478 4
314 479 4
238 480 4
67 481 7
275 482 5
247 483 2
182 484 5
130 485 3
351 486 8
332 487 10
282 488 3
30 489 10
32 490 6
490 491 3
28 492 7
116 493 84
344 494 7
178 495 8
435 496 5
31 497 4
483 498 2
45 499 3
399 500 2
159 501 10
303 502 7
431 503 7
469 504 8
369 505 4
293 506 7
269 507 5
434 508 6
89 509 9
3 510 2
307 511 8
315 512 3
481 513 3
349 514 9
212 515 7
153 516 6
249 517 9
480 518 2
50 519 2
47 520 5
412 521 7
152 522 10
365 523 9
258 524 61
355 525 3
307 526 4
499 527 8
507 528 1
271 529 4
60 530 3
401 531 2
475 532 4
420 533 9
10 534 8
274 535 3
431 536 10
85 537 6
394 538 17
137 539 8
73 540 10
255 541 10
460 542 2
178 543 4
75 544 10
489 545 10
444 546 4
525 547 3
139 548 6
402 549 4
412 550 10
217 551 30
382 552 13
546 553 1
243 554 1
178 555 2
464 556 3
214 557 6
8 558 9
464 559 10
218 560 8
415 561 10
403 562 5
125 563 20
374 564 8
14 21 6
39 57 8
38 61 8
34 65 8
36 76 19
59 96 3
85 104 14
48 108 10
17 110 9
41 122 8
2 133 14
122 141 4
5 157 10
62 162 10
78 163 19
69 178 4
44 183 13
10 187 7
184 192 14
186 194 5
110 200 5
23 203 19
173 203 5
72 204 7
62 211 20
19 213 19
180 213 24
207 214 7
221 228 6
1 240 93
161 243 1
186 245 7
109 249 6
65 255 1
141 257 8
182 265 6
222 271 2
128 275 4
143 284 10
184 286 5
249 286 10
16 287 7
107 291 8
52 292 10
88 293 7
151 293 9
200 300 6
26 301 3
226 302 3
133 303 9
256 305 6
264 307 9
78 313 8
191 315 4
209 320 60
292 322 9
121 328 6
263 329 10
104 333 9
260 333 10
136 334 5
220 341 4
228 342 7
110 345 3
227 347 6
74 349 6
219 350 9
106 351 3
120 358 8
135 360 4
8 362 8
185 367 4
281 367 6
12 375 7
77 380 5
272 385 8
201 387 3
390 398 6
370 399 1
370 400 8
18 403 4
321 407 4
42 411 8
263 413 10
95 415 6
305 415 2
129 417 17
402 419 7
258 420 9
30 427 6
180 433 55
83 437 6
189 437 47
433 437 40
180 438 40
388 439 5
164 440 10
331 441 9
62 447 20
292 451 5
166 458 6
320 463 5
417 465 5
71 467 9
268 469 7
237 470 1
36 471 9
438 471 9
205 473 8
463 473 7
259 474 2
209 476 5
145 478 7
397 478 3
294 479 3
100 480 9
74 481 9
245 486 5
212 488 3
279 493 13
110 497 9
305 499 7
128 500 9
339 503 5
139 506 9
308 508 8
465 513 1
32 518 2
358 521 14
447 523 9
82 524 76
281 524 1
390 524 6
126 526 10
345 527 7
379 527 9
477 530 6
510 531 6
521 533 10
67 540 29
476 540 7
473 541 8
519 541 3
62 542 3
199 542 3
462 545 10
545 549 4
226 550 7
335 551 10
420 552 19
488 560 4
447 563 20
572 578 10
573 578 1
580 581 1
569 582 2
567 585 5
576 587 5
570 590 6
577 590 4
589 592 6
569 603 2
75 199 228 59 50 29 24 48 198 31 473 438 471 85 281 5 305 143 350 157 120 200 261 20 347 265 11 146 28 57 499 294 36 402 165 39 63 417 245 293 150 160 308 104 258 110 56 35 180 66 521 138 213 184 545 128 108 93 141 540 478 106 77 370 351 8 240 54 44 87 33 99 123 12 251 134 62 382 21 88 320 2 541 18 203 390 78 226 243 279 10 212 100 32 6 83 148 316 333 102 524 488 319 268 315 205 191 290 14
5 265 46
3 538 17
7 48 14
6 105 19
9 432 55
10 552 32
4 242 8
5 493 96
9 279 7
12 441 76
12 332 100
7 358 25
5 477 4
11 20 90
3 15 4
3 6 30
2 136 4
8 132 89
7 80 5
11 551 30
6 189 94
6 97 25
2 354 41
5 432 36
7 448 54
10 354 18
1 456 66
4 192 23
8 69 98
6 209 68
6 38 79
9 338 9