594 715 89 13 26
1 2 10
1 3 100
1 4 99
4 5 82
2 6 4
1 7 99
7 8 25
2 9 8
3 10 16
7 11 6
2 12 7
7 13 99
7 14 17
9 15 42
15 16 8
3 17 72
9 18 33
5 19 10
17 20 9
7 21 41
6 22 4
6 23 4
17 24 47
20 25 4
3 26 60
17 27 4
2 28 10
3 29 101
24 30 8
9 31 10
13 32 42
26 33 5
22 34 4
1 35 8
18 36 9
14 37 9
4 38 36
8 39 12
39 40 6
23 41 4
23 42 7
42 43 13
29 44 2
20 45 4
10 46 5
26 47 44
23 48 8
47 49 5
40 50 10
10 51 30
30 52 9
2 53 6
48 54 5
38 55 3
41 56 7
51 57 6
34 58 4
21 59 9
53 60 7
20 61 9
57 62 6
17 63 70
45 64 1
36 65 9
4 66 3
32 67 42
8 68 41
30 69 10
20 70 1
70 71 5
33 72 1
7 73 9
30 74 8
1 75 1
25 76 6
13 77 23
7 78 9
4 79 96
39 80 15
2 81 5
74 82 7
6 83 1
13 84 7
67 85 42
26 86 56
22 87 2
8 88 3
43 89 10
1 90 54
39 91 15
21 92 14
68 93 8
91 94 5
61 95 6
38 96 8
68 97 33
4 98 9
97 99 11
28 100 9
61 101 2
95 102 5
3 103 9
91 104 7
70 105 9
89 106 6
65 107 6
82 108 12
102 109 10
30 110 9
83 111 6
43 112 17
25 113 7
78 114 8
22 115 5
24 116 50
68 117 41
85 118 17
80 119 16
48 120 1
120 121 7
98 122 9
95 123 8
22 124 8
50 125 6
73 126 10
15 127 39
33 128 5
33 129 5
102 130 8
117 131 1
109 132 10
54 133 10
63 134 8
114 135 7
63 136 7
111 137 4
123 138 6
138 139 3
102 140 7
7 141 10
69 142 5
5 143 82
125 144 8
106 145 6
18 146 35
130 147 7
86 148 42
103 149 9
51 150 4
150 151 10
86 152 70
134 153 7
142 154 7
97 155 8
128 156 2
97 157 33
118 158 52
94 159 5
79 160 71
129 161 10
160 162 8
8 163 10
7 164 8
157 165 2
61 166 8
111 167 10
163 168 10
4 169 41
168 170 4
26 171 4
90 172 52
25 173 10
92 174 1
1 175 6
147 176 8
64 177 80
25 178 3
8 179 1
162 180 10
134 181 2
30 182 8
99 183 9
1 184 7
174 185 8
134 186 5
140 187 4
125 188 7
57 189 13
32 190 44
63 191 67
20 192 2
6 193 5
167 194 10
42 195 6
113 196 3
1 197 9
85 198 49
1 199 93
133 200 9
173 201 9
101 202 9
168 203 5
135 204 5
55 205 3
79 206 98
41 207 1
165 208 6
101 209 8
79 210 1
65 211 5
173 212 6
1 213 96
94 214 4
118 215 8
32 216 17
59 217 3
105 218 10
23 219 6
99 220 14
97 221 3
193 222 4
177 223 10
1 224 68
41 225 9
193 226 7
181 227 4
198 228 73
76 229 2
86 230 14
6 231 12
223 232 3
23 233 6
86 234 2
85 235 6
53 236 2
40 237 5
33 238 5
224 239 7
230 240 8
54 241 9
61 242 6
54 243 5
217 244 9
143 245 1
36 246 4
138 247 1
170 248 8
48 249 3
18 250 6
239 251 9
99 252 16
8 253 2
9 254 10
35 255 1
150 256 9
217 257 6
240 258 3
34 259 1
191 260 27
90 261 3
33 262 4
254 263 9
173 264 9
190 265 47
136 266 8
255 267 3
29 268 58
227 269 2
221 270 1
156 271 7
187 272 6
116 273 4
147 274 8
160 275 64
51 276 14
57 277 10
256 278 10
35 279 10
252 280 6
190 281 29
76 282 9
190 283 21
227 284 10
241 285 10
30 286 4
196 287 7
259 288 10
81 289 8
254 290 1
271 291 6
287 292 9
222 293 5
178 294 1
52 295 6
95 296 8
120 297 10
14 298 10
81 299 6
296 300 4
276 301 7
41 302 26
295 303 1
191 304 67
233 305 4
135 306 9
275 307 8
49 308 5
103 309 9
249 310 3
168 311 5
3 312 8
96 313 7
285 314 4
108 315 12
146 316 24
32 317 39
226 318 10
202 319 39
183 320 8
5 321 96
216 322 12
271 323 3
216 324 6
297 325 8
299 326 8
24 327 4
94 328 7
222 329 6
107 330 9
249 331 5
131 332 5
114 333 6
312 334 10
202 335 3
38 336 5
3 337 3
106 338 10
279 339 6
187 340 1
216 341 6
2 342 8
137 343 2
141 344 2
161 345 4
116 346 7
172 347 10
213 348 42
80 349 26
11 350 4
231 351 51
24 352 8
278 353 5
53 354 10
339 355 6
210 356 7
312 357 3
346 358 2
82 359 4
265 360 47
319 361 2
248 362 5
72 363 5
308 364 2
161 365 4
324 366 8
233 367 1
263 368 5
77 369 5
260 370 1
189 371 21
73 372 10
92 373 6
279 374 7
221 375 6
206 376 98
205 377 9
195 378 6
172 379 6
371 380 21
2 381 8
62 382 10
129 383 10
297 384 10
87 385 3
56 386 10
309 387 9
331 388 6
69 389 5
49 390 4
119 391 16
367 392 10
68 393 5
322 394 12
123 395 9
374 396 9
203 397 8
276 398 4
37 399 10
87 400 10
14 401 10
208 402 4
263 403 5
258 404 1
279 405 8
201 406 7
16 407 8
83 408 2
173 409 6
116 410 8
233 411 4
46 412 4
125 413 8
201 414 1
248 415 5
273 416 5
304 417 2
231 418 16
153 419 3
400 420 6
175 421 7
406 422 9
320 423 10
307 424 2
378 425 5
343 426 9
25 427 1
359 428 4
366 429 8
51 430 20
411 431 1
134 432 9
85 433 8
107 434 2
148 435 42
8 436 10
338 437 7
353 438 1
71 439 10
172 440 45
283 441 4
338 442 7
57 443 5
221 444 1
252 445 19
48 446 4
351 447 51
179 448 35
260 449 7
378 450 2
346 451 9
412 452 9
195 453 10
261 454 6
72 455 9
12 456 3
428 457 7
147 458 10
356 459 9
146 460 35
391 461 2
67 462 5
418 463 5
251 464 10
312 465 6
293 466 1
399 467 7
93 468 8
446 469 7
454 470 2
132 471 10
287 472 8
133 473 7
169 474 45
236 475 7
86 476 5
248 477 8
77 478 45
179 479 35
322 480 5
221 481 9
273 482 5
463 483 8
468 484 1
462 485 8
447 486 8
102 487 6
484 488 6
82 489 2
394 490 39
241 491 9
474 492 7
315 493 12
289 494 9
213 495 5
395 496 4
441 497 6
403 498 3
309 499 9
125 500 9
62 501 6
89 502 10
314 503 4
97 504 30
61 505 11
110 506 4
365 507 7
486 508 4
325 509 6
230 510 2
466 511 10
260 512 27
494 513 9
290 514 6
178 515 1
184 516 5
334 517 4
401 518 4
115 519 5
346 520 2
143 521 9
464 522 5
437 523 10
47 524 9
52 525 6
110 526 4
445 527 4
72 528 10
339 529 8
497 530 3
468 531 9
517 532 9
377 533 3
305 534 2
443 535 6
191 536 10
456 537 6
322 538 10
20 539 23
491 540 7
433 541 9
429 542 9
1 543 6
247 544 7
45 545 6
15 64 80
10 66 2
25 74 9
112 116 46
95 124 6
54 132 25
126 135 10
6 155 9
110 156 6
162 169 4
9 180 10
100 184 2
143 199 93
141 202 10
91 209 9
163 216 5
198 220 25
62 221 6
218 221 6
22 224 6
26 224 68
66 229 6
153 231 1
159 231 17
45 232 3
143 240 8
125 242 2
94 250 2
6 256 6
37 256 8
246 257 8
63 275 69
210 275 9
133 282 1
14 283 17
137 285 7
157 290 9
41 296 26
117 298 10
95 300 10
21 302 19
202 302 39
241 302 9
289 302 19
181 305 5
242 312 6
76 314 2
115 316 24
172 318 1
296 318 9
80 319 47
92 324 8
276 329 4
271 330 5
101 331 2
271 331 10
36 335 3
26 348 46
36 348 19
268 349 58
69 355 6
301 360 8
250 364 2
146 368 2
276 375 3
95 377 10
336 378 8
277 379 6
140 384 7
344 386 4
91 387 9
13 391 9
98 391 9
348 392 10
346 394 5
330 396 6
26 397 9
146 401 10
390 401 8
70 403 8
289 406 11
253 410 1
39 411 10
371 414 7
367 415 9
92 416 10
33 418 4
45 419 1
291 419 3
203 423 9
384 427 8
52 428 5
373 429 8
189 437 3
36 439 11
325 439 6
190 440 44
220 442 7
221 445 9
418 445 16
360 447 47
296 448 35
36 451 20
430 451 20
295 453 6
280 454 6
284 456 5
13 460 35
308 467 3
266 473 7
317 474 39
205 477 1
440 479 35
24 480 3
46 480 5
233 481 8
49 482 6
464 485 8
201 487 3
74 489 1
422 489 6
127 490 39
437 492 7
435 493 12
163 497 7
50 499 10
149 500 2
366 500 2
51 504 30
406 505 11
304 513 67
362 515 9
25 519 9
222 519 9
40 521 6
49 521 7
335 521 5
119 522 4
129 523 3
27 524 4
65 524 9
65 525 6
275 525 6
286 525 6
356 527 1
22 529 9
301 529 10
101 532 9
107 532 3
467 534 4
78 538 9
212 538 6
399 538 5
115 539 23
128 541 8
379 545 7
549 554 7
555 558 8
562 568 4
563 576 1
559 577 9
572 578 1
574 578 5
562 581 3
549 582 4
561 582 5
558 588 3
546 589 9
578 590 10
585 590 10
583 591 4
156 189 99 532 456 391 160 66 467 106 331 36 538 348 500 23 54 480 13 356 263 168 231 138 220 172 114 129 147 295 40 497 47 394 289 318 233 98 301 81 296 273 50 248 70 191 161 35 39 120 65 33 464 3 77 468 37 240 118 101 271 157 319 7 519 143 92 73 339 141 230 249 128 61 38 132 241 79 276 227 20 49 21 222 325 91 10 474 95
8 228 73
3 282 5
1 29 43
5 177 80
3 152 70
8 321 96
3 117 51
9 158 52
10 447 97
11 117 31
13 132 42
13 512 27
7 112 62
11 159 22
12 380 21
9 80 97
4 435 54
9 478 45
1 376 98
7 281 29
8 213 98
2 513 67
6 26 98
1 490 48
1 349 41
7 430 39