599 586 168 8 9
1 2 46
2 3 17
3 4 11
4 5 10
1 6 27
1 7 24
7 8 17
5 9 6
1 10 10
8 11 9
9 12 9
8 13 1
8 14 7
11 15 2
1 16 41
15 17 6
2 18 7
18 19 6
3 20 8
20 21 16
16 22 6
1 23 10
8 24 3
23 25 4
22 26 1
18 27 1
26 28 3
14 29 3
7 30 6
12 31 10
25 32 10
17 33 6
33 34 4
29 35 1
8 36 3
19 37 3
33 38 4
24 39 5
4 40 29
37 41 10
27 42 10
3 43 6
24 44 7
18 45 2
2 46 1
33 47 1
36 48 5
13 49 10
6 50 4
25 51 2
34 52 10
8 53 4
7 54 4
41 55 9
40 56 6
37 57 6
7 58 8
49 59 2
23 60 10
6 61 27
1 62 16
62 63 3
8 64 8
15 65 7
20 66 7
20 67 15
67 68 15
2 69 5
31 70 3
47 71 1
35 72 7
55 73 1
2 74 29
74 75 29
53 76 3
3 77 2
35 78 6
31 79 6
32 80 3
16 81 2
5 82 8
65 83 6
38 84 1
3 85 7
9 86 8
60 87 7
62 88 16
83 89 8
48 90 9
67 91 8
23 92 9
33 93 1
46 94 4
61 95 2
32 96 5
15 97 6
33 98 5
76 99 6
13 100 5
9 101 4
64 102 9
25 103 3
43 104 5
46 105 4
68 106 15
61 107 26
16 108 5
88 109 2
100 110 1
90 111 7
69 112 7
13 113 8
107 114 26
108 115 3
110 116 5
92 117 6
112 118 10
101 119 7
104 120 1
79 121 8
2 122 4
81 123 1
109 124 3
118 125 6
20 126 10
63 127 2
87 128 2
13 129 9
114 130 6
89 131 10
18 132 9
95 133 2
36 134 10
96 135 2
3 136 6
97 137 6
32 138 8
85 139 9
112 140 4
96 141 3
94 142 5
125 143 3
77 144 4
115 145 2
113 146 10
144 147 8
140 148 3
119 149 8
21 150 9
70 151 7
101 152 3
126 153 10
111 154 8
121 155 4
75 156 2
120 157 7
86 158 4
14 159 2
2 160 16
129 161 4
25 162 9
66 163 9
124 164 10
35 165 9
89 166 6
134 167 1
163 168 10
82 169 10
56 170 7
14 171 4
104 172 6
107 173 1
51 174 5
49 175 4
38 176 2
42 177 8
138 178 6
139 179 8
44 180 8
25 181 3
14 182 7
152 183 3
87 184 7
56 185 4
168 186 4
47 187 10
17 188 3
75 189 8
145 190 8
24 191 4
113 192 6
3 193 2
190 194 10
180 195 2
13 196 6
192 197 3
16 198 6
115 199 6
93 200 4
193 201 6
168 202 9
38 203 7
120 204 10
204 205 1
103 206 2
14 207 6
145 208 4
148 209 7
35 210 1
57 211 9
46 212 1
17 213 7
127 214 3
209 215 5
15 216 3
134 217 6
90 218 7
196 219 1
190 220 1
133 221 4
195 222 10
186 223 8
13 224 9
5 225 4
79 226 1
8 227 9
111 228 1
192 229 3
140 230 4
114 231 51
227 232 5
115 233 6
118 234 6
229 235 1
23 236 9
13 237 9
124 238 8
164 239 7
74 240 10
104 241 1
175 242 8
125 243 4
119 244 9
207 245 4
7 246 4
217 247 3
177 248 5
84 249 2
125 250 10
144 251 6
239 252 1
207 253 8
52 254 4
196 255 5
37 256 1
224 257 2
21 258 4
176 259 6
119 260 5
244 261 6
91 262 3
20 263 4
87 264 4
38 265 9
250 266 1
37 267 6
154 268 8
163 269 8
10 270 7
128 271 4
35 272 2
224 273 7
196 274 9
138 275 6
19 276 1
143 277 8
22 278 3
35 279 10
251 280 2
258 281 5
180 282 7
245 283 1
59 284 2
162 285 9
51 286 7
263 287 8
92 288 8
19 289 2
205 290 5
20 291 9
194 292 7
27 293 8
97 294 9
283 295 8
179 296 5
66 297 3
105 298 2
29 299 10
89 300 3
46 301 5
204 302 9
174 303 3
229 304 6
107 305 7
281 306 8
241 307 2
91 308 4
145 309 6
44 310 4
30 311 2
242 312 2
211 313 10
286 314 10
203 315 3
254 316 9
186 317 18
212 318 7
35 319 1
45 320 2
267 321 10
210 322 9
303 323 2
197 324 1
215 325 3
108 326 7
269 327 9
100 328 6
291 329 6
23 330 5
309 331 7
186 332 8
203 333 2
69 334 4
99 335 9
227 336 7
106 337 29
328 338 9
200 339 8
283 340 8
43 341 1
174 342 4
228 343 2
219 344 3
58 345 3
35 346 3
106 347 5
73 348 1
241 349 9
194 350 5
274 351 7
61 352 9
301 353 10
223 354 10
33 355 6
123 356 3
226 357 10
71 358 7
253 359 3
174 360 5
5 361 2
266 362 10
361 363 5
219 364 3
242 365 10
88 366 5
67 367 8
249 368 5
326 369 8
55 370 6
367 371 6
140 372 3
311 373 2
298 374 7
315 375 7
215 376 5
299 377 5
202 378 6
67 379 5
310 380 6
88 381 6
48 382 4
275 383 6
132 384 2
259 385 9
345 386 6
354 387 1
325 388 6
23 389 8
157 390 8
385 391 4
259 392 10
82 393 1
160 394 6
344 395 1
299 396 7
122 397 8
390 398 4
256 399 3
186 400 1
118 401 2
237 402 4
50 403 9
88 404 16
96 405 5
364 406 1
199 407 3
81 408 8
85 409 7
30 410 5
224 411 3
260 412 6
124 413 4
107 414 6
213 415 9
241 416 1
21 417 2
173 418 10
277 419 8
59 420 8
322 421 4
408 422 6
18 423 1
397 424 10
184 425 1
237 426 8
426 427 2
187 428 9
58 429 7
214 430 7
373 431 8
319 432 3
278 433 9
219 434 2
37 435 9
209 436 6
259 437 7
17 25 10
22 34 8
39 73 6
68 73 8
58 88 3
29 98 2
31 104 3
95 104 7
89 111 6
85 122 6
77 129 5
102 133 10
116 154 3
20 155 2
116 159 3
36 160 9
157 173 9
58 181 3
165 182 7
43 186 8
134 192 4
142 193 4
52 197 9
83 197 8
171 197 6
163 198 6
43 201 7
182 204 4
94 205 9
195 225 7
127 228 10
16 231 46
29 233 6
214 233 8
205 238 10
115 240 8
62 242 1
227 245 9
6 252 8
117 261 4
237 267 3
91 274 7
60 277 2
249 278 10
27 287 5
221 289 7
232 289 2
105 292 8
100 297 3
115 298 10
188 300 6
101 301 10
142 305 1
161 307 2
112 310 6
298 310 8
301 311 8
245 317 7
28 319 10
281 319 7
265 320 5
278 324 3
34 326 2
104 329 3
152 333 7
117 334 8
283 339 1
76 345 10
141 345 3
186 350 7
239 352 4
195 353 7
126 354 8
137 356 6
16 358 2
297 359 7
148 361 9
202 362 10
305 362 5
44 363 9
83 367 4
177 367 3
65 378 1
48 381 10
199 383 9
105 384 1
71 386 6
58 390 6
167 393 4
221 397 6
195 398 10
55 400 5
381 402 6
21 404 16
99 406 3
146 406 3
20 408 6
398 410 1
109 411 10
160 418 16
256 418 16
338 418 5
95 420 10
136 426 9
91 430 8
267 434 6
330 437 10
442 448 6
439 487 7
481 494 2
459 507 2
486 517 10
474 518 9
508 518 10
501 520 10
521 532 8
476 533 10
441 535 5
517 536 3
449 537 10
528 538 5
490 539 8
499 539 3
458 545 9
462 546 5
480 547 4
523 547 3
509 551 10
481 552 2
544 553 10
447 556 3
516 560 6
521 561 10
487 569 8
544 570 10
510 572 9
524 572 9
498 573 10
494 579 8
455 585 9
526 586 5
550 587 5
511 589 9
524 589 6
512 591 8
472 595 7
547 595 1
469 596 2
581 598 5
514 599 1
245 83 207 61 281 157 2 88 160 233 256 118 297 49 202 367 24 106 190 109 259 140 154 60 354 301 283 125 68 74 59 30 95 33 124 82 31 116 81 6 173 122 117 408 34 227 192 55 51 224 148 47 241 115 94 398 310 289 52 299 174 127 89 48 204 85 58 4 18 319 390 87 79 229 105 17 46 274 27 14 214 209 97 8 186 22 221 71 108 37 426 43 237 96 100 194 90 56 119 104 326 278 144 32 73 196 69 126 16 193 298 177 65 311 120 228 66 145 76 75 152 199 242 406 19 92 215 205 67 138 38 20 113 418 9 249 107 23 203 397 111 381 35 36 101 168 134 29 142 5 197 7 182 345 21 15 25 44 3 77 267 277 239 13 129 361 362 114
4 40 29
5 352 9
7 256 32
3 231 96
5 317 18
3 38 7
6 337 29
1 245 14
2 75 57