609 631 12 5 8
1 2 71
1 3 42
2 4 3
3 5 18
2 6 46
1 7 71
6 8 10
2 9 2
9 10 10
10 11 3
6 12 46
4 13 3
6 14 5
11 15 8
12 16 63
1 17 11
5 18 12
1 19 9
2 20 32
6 21 4
1 22 1
17 23 7
15 24 7
13 25 10
6 26 10
9 27 9
5 28 27
17 29 8
5 30 7
2 31 44
11 32 6
9 33 8
22 34 7
15 35 3
14 36 5
19 37 11
13 38 28
23 39 8
30 40 10
19 41 6
39 42 77
29 43 10
35 44 8
36 45 6
21 46 5
13 47 28
2 48 1
32 49 3
48 50 5
18 51 3
20 52 7
22 53 9
12 54 9
39 55 15
3 56 7
20 57 9
45 58 5
37 59 9
21 60 6
29 61 10
18 62 2
47 63 7
37 64 2
7 65 70
20 66 32
45 67 11
67 68 25
21 69 4
65 70 70
14 71 3
63 72 8
27 73 8
37 74 8
54 75 3
40 76 4
13 77 10
33 78 4
48 79 1
71 80 9
66 81 64
11 82 8
44 83 8
71 84 6
55 85 10
79 86 2
68 87 7
80 88 1
76 89 6
38 90 8
86 91 3
1 92 63
11 93 1
50 94 6
38 95 4
70 96 70
67 97 10
55 98 4
11 99 2
68 100 8
69 101 3
45 102 9
88 103 28
6 104 1
1 105 4
78 106 4
46 107 7
105 108 10
78 109 10
101 110 4
96 111 18
27 112 5
80 113 6
90 114 3
19 115 15
81 116 9
38 117 7
35 118 9
30 119 7
13 120 5
31 121 4
54 122 9
96 123 2
77 124 4
16 125 16
37 126 11
78 127 8
91 128 10
67 129 15
80 130 10
122 131 1
19 132 3
99 133 9
30 134 9
46 135 2
98 136 10
56 137 1
31 138 41
45 139 2
42 140 3
82 141 7
16 142 1
45 143 16
35 144 6
16 145 78
81 146 64
100 147 7
138 148 7
17 149 11
125 150 8
84 151 10
28 152 4
110 153 4
135 154 9
76 155 1
117 156 8
127 157 10
50 158 3
7 159 2
139 160 1
126 161 2
125 162 10
150 163 4
83 164 8
89 165 9
159 166 5
143 167 3
59 168 8
99 169 6
153 170 7
26 171 10
94 172 9
126 173 4
138 174 4
126 175 5
83 176 7
165 177 1
120 178 6
40 179 2
165 180 7
114 181 9
143 182 19
9 183 2
112 184 8
93 185 4
151 186 8
20 187 4
49 188 5
167 189 9
75 190 8
30 191 3
33 192 3
154 193 9
175 194 2
157 195 4
163 196 9
190 197 10
40 198 6
88 199 5
9 200 6
175 201 7
13 202 9
34 203 3
21 204 4
72 205 8
93 206 7
132 207 3
176 208 5
184 209 4
134 210 10
125 211 16
131 212 7
56 213 9
183 214 6
110 215 6
76 216 5
22 217 2
113 218 2
10 219 4
36 220 5
93 221 6
90 222 3
199 223 9
49 224 8
36 225 4
29 226 8
133 227 2
181 228 3
183 229 9
60 230 10
12 231 59
66 232 4
231 233 60
144 234 9
102 235 5
183 236 1
201 237 8
137 238 5
164 239 2
145 240 16
212 241 5
56 242 5
36 243 5
85 244 10
71 245 3
157 246 1
115 247 12
35 248 7
133 249 3
226 250 10
229 251 1
73 252 3
146 253 9
110 254 7
13 255 5
184 256 6
185 257 5
63 258 2
103 259 10
153 260 10
8 261 9
244 262 5
69 263 9
12 264 5
64 265 9
245 266 3
190 267 10
125 268 9
90 269 5
126 270 2
247 271 5
83 272 2
53 273 1
117 274 6
8 275 8
259 276 10
104 277 9
238 278 6
57 279 5
107 280 3
3 281 20
69 282 8
237 283 4
206 284 3
115 285 2
126 286 11
104 287 8
70 288 9
156 289 3
198 290 4
107 291 7
230 292 2
119 293 8
185 294 6
94 295 10
42 296 4
59 297 3
139 298 1
184 299 8
103 300 9
281 301 20
286 302 7
52 303 6
194 304 3
17 305 3
294 306 5
79 307 1
303 308 6
231 309 4
131 310 8
251 311 1
233 312 10
276 313 3
129 314 4
269 315 9
110 316 8
183 317 6
35 318 3
212 319 2
310 320 6
191 321 9
157 322 4
135 323 7
74 324 10
247 325 7
70 326 5
307 327 7
300 328 9
194 329 4
300 330 3
195 331 4
175 332 7
285 333 10
179 334 1
122 335 7
24 336 6
112 337 3
114 338 6
66 339 5
220 340 10
141 341 6
35 342 10
276 343 6
85 344 9
334 345 2
332 346 4
206 347 4
117 348 2
315 349 3
316 350 2
243 351 4
82 352 4
206 353 9
154 354 10
273 355 4
130 356 9
79 357 2
230 358 9
346 359 4
13 360 6
68 361 3
1 362 8
130 363 9
208 364 6
185 365 8
132 366 5
149 367 8
210 368 6
240 369 5
213 370 5
123 371 9
360 372 10
45 373 2
361 374 7
112 375 16
282 376 4
270 377 5
363 378 6
141 379 2
294 380 8
365 381 9
282 382 8
350 383 2
383 384 10
299 385 1
4 386 2
19 387 1
154 388 10
207 389 9
46 390 4
203 391 10
363 392 1
19 393 4
393 394 4
335 395 8
346 396 5
366 397 4
164 398 2
254 399 1
98 400 7
20 401 9
342 402 10
60 403 9
190 404 9
204 405 2
142 406 10
51 407 5
248 408 4
396 409 6
282 410 4
176 411 3
310 412 6
247 413 10
376 414 1
373 415 8
213 416 6
203 417 5
197 418 5
184 419 9
265 420 2
158 421 8
262 422 8
149 423 11
55 424 9
22 425 7
166 426 7
194 427 7
381 428 32
312 429 8
166 430 1
222 431 10
404 432 10
407 433 1
123 434 9
425 435 9
325 436 8
333 437 7
110 438 7
403 439 5
123 440 3
430 441 6
47 442 5
196 443 3
2 444 10
34 445 2
134 446 2
322 447 10
234 448 9
368 449 9
385 450 10
33 451 4
38 452 33
212 453 3
3 454 6
436 455 10
246 456 5
5 457 10
247 458 6
373 459 10
283 460 3
353 461 2
390 462 1
137 463 1
267 464 8
245 465 9
261 466 2
191 467 5
444 468 3
141 469 6
441 470 3
323 471 9
416 472 3
209 473 8
397 474 4
354 475 6
378 476 7
277 477 8
467 478 4
38 479 1
100 480 4
8 481 9
28 482 3
231 483 8
400 484 8
471 485 4
122 486 3
3 13 7
9 25 2
31 51 4
39 92 63
14 110 10
26 120 3
99 130 2
73 131 5
108 132 2
79 137 1
141 162 10
72 166 10
1 171 8
111 182 18
180 183 7
88 186 8
193 195 3
25 197 10
199 200 1
103 206 7
9 212 4
27 215 7
48 220 7
188 220 10
138 224 11
100 226 4
224 240 16
26 246 2
211 253 16
172 254 10
31 267 10
213 270 7
221 272 3
222 272 5
122 276 10
2 282 6
234 286 8
250 297 3
45 301 20
80 306 8
299 315 1
63 318 5
210 319 9
183 320 9
58 323 2
134 323 3
264 324 5
18 325 15
75 329 8
124 329 3
104 335 4
270 338 3
191 341 7
209 341 2
179 357 5
263 359 4
282 364 8
184 370 10
286 370 8
194 372 3
367 374 7
253 375 16
21 377 7
88 381 28
380 383 3
186 384 9
172 386 6
189 389 1
372 392 7
321 394 5
180 397 9
47 399 9
201 400 4
361 402 4
393 402 4
307 403 2
261 411 1
55 413 14
381 413 4
120 414 3
6 417 3
189 419 1
196 420 9
112 423 11
260 427 6
129 428 15
138 428 32
189 428 2
36 429 5
270 435 4
50 436 9
238 446 5
154 448 1
261 448 1
32 451 1
348 451 5
66 452 33
311 452 10
303 454 6
59 456 4
360 456 5
200 457 2
436 458 3
240 460 31
450 461 3
55 465 3
56 466 10
306 468 10
21 469 8
307 469 3
113 480 5
120 480 6
234 480 3
156 481 8
242 481 8
243 482 10
421 482 5
311 483 8
345 483 3
335 485 7
508 512 7
502 515 7
507 533 9
502 534 2
504 538 4
504 541 5
504 549 5
508 550 2
552 555 1
492 557 2
535 569 6
571 573 1
501 575 9
503 575 1
562 575 4
513 576 8
510 578 8
570 581 2
572 583 6
512 587 10
529 589 6
589 590 10
572 594 6
589 596 5
537 606 2
601 608 3
47 103 130 45 29 480 115 482 12 113 183 206
3 233 60
5 96 88
5 145 81
2 42 77
5 28 26
4 146 73
2 460 31
5 68 28