595 627 145 10 11
1 2 95
2 3 78
3 4 3
2 5 14
5 6 14
5 7 6
4 8 3
2 9 22
6 10 18
1 11 94
11 12 9
5 13 9
10 14 73
7 15 8
8 16 3
6 17 14
6 18 12
14 19 22
1 20 6
17 21 8
6 22 8
1 23 90
10 24 3
19 25 22
18 26 2
9 27 7
23 28 4
16 29 2
22 30 4
8 31 5
11 32 81
5 33 6
26 34 4
12 35 10
9 36 29
1 37 23
26 38 3
12 39 7
35 40 2
7 41 8
5 42 9
34 43 2
6 44 2
36 45 40
33 46 8
44 47 6
8 48 1
46 49 7
39 50 3
31 51 2
23 52 25
40 53 2
25 54 22
53 55 5
12 56 5
36 57 40
35 58 4
3 59 78
40 60 5
60 61 4
29 62 71
61 63 9
37 64 23
34 65 5
3 66 6
46 67 3
53 68 4
39 69 1
18 70 23
33 71 2
11 72 4
22 73 7
11 74 6
23 75 85
36 76 5
67 77 9
17 78 55
52 79 25
39 80 2
5 81 14
46 82 1
77 83 4
1 84 10
27 85 5
70 86 1
75 87 15
14 88 6
62 89 35
46 90 8
66 91 3
57 92 41
57 93 40
49 94 3
78 95 55
53 96 6
60 97 3
61 98 6
79 99 6
42 100 7
59 101 23
42 102 5
33 103 7
4 104 2
35 105 5
104 106 3
56 107 6
47 108 2
48 109 8
82 110 4
107 111 9
28 112 4
98 113 5
63 114 9
64 115 8
53 116 4
105 117 7
59 118 9
79 119 8
6 120 6
98 121 33
105 122 10
118 123 9
109 124 6
54 125 67
86 126 2
64 127 8
83 128 9
100 129 7
70 130 8
123 131 3
7 132 3
32 133 4
80 134 2
41 135 4
41 136 4
83 137 8
72 138 1
107 139 6
100 140 10
30 141 7
75 142 81
16 143 4
95 144 9
43 145 7
141 146 10
105 147 3
105 148 4
93 149 40
88 150 7
134 151 6
53 152 10
28 153 5
76 154 7
53 155 9
81 156 7
144 157 1
11 158 9
102 159 8
150 160 10
19 161 7
146 162 1
92 163 90
124 164 10
148 165 1
101 166 3
119 167 6
4 168 1
114 169 2
81 170 3
86 171 7
141 172 19
159 173 6
53 174 10
27 175 9
88 176 8
172 177 1
95 178 7
120 179 10
168 180 8
26 181 7
101 182 8
143 183 7
81 184 1
49 185 2
108 186 8
183 187 6
183 188 2
87 189 4
2 190 3
69 191 1
23 192 5
92 193 49
17 194 7
149 195 8
14 196 4
177 197 1
44 198 3
110 199 3
192 200 8
143 201 5
72 202 6
20 203 6
14 204 78
203 205 6
185 206 8
10 207 7
140 208 2
144 209 7
94 210 8
36 211 88
30 212 6
47 213 4
194 214 3
5 215 9
74 216 6
2 217 8
96 218 9
154 219 8
149 220 4
56 221 9
169 222 1
162 223 9
21 224 9
59 225 6
117 226 10
97 227 6
200 228 15
24 229 5
97 230 1
22 231 3
214 232 4
3 233 6
219 234 2
229 235 3
175 236 2
28 237 4
217 238 8
231 239 10
61 240 3
165 241 5
32 242 10
227 243 10
17 244 13
46 245 1
23 246 33
202 247 8
243 248 9
64 249 15
119 250 4
210 251 2
27 252 4
70 253 8
144 254 4
42 255 8
157 256 9
219 257 8
24 258 5
5 259 6
188 260 3
178 261 5
162 262 4
23 263 10
143 264 6
61 265 9
57 266 9
47 267 8
177 268 2
254 269 10
11 270 9
224 271 6
43 272 10
110 273 1
128 274 1
245 275 8
29 276 7
71 277 1
216 278 7
62 279 37
99 280 6
241 281 4
256 282 2
182 283 2
231 284 2
32 285 8
57 286 4
70 287 23
61 288 1
91 289 4
257 290 1
209 291 1
288 292 8
175 293 4
108 294 1
264 295 10
187 296 9
27 297 6
266 298 2
53 299 8
66 300 8
267 301 4
67 302 3
226 303 3
140 304 3
53 305 5
52 306 2
43 307 6
189 308 5
295 309 7
304 310 3
135 311 4
99 312 10
193 313 3
36 314 48
237 315 5
76 316 4
20 317 8
145 318 3
147 319 9
107 320 7
301 321 4
221 322 9
187 323 12
117 324 7
313 325 10
29 326 8
42 327 3
163 328 3
233 329 4
231 330 6
11 331 6
213 332 6
22 333 7
143 334 2
330 335 1
85 336 1
123 337 7
234 338 2
216 339 2
79 340 10
18 341 8
157 342 10
296 343 10
282 344 1
13 345 7
343 346 10
148 347 1
60 348 2
43 349 1
281 350 9
205 351 6
129 352 1
185 353 5
345 354 2
48 355 9
337 356 2
26 357 2
188 358 8
274 359 10
59 360 10
256 361 3
22 362 6
231 363 7
74 364 5
65 365 2
188 366 8
171 367 7
212 368 7
244 369 5
355 370 9
344 371 5
248 372 1
305 373 2
204 374 78
262 375 3
253 376 10
164 377 2
80 378 8
20 379 6
326 380 2
139 381 3
20 382 1
141 383 19
89 384 27
327 385 8
72 386 1
7 387 10
381 388 1
88 389 6
213 390 8
188 391 4
174 392 3
237 393 9
21 394 8
36 395 8
323 396 12
301 397 5
118 398 7
383 399 19
354 400 7
313 401 3
110 402 1
51 403 2
13 404 1
134 405 1
116 406 3
317 407 10
386 408 4
122 409 10
317 410 9
353 411 8
303 412 7
276 413 10
3 414 10
42 415 1
410 416 2
410 417 5
417 418 9
417 419 9
284 420 2
84 421 2
290 422 2
312 423 3
23 424 9
98 425 71
15 426 4
236 427 8
340 428 9
409 429 10
353 430 8
336 431 10
274 432 5
161 433 8
82 434 2
134 435 6
295 436 8
377 437 6
399 438 3
235 439 7
266 440 2
251 441 2
8 442 9
155 443 7
313 444 6
320 445 10
386 446 5
200 447 10
65 448 1
362 449 2
235 450 5
79 451 1
359 452 1
339 453 9
263 454 4
330 455 4
31 456 7
164 457 3
314 458 1
274 459 8
208 460 10
99 461 10
450 462 2
33 463 5
427 464 3
363 465 9
359 466 3
449 467 2
235 468 1
369 469 1
452 470 3
297 471 5
181 472 6
10 17 68
23 63 1
27 73 6
55 82 8
27 87 15
75 107 10
75 134 3
67 140 8
32 142 81
75 149 94
95 149 55
45 156 40
157 161 2
156 162 8
29 163 30
168 170 1
6 171 3
126 172 24
87 173 5
41 178 5
172 180 10
55 183 1
18 187 21
52 189 6
127 190 9
59 193 40
26 197 4
71 202 6
115 209 6
135 212 10
193 221 9
127 223 8
138 223 10
107 235 4
113 238 5
135 241 6
121 246 33
79 250 1
105 256 8
223 257 10
220 261 4
199 265 8
24 266 5
60 269 4
2 274 8
145 278 1
196 278 9
156 279 37
11 285 6
54 287 23
97 292 1
252 293 7
150 294 10
265 301 10
22 304 8
103 305 5
152 307 7
138 308 7
17 310 9
41 316 4
111 317 3
237 319 5
177 321 9
218 323 9
148 324 10
176 329 8
286 329 6
169 332 2
255 332 7
15 333 5
89 333 8
137 333 6
39 336 6
310 336 9
278 337 9
57 338 21
283 342 8
336 343 9
123 346 10
179 351 7
107 352 4
338 358 1
172 360 6
343 364 4
207 365 3
105 376 7
106 380 4
9 381 14
249 381 15
368 381 2
33 384 3
79 384 24
267 385 4
144 386 1
248 387 9
288 388 2
188 389 5
301 389 8
106 393 4
371 393 5
101 396 23
244 396 12
164 397 2
75 399 17
306 403 10
141 406 10
250 406 9
261 410 1
27 411 8
244 413 7
39 416 7
365 416 4
158 417 10
80 420 5
163 430 8
107 438 2
273 441 7
67 448 5
233 448 3
381 448 10
426 451 6
107 457 8
273 460 4
122 461 4
334 464 3
299 465 6
26 467 3
432 467 8
237 471 4
486 497 4
473 513 6
475 513 3
488 519 2
500 524 10
520 524 5
495 530 8
498 532 10
519 535 5
496 538 8
508 541 5
527 543 1
538 546 5
540 550 3
538 562 1
541 563 2
509 567 5
568 576 5
567 578 9
499 581 9
576 581 7
576 582 9
537 583 3
526 584 8
567 587 9
503 594 9
533 594 5
89 223 161 110 244 202 14 323 343 448 9 20 105 71 64 329 47 256 74 353 467 26 187 209 29 261 10 141 216 381 27 61 123 54 8 86 406 359 76 248 183 163 231 219 172 156 48 15 301 304 169 32 393 257 62 36 81 60 107 53 241 416 49 417 288 57 338 52 365 83 88 40 108 19 212 138 92 384 250 46 30 278 106 41 22 266 189 140 188 66 410 313 82 233 100 16 333 21 75 39 193 134 70 148 59 101 337 24 67 5 99 79 42 237 127 117 28 274 273 72 34 171 13 135 200 6 18 145 164 65 235 31 265 97 310 317 386 149 33 175 98 119 122 150 178
1 163 89
1 374 78
3 211 88
2 125 67
1 29 90
1 126 24
10 14 83
7 314 48
3 228 15
9 425 71
2 75 63