594 280 25 4 10
1 2 20
2 3 2
2 4 6
2 5 2
3 6 5
2 7 5
3 8 3
1 9 2
6 10 1
1 11 32
1 12 75
8 13 9
8 14 6
13 15 1
5 16 29
10 17 6
1 18 73
17 19 4
19 20 8
1 21 16
12 22 75
10 23 52
9 24 4
23 25 9
3 26 10
10 27 6
26 28 3
6 29 6
16 30 10
21 31 97
1 32 3
4 33 1
1 34 6
16 35 6
18 36 3
2 37 12
29 38 5
14 39 5
26 40 73
1 41 74
13 42 20
34 43 10
6 44 10
1 45 8
9 46 10
41 47 74
47 48 74
42 49 93
11 50 8
14 51 2
2 52 5
46 53 1
38 54 12
30 55 1
46 56 10
37 57 1
16 58 62
37 59 7
21 60 7
17 61 5
48 62 91
45 63 7
11 64 29
8 65 5
15 66 5
32 67 8
22 68 19
14 69 4
33 70 9
26 71 73
21 72 7
17 73 5
10 74 57
15 75 2
9 76 1
1 77 5
56 78 8
20 79 1
51 80 10
52 81 10
16 82 2
45 83 8
81 84 8
14 85 8
56 86 1
67 87 1
57 88 1
36 89 6
61 90 1
87 91 2
79 92 1
50 93 9
36 94 2
1 95 5
2 96 6
37 97 7
46 98 2
72 99 7
82 100 5
20 101 16
24 102 5
10 103 1
101 104 16
26 105 8
63 106 5
78 107 1
22 108 7
98 109 7
31 110 8
92 111 9
33 112 6
112 113 3
68 114 8
55 115 8
93 116 7
77 117 10
90 118 4
9 119 4
99 120 10
23 121 5
112 122 3
90 123 3
38 124 7
2 19 8
23 37 36
39 41 4
40 42 73
34 62 4
5 64 29
1 68 10
14 68 9
52 70 9
21 76 5
56 77 6
5 79 8
4 82 5
79 84 2
83 86 4
4 93 2
64 93 7
90 93 4
82 94 1
18 95 10
23 99 8
25 99 9
31 104 17
18 107 73
71 107 73
102 109 7
8 110 3
112 117 1
18 118 10
59 120 10
97 120 3
2 123 1
70 123 8
64 124 10
137 142 7
152 174 2
140 184 1
132 189 6
189 198 5
163 203 8
196 206 2
174 218 1
180 237 8
215 249 5
189 274 8
169 276 7
261 279 4
235 284 4
136 292 3
213 300 4
180 307 8
176 311 9
137 318 4
275 321 3
227 330 8
136 336 9
302 347 4
310 355 7
282 363 4
297 366 5
328 374 4
182 379 5
282 379 8
199 383 3
164 384 7
350 385 4
199 388 7
125 390 7
273 391 1
294 392 7
202 393 3
209 394 10
226 394 8
139 402 9
205 413 1
353 418 9
241 419 3
250 419 8
355 419 8
248 422 3
406 423 9
230 433 10
346 433 1
182 434 1
330 434 9
147 436 10
161 436 5
291 437 6
238 445 4
198 448 9
232 451 6
184 452 6
407 459 7
346 460 5
318 462 4
455 463 9
435 466 9
242 467 7
204 471 7
145 473 2
144 475 1
177 480 5
224 481 6
225 481 5
341 481 7
238 484 5
282 488 7
319 488 6
312 489 3
231 495 1
262 495 4
486 495 8
417 499 2
314 501 8
224 502 6
455 506 5
244 507 1
148 509 6
264 509 4
244 510 9
227 516 6
245 516 7
154 521 10
143 523 4
158 525 8
462 526 4
158 532 2
431 532 9
410 533 2
430 536 8
435 536 7
282 539 2
455 542 7
222 543 9
277 544 10
162 546 10
351 546 9
357 547 5
365 548 3
245 549 9
361 549 9
396 549 4
141 553 9
338 553 9
165 554 7
487 554 7
162 561 9
451 563 2
455 569 5
305 570 9
399 570 10
394 573 8
418 573 3
239 584 3
381 587 10
436 588 3
513 592 2
11 23 5 68 52 6 79 90 99 8 45 14 13 26 33 19 2 15 112 9 37 70 21 20 16
2 104 33
1 22 94
4 58 62
2 49 93
4 11 27
4 54 12
4 74 57
1 42 53
4 47 60
3 48 78