606 363 76 9 16
1 2 46
2 3 44
3 4 40
1 5 48
3 6 2
1 7 29
3 8 9
4 9 8
7 10 23
1 11 5
1 12 42
8 13 6
1 14 5
4 15 47
5 16 39
10 17 14
15 18 32
3 19 44
3 20 4
9 21 8
17 22 22
5 23 9
11 24 5
16 25 35
18 26 6
2 27 3
8 28 7
13 29 2
12 30 6
4 31 8
4 32 5
23 33 9
11 34 5
21 35 6
4 36 7
4 37 6
33 38 41
36 39 4
1 40 10
19 41 8
21 42 10
26 43 8
33 44 5
15 45 42
16 46 32
4 47 6
7 48 10
22 49 4
41 50 10
5 51 7
15 52 10
48 53 5
20 54 6
47 55 8
51 56 1
41 57 9
41 58 5
54 59 7
31 60 8
6 61 3
17 62 5
50 63 7
14 64 10
55 65 1
20 66 3
39 67 8
18 68 38
58 69 8
22 70 31
13 71 8
6 72 7
13 73 5
12 74 42
39 75 7
6 76 6
37 77 7
10 78 10
16 79 6
78 80 7
75 81 1
30 82 5
11 83 4
70 84 34
58 85 4
68 86 9
5 87 39
44 88 5
39 89 5
69 90 6
84 91 33
77 92 1
32 93 2
51 94 3
25 95 13
86 96 9
93 97 7
41 98 13
73 99 2
28 100 9
63 101 1
90 102 7
58 103 6
66 104 8
64 105 7
37 106 2
90 107 1
50 108 7
67 109 1
105 110 7
20 111 2
87 112 6
71 113 2
75 114 10
114 115 2
106 116 7
75 117 6
83 118 1
92 119 9
69 120 9
35 121 9
88 122 6
66 123 6
88 124 2
46 125 13
32 126 4
45 127 7
68 128 3
37 129 10
57 130 10
115 131 8
39 132 5
59 133 5
128 134 5
44 135 1
34 136 2
109 137 5
83 138 4
131 139 3
100 140 5
133 141 2
24 142 10
76 143 4
1 144 24
13 145 6
50 146 10
74 147 40
68 148 5
127 149 5
91 150 10
125 151 9
20 152 7
87 153 7
88 154 3
131 155 7
88 156 8
126 157 10
123 158 9
1 159 2
14 160 1
103 161 7
29 162 2
22 163 9
60 164 4
110 165 10
136 166 6
39 167 1
91 168 43
117 169 6
48 170 5
23 171 3
90 172 6
152 173 5
73 174 6
98 175 40
129 176 10
62 177 4
40 178 5
45 179 38
129 180 44
147 181 24
89 182 5
154 183 6
74 184 6
104 185 10
104 186 5
127 187 5
52 188 9
156 189 1
128 190 5
38 191 41
75 192 9
77 193 1
88 194 5
95 195 4
58 196 3
182 197 5
66 198 6
5 199 9
132 200 42
172 201 9
12 202 1
126 203 9
116 204 5
185 205 4
112 206 8
120 207 4
198 208 5
32 209 7
186 210 4
178 211 4
17 212 9
54 213 3
21 214 5
175 215 5
2 216 10
205 217 4
78 218 9
207 219 4
51 220 10
70 221 8
180 222 44
95 223 23
106 224 10
60 225 4
108 226 7
73 227 1
19 31 7
1 33 39
26 39 4
27 57 3
42 59 10
51 71 6
52 87 21
65 92 10
108 109 9
107 121 6
123 126 8
77 128 6
105 134 4
3 136 7
66 141 3
97 152 1
79 161 6
108 164 3
13 165 7
106 168 9
67 170 5
42 172 8
165 173 5
68 176 7
84 179 38
144 181 24
154 182 7
59 191 41
93 192 5
53 194 5
150 197 10
74 200 42
30 205 3
142 205 6
100 207 8
204 207 3
70 208 4
199 212 9
197 214 9
84 215 5
163 218 9
125 219 10
94 220 2
151 220 6
132 222 45
7 223 23
1 224 32
2 224 8
64 224 3
175 224 40
260 266 9
288 291 9
254 307 4
261 307 6
286 329 2
277 339 8
236 343 7
347 359 10
303 365 4
352 371 6
261 380 6
282 384 6
325 385 2
294 388 6
387 389 8
340 402 10
308 405 6
318 409 1
377 417 3
415 422 9
392 427 10
240 429 6
312 432 3
289 440 1
368 440 4
312 443 3
289 446 7
433 461 5
298 464 1
436 464 8
375 465 4
459 470 2
422 476 5
260 480 9
449 483 2
376 487 4
447 488 1
391 491 4
414 496 5
472 496 3
427 500 4
364 501 6
336 502 10
364 502 8
456 502 6
414 508 9
433 508 10
297 517 10
362 518 4
506 518 5
259 520 6
357 523 3
237 526 2
283 527 1
329 529 9
377 529 9
431 533 4
317 534 9
469 542 3
358 543 3
252 547 1
430 547 3
411 553 8
475 553 10
543 553 9
391 555 3
505 555 9
476 557 9
449 560 3
551 563 5
241 570 4
460 570 4
337 571 1
248 573 7
418 575 1
516 575 7
515 581 10
391 582 2
511 582 6
365 590 1
353 592 1
237 594 8
586 594 2
369 598 2
560 600 3
393 603 1
377 606 10
18 3 172 32 95 2 67 12 205 57 88 41 10 136 123 45 20 39 132 66 15 90 207 5 69 127 23 105 30 182 100 42 58 175 83 108 19 31 68 73 93 104 125 4 224 84 7 91 71 26 106 77 52 16 60 6 75 92 165 48 50 70 14 129 11 152 37 131 64 154 197 220 13 109 51 33
3 25 47
6 147 64
4 68 38
8 98 43
4 19 52
2 63 7
2 161 9
2 46 45
4 218 9
2 45 97
4 100 19
8 87 60
7 222 89
1 59 56
2 18 55
9 168 52