601 505 84 12 32
1 2 101
2 3 60
3 4 2
1 5 8
3 6 4
3 7 17
7 8 6
8 9 20
3 10 16
7 11 16
10 12 9
3 13 12
1 14 100
7 15 40
2 16 26
8 17 9
7 18 27
18 19 10
18 20 18
17 21 8
4 22 19
10 23 10
11 24 59
2 25 17
1 26 39
4 27 30
20 28 9
18 29 4
19 30 63
2 31 27
14 32 23
31 33 29
19 34 10
9 35 20
22 36 35
17 37 7
33 38 12
30 39 11
10 40 9
18 41 12
32 42 87
27 43 4
28 44 64
33 45 40
1 46 94
27 47 6
25 48 26
22 49 3
1 50 14
1 51 45
50 52 14
41 53 6
13 54 7
3 55 79
16 56 6
35 57 10
11 58 63
28 59 10
57 60 6
4 61 10
35 62 30
45 63 12
37 64 7
42 65 87
64 66 43
41 67 1
62 68 8
4 69 3
9 70 7
25 71 26
55 72 33
23 73 10
71 74 9
30 75 71
31 76 2
51 77 9
46 78 81
8 79 14
39 80 7
17 81 10
75 82 5
79 83 5
29 84 7
25 85 2
39 86 1
52 87 4
83 88 10
51 89 51
9 90 6
47 91 3
91 92 5
10 93 2
35 94 8
54 95 6
24 96 59
48 97 4
67 98 4
6 99 6
18 100 47
16 101 7
56 102 8
8 103 3
88 104 8
92 105 9
73 106 2
63 107 5
72 108 33
97 109 1
85 110 7
82 111 4
54 112 3
100 113 4
48 114 8
8 115 6
81 116 4
14 117 97
36 118 60
19 119 47
116 120 7
96 121 30
89 122 51
81 123 9
86 124 4
15 125 4
3 126 8
85 127 6
21 128 10
62 129 4
53 130 9
56 131 6
32 132 10
120 133 1
16 134 4
103 135 8
4 136 3
93 137 4
35 138 30
119 139 1
5 140 8
56 141 3
19 142 6
57 143 8
36 144 60
91 145 8
26 146 39
13 147 1
147 148 3
111 149 11
58 150 63
112 151 9
103 152 9
41 153 5
112 154 9
98 155 1
80 156 5
48 157 50
41 158 12
16 159 32
52 160 1
151 161 3
45 162 40
65 163 5
138 164 30
102 165 8
71 166 9
46 167 58
60 168 7
19 169 3
20 170 9
13 171 9
15 172 50
18 173 9
51 174 6
90 175 1
109 176 1
123 177 3
163 178 6
102 179 9
60 180 4
21 181 2
70 182 4
45 183 4
4 184 30
157 185 50
144 186 24
150 187 63
180 188 10
93 189 8
173 190 8
22 191 3
106 192 1
189 193 5
115 194 2
38 195 7
167 196 1
78 197 6
73 198 1
27 199 9
82 200 5
72 201 33
3 202 8
201 203 30
61 204 10
151 205 6
10 206 7
143 207 10
147 208 9
84 209 9
140 210 3
171 211 6
155 212 8
92 213 6
3 214 24
59 215 4
93 216 4
91 217 9
164 218 7
61 219 6
78 220 29
28 221 19
125 222 9
17 223 9
113 224 4
51 225 7
29 226 5
59 227 9
199 228 4
176 229 4
56 230 1
77 231 8
212 232 3
60 233 7
124 234 3
11 235 9
152 236 3
145 237 4
159 238 9
96 239 30
23 240 6
35 241 19
16 242 2
81 243 10
95 244 18
94 245 10
28 246 39
206 247 10
238 248 1
75 249 4
142 250 8
159 251 32
30 252 8
153 253 8
119 254 47
48 255 95
69 256 3
144 257 3
179 258 1
166 259 1
49 260 1
30 261 4
22 262 9
156 263 9
216 264 7
246 265 39
152 266 6
105 267 10
159 268 5
96 269 2
253 270 4
159 271 4
139 272 3
121 273 2
204 274 4
111 275 5
135 276 9
143 277 2
227 278 3
6 279 4
167 280 53
124 281 8
97 282 4
220 283 5
264 284 6
19 285 26
215 286 20
275 287 9
282 288 3
176 289 6
163 290 2
208 291 9
226 292 3
136 293 4
70 294 5
221 295 19
63 296 2
162 297 65
180 298 8
95 299 10
155 300 7
205 301 9
298 302 9
78 303 50
98 304 6
280 305 12
91 306 8
151 307 4
215 308 4
227 309 3
285 310 26
145 311 10
29 312 6
98 313 2
265 314 39
182 315 10
261 316 3
78 317 10
123 318 8
126 319 5
121 320 30
108 321 3
172 322 9
155 323 5
244 324 19
279 325 10
325 326 6
130 327 10
123 328 1
128 329 6
270 330 10
169 331 7
131 332 1
241 333 2
89 334 4
118 335 60
179 336 1
254 337 10
207 338 3
12 339 5
222 340 8
309 341 9
338 342 2
17 343 1
292 344 3
220 345 29
275 346 8
73 347 9
53 348 9
74 349 9
264 350 3
205 351 4
100 352 9
30 353 1
234 354 9
264 355 3
311 356 5
227 357 6
110 358 8
12 359 3
18 360 8
208 361 7
248 362 10
259 363 10
238 364 1
272 365 9
95 366 8
210 367 8
361 368 4
244 369 5
357 370 4
169 371 3
72 372 10
7 373 10
286 374 6
281 375 5
102 376 7
27 55 1
2 66 43
8 73 10
34 75 10
45 75 13
52 83 3
64 108 33
75 117 97
68 123 2
66 127 3
64 135 4
53 140 9
23 145 9
27 146 30
59 146 10
132 146 10
12 161 2
122 162 51
92 167 6
12 173 9
127 173 3
143 181 2
18 186 24
14 187 63
123 196 1
155 200 8
163 200 1
195 209 2
165 211 5
131 212 1
22 214 24
52 227 14
218 228 2
168 229 5
92 231 6
156 234 3
57 237 9
184 239 30
119 241 19
76 242 3
82 249 5
167 251 32
134 264 8
79 265 39
198 266 1
107 275 7
124 291 7
112 298 2
170 302 9
185 303 50
295 303 19
158 305 12
110 309 2
71 310 26
175 315 5
164 320 30
63 321 7
205 321 7
15 325 10
289 325 5
29 326 5
12 327 8
16 335 53
205 335 8
62 339 30
201 339 33
21 342 6
176 343 7
247 344 8
7 346 18
38 346 10
299 349 9
219 351 2
216 352 7
308 357 7
125 366 4
279 366 4
112 369 1
135 370 6
179 375 5
21 376 10
64 376 3
149 376 14
397 420 10
394 427 4
406 440 7
431 458 6
409 464 10
387 468 4
394 468 5
438 468 3
453 474 5
418 476 2
412 480 10
426 485 1
475 489 10
380 495 10
472 499 3
457 505 10
480 505 10
402 513 8
410 519 3
392 525 2
503 525 2
488 526 5
494 541 7
429 544 4
544 545 1
419 549 9
468 550 7
379 551 3
483 551 2
397 553 2
472 554 5
435 556 8
509 558 5
543 560 6
482 561 10
435 562 2
518 564 6
426 566 1
484 572 7
396 578 4
457 578 4
402 579 5
504 587 3
573 587 2
472 593 8
546 593 9
392 596 1
143 162 62 119 52 173 112 89 205 131 339 110 147 63 164 73 298 98 12 75 2 32 17 176 13 48 91 238 92 159 36 241 275 46 59 124 146 103 208 100 55 23 200 60 156 78 234 108 264 21 66 212 31 93 51 45 151 155 144 71 376 64 15 54 10 145 346 111 61 123 25 14 215 28 81 3 33 79 72 39 53 102 357 57
4 203 30
1 252 8
12 44 64
7 2 35
7 13 28
9 201 65
10 73 3
8 22 35
6 65 87
3 159 21
1 144 60
1 179 9
5 314 39
6 55 79
4 149 25
10 170 1
7 100 86
8 345 29
3 324 19
9 286 20
2 297 65
10 39 21
4 48 79
2 280 47
8 255 95
1 150 71
2 154 2
11 310 36
1 254 47
1 172 50
7 73 35
6 187 6