605 581 115 7 13
1 2 74
2 3 3
3 4 3
4 5 9
4 6 10
2 7 4
1 8 76
7 9 7
3 10 5
5 11 6
8 12 42
5 13 10
10 14 9
6 15 6
6 16 8
15 17 9
16 18 26
13 19 8
12 20 8
15 21 10
16 22 35
13 23 7
16 24 13
21 25 9
24 26 5
23 27 6
22 28 9
3 29 1
4 30 2
22 31 2
23 32 14
6 33 6
24 34 46
13 35 4
1 36 76
11 37 3
32 38 9
5 39 14
28 40 9
5 41 10
31 42 6
22 43 8
25 44 10
42 45 6
14 46 10
28 47 8
36 48 71
39 49 9
38 50 6
34 51 5
17 52 7
21 53 4
49 54 3
45 55 9
52 56 10
24 57 34
16 58 56
18 59 20
19 60 2
36 61 5
1 62 7
28 63 1
41 64 9
24 65 4
8 66 13
66 67 7
34 68 1
5 69 10
18 70 6
10 71 5
36 72 5
53 73 1
18 74 10
46 75 10
34 76 25
64 77 10
44 78 9
39 79 3
11 80 8
57 81 2
40 82 8
35 83 6
75 84 4
17 85 8
81 86 7
68 87 20
72 88 8
50 89 7
17 90 10
6 91 1
71 92 3
21 93 3
16 94 8
6 95 3
69 96 6
21 97 10
87 98 7
90 99 9
11 100 5
17 101 10
101 102 2
71 103 9
60 104 8
43 105 4
98 106 10
46 107 9
59 108 21
93 109 8
22 110 7
42 111 2
17 112 4
43 113 12
96 114 7
43 115 4
71 116 2
22 117 77
16 118 41
13 119 1
32 120 66
8 121 63
14 122 1
20 123 10
42 124 10
40 125 4
121 126 8
64 127 8
35 128 5
121 129 63
99 130 9
130 131 3
129 132 63
108 133 29
115 134 2
57 135 7
116 136 2
83 137 9
41 138 5
43 139 1
118 140 3
78 141 10
132 142 9
108 143 29
74 144 3
120 145 3
81 146 5
54 147 5
101 148 4
68 149 7
33 150 2
49 151 6
58 152 7
142 153 2
12 154 4
50 155 2
61 156 7
39 157 32
114 158 4
110 159 8
69 160 1
160 161 2
149 162 5
69 163 10
99 164 9
91 165 10
24 166 5
46 167 8
20 168 10
15 169 5
25 170 10
90 171 1
116 172 7
169 173 8
173 174 5
28 175 10
37 176 7
58 177 9
94 178 8
172 179 3
64 180 8
143 181 29
7 182 6
27 183 6
103 184 6
12 185 8
4 186 8
26 187 6
139 188 1
132 189 3
93 190 10
101 191 1
23 192 14
18 193 10
131 194 3
153 195 9
61 196 5
16 197 2
100 198 10
111 199 4
45 200 7
63 201 9
69 202 1
68 203 4
169 204 4
122 205 1
97 206 8
189 207 10
94 208 7
208 209 7
56 210 5
21 211 11
144 212 2
126 213 6
133 214 8
134 215 5
46 216 5
87 217 3
32 218 7
199 219 6
123 220 8
66 221 5
172 222 9
180 223 5
70 224 6
128 225 3
23 226 9
133 227 27
190 228 10
221 229 2
194 230 1
135 231 2
161 232 4
196 233 5
196 234 7
5 235 10
103 236 1
57 237 30
29 238 2
186 239 2
155 240 5
58 241 4
91 242 10
134 243 9
243 244 5
172 245 2
130 246 9
163 247 9
198 248 5
78 249 8
4 250 4
117 251 77
73 252 2
110 253 8
167 254 6
16 255 79
216 256 6
61 257 10
69 258 2
156 259 1
181 260 57
97 261 3
38 262 6
178 263 2
68 264 20
52 265 4
115 266 1
35 267 5
40 268 10
55 269 3
12 270 30
67 271 8
189 272 4
242 273 4
120 274 10
108 275 9
54 276 3
198 277 10
142 278 7
50 279 2
58 280 4
188 281 7
101 282 1
210 283 2
78 284 5
271 285 4
79 286 9
178 287 6
192 288 14
232 289 6
98 290 1
220 291 6
215 292 6
248 293 2
238 294 8
278 295 2
180 296 10
5 297 20
181 298 10
182 299 5
274 300 10
180 301 4
52 302 4
202 303 6
86 304 2
24 305 10
270 306 30
188 307 3
114 308 6
207 309 2
159 310 6
74 311 1
162 312 4
17 313 3
92 314 8
24 315 7
204 316 3
33 317 3
254 318 8
249 319 6
275 320 6
30 321 9
52 322 9
133 323 2
185 324 5
115 325 9
86 326 6
285 327 8
115 328 5
30 329 5
254 330 1
31 331 9
210 332 1
142 333 6
118 334 1
272 335 9
325 336 6
69 337 2
173 338 7
51 339 2
157 340 4
121 341 5
341 342 5
20 343 10
13 344 8
153 345 6
120 346 10
89 347 2
21 348 2
188 349 4
221 350 1
31 351 6
322 352 4
6 353 2
164 354 8
259 355 5
262 356 8
300 357 10
33 358 3
69 359 7
291 360 7
19 361 8
274 362 2
290 363 3
315 364 7
126 365 8
309 366 1
227 367 27
130 368 1
132 369 5
176 370 9
152 371 5
112 372 2
115 373 8
21 374 5
308 375 7
373 376 9
119 377 8
151 378 4
127 379 4
152 380 9
186 381 5
158 382 5
375 383 4
78 384 10
311 385 10
147 386 5
260 387 1
317 388 3
331 389 5
198 390 10
238 391 8
327 392 8
132 393 1
186 394 1
23 395 2
140 396 4
178 397 6
28 398 2
114 399 6
109 400 6
69 401 8
106 402 9
278 403 6
222 404 1
398 405 9
297 406 20
314 407 2
125 408 3
201 409 7
73 410 30
34 48 71
33 50 5
13 67 6
12 87 74
26 93 7
85 101 5
100 112 3
61 114 3
85 115 7
44 120 7
5 141 2
69 142 9
70 148 1
70 154 7
11 158 6
41 158 3
94 158 5
72 162 9
57 163 34
116 163 7
7 169 7
81 172 6
130 174 7
101 186 8
59 193 2
18 199 7
201 202 3
59 204 4
25 208 2
39 211 11
140 213 8
100 221 9
148 225 9
145 233 1
83 235 1
136 236 9
73 237 30
85 239 1
88 244 2
90 246 10
118 246 8
203 250 7
130 252 3
2 255 79
28 271 21
52 271 4
76 271 25
92 276 4
114 276 6
270 279 9
60 280 10
126 284 7
59 288 14
284 288 2
47 291 4
214 293 10
77 298 10
18 300 10
132 302 27
236 305 6
200 308 8
59 309 3
180 314 7
119 316 8
113 319 12
261 321 10
236 326 3
207 328 5
62 333 6
220 334 5
303 339 6
265 340 4
101 343 8
126 343 8
159 344 8
168 346 10
255 348 2
300 352 4
102 356 3
15 360 3
9 362 4
353 362 1
252 367 7
302 367 27
362 372 5
21 375 9
59 375 14
120 375 5
6 376 3
250 377 1
277 377 4
105 379 4
233 380 10
47 381 8
266 382 5
32 384 45
129 384 63
270 391 6
47 394 4
196 395 10
163 397 1
7 399 1
110 402 1
60 404 9
32 405 6
264 406 20
245 408 9
306 410 30
423 431 3
427 435 1
425 447 8
447 466 2
441 480 2
453 482 5
469 482 8
427 485 5
445 492 3
445 495 8
419 502 3
451 502 7
449 503 6
441 505 1
455 506 7
464 510 6
492 512 8
470 517 8
498 521 10
416 522 7
450 524 10
411 527 7
498 533 6
486 536 3
519 537 8
490 538 2
516 540 10
540 542 2
420 544 4
442 544 2
512 549 4
433 551 5
504 553 3
453 554 7
500 556 2
452 557 2
498 557 7
530 557 2
486 558 3
471 559 1
540 559 10
544 564 8
439 569 1
562 569 3
565 570 3
468 571 2
484 571 6
534 571 8
480 572 4
559 572 2
450 573 8
528 574 4
514 577 8
495 579 8
434 580 10
465 580 3
562 590 7
415 591 2
592 597 2
432 601 1
504 601 2
525 601 8
458 602 9
523 603 8
58 140 169 61 343 162 57 18 220 17 64 35 142 148 14 87 33 210 362 59 2 375 22 186 118 97 45 112 271 23 10 270 98 103 288 119 38 254 276 66 8 181 30 34 69 31 152 19 189 41 7 377 32 233 196 83 91 99 116 70 134 28 163 21 367 47 54 202 3 42 132 5 274 71 238 24 308 26 60 36 11 309 284 78 44 236 159 73 72 158 252 81 49 50 12 130 94 4 180 101 13 108 198 199 384 86 204 201 173 20 172 52 126 39 208
4 163 40
4 120 99
2 260 57
4 246 11
7 319 18
4 58 100
4 87 81
2 227 20
4 118 62
1 62 13
5 157 32
3 251 77
4 39 35