598 206 26 6 8
1 2 3
2 3 6
2 4 1
2 5 6
1 6 1
3 7 10
6 8 2
1 9 6
8 10 10
6 11 5
9 12 7
3 13 3
11 14 7
10 15 5
1 16 9
1 17 1
3 18 1
6 19 5
5 20 4
2 21 4
17 22 10
10 23 8
8 24 8
9 25 1
16 26 8
9 27 9
25 28 6
11 29 8
5 30 8
6 31 8
14 32 9
17 33 7
32 34 7
10 35 6
15 36 4
30 37 10
28 38 10
19 39 6
2 40 7
28 41 6
19 42 2
5 43 8
36 44 10
38 45 2
26 46 9
30 47 7
3 48 7
47 49 2
32 50 5
3 51 6
51 52 7
26 53 9
42 54 1
22 55 7
52 56 8
12 57 7
4 58 1
10 59 2
7 60 4
2 61 5
1 62 2
1 63 1
48 64 1
63 65 3
58 66 8
54 67 4
39 68 3
14 20 5
4 25 10
1 31 2
28 40 5
17 42 6
12 45 1
28 47 1
46 51 5
36 56 6
5 59 5
52 60 5
53 60 8
33 64 8
29 65 6
44 66 10
43 68 1
54 68 9
80 120 9
82 146 4
80 174 5
115 178 1
170 178 6
90 209 9
169 214 9
211 223 8
110 225 8
115 228 6
195 229 8
92 232 3
190 241 9
216 255 1
119 269 6
226 284 3
194 289 5
91 290 5
229 295 6
178 300 4
254 300 9
116 302 5
253 308 1
232 316 1
267 316 4
77 319 7
178 323 7
183 328 4
269 336 6
300 336 2
167 337 10
192 337 3
120 341 1
222 343 3
72 353 5
305 353 9
304 354 9
325 369 2
248 372 2
78 373 9
195 375 6
317 381 4
93 382 6
146 403 3
197 407 6
188 409 4
245 409 8
118 411 7
207 421 4
101 426 10
140 427 2
150 428 4
206 429 7
204 432 5
203 436 10
342 438 7
184 440 5
244 441 10
94 444 10
370 446 1
349 447 3
303 449 2
99 452 9
451 459 6
154 463 4
222 463 5
150 468 9
233 469 4
413 469 9
382 471 1
429 475 7
310 490 6
189 491 1
151 495 2
79 496 7
321 497 10
205 499 6
494 502 7
189 510 8
378 511 9
467 514 7
170 515 9
483 515 10
87 519 10
382 521 1
304 522 8
437 522 7
134 524 8
305 530 8
276 533 2
313 533 4
269 534 3
373 534 8
266 543 8
96 545 5
280 548 6
341 548 3
396 550 9
170 551 8
320 553 7
202 555 1
392 555 3
156 558 8
104 560 1
539 561 3
110 563 5
204 565 2
386 567 4
318 572 3
485 573 4
104 574 7
270 576 8
372 576 4
364 580 1
518 580 7
348 583 1
466 583 9
169 584 2
275 585 1
392 589 7
106 594 10
539 594 6
19 68 32 2 51 28 14 12 26 17 25 36 47 9 4 52 8 6 5 3 30 10 60 42 11 54
2 7 89
4 13 97
3 2 98
6 25 83
1 45 73
1 7 9
1 36 10
4 2 67