606 450 59 14 25
1 2 62
2 3 13
1 4 84
2 5 16
3 6 11
2 7 3
3 8 1
1 9 48
4 10 84
1 11 83
9 12 48
5 13 14
5 14 16
6 15 44
12 16 2
5 17 4
17 18 9
17 19 4
12 20 50
3 21 7
6 22 36
5 23 6
5 24 6
2 25 56
12 26 6
12 27 7
26 28 8
25 29 4
29 30 1
22 31 10
23 32 2
20 33 25
13 34 83
16 35 6
20 36 43
35 37 9
25 38 67
13 39 16
18 40 6
34 41 10
27 42 7
22 43 72
10 44 69
42 45 7
33 46 6
12 47 31
45 48 7
14 49 16
15 50 9
7 51 10
26 52 7
27 53 7
44 54 10
46 55 7
19 56 6
6 57 1
1 58 10
1 59 22
1 60 2
10 61 5
54 62 6
62 63 8
35 64 2
33 65 10
25 66 8
23 67 4
39 68 4
37 69 7
3 70 3
17 71 4
65 72 2
9 73 6
6 74 7
1 75 83
48 76 10
33 77 25
49 78 23
55 79 8
57 80 8
21 81 9
24 82 5
53 83 10
78 84 12
50 85 5
25 86 9
84 87 31
43 88 12
84 89 1
3 90 10
12 91 4
71 92 8
48 93 13
18 94 8
23 95 9
38 96 8
79 97 5
26 98 3
60 99 1
85 100 7
94 101 1
59 102 1
53 103 8
79 104 3
90 105 7
72 106 7
51 107 6
70 108 4
1 109 2
48 110 5
62 111 4
46 112 6
43 113 83
42 114 7
47 115 8
8 116 9
31 117 8
104 118 4
115 119 9
119 120 5
91 121 2
35 122 1
11 123 7
24 124 3
50 125 4
18 126 5
75 127 83
79 128 2
119 129 5
32 130 3
98 131 10
109 132 10
38 133 9
112 134 2
40 135 7
133 136 10
51 137 9
75 138 91
54 139 9
66 140 7
135 141 1
121 142 7
140 143 3
52 144 8
41 145 10
22 146 1
64 147 7
49 148 10
8 149 2
16 150 10
144 151 10
100 152 9
4 153 8
62 154 9
154 155 14
120 156 5
131 157 9
4 158 58
57 159 10
138 160 74
153 161 2
126 162 5
135 163 4
124 164 9
99 165 8
9 166 8
53 167 9
160 168 9
84 169 1
149 170 9
122 171 3
159 172 10
56 173 6
112 174 2
70 175 6
162 176 10
51 177 5
4 178 1
2 179 6
175 180 86
169 181 6
94 182 3
49 183 4
35 184 8
131 185 5
27 186 10
113 187 84
46 188 16
106 189 10
145 190 9
150 191 1
64 192 16
176 193 10
112 194 8
18 195 10
132 196 16
163 197 10
94 198 6
50 199 7
21 200 5
130 201 9
153 202 4
11 203 4
77 204 61
120 205 3
57 206 6
102 207 7
84 208 44
159 209 2
158 210 7
160 211 6
48 212 6
180 213 13
76 214 1
82 215 2
202 216 9
136 217 3
171 218 5
161 219 5
39 220 2
216 221 5
95 222 5
9 223 10
33 224 1
9 225 5
14 226 4
171 227 8
5 228 8
113 229 78
228 230 5
197 231 6
78 232 23
156 233 3
5 234 5
91 235 9
43 236 7
88 237 7
232 238 7
76 239 8
95 240 4
130 241 7
199 242 9
15 243 34
219 244 10
76 245 6
59 246 5
244 247 13
149 248 5
113 249 1
23 250 7
21 251 2
91 252 4
141 253 4
65 254 5
55 255 6
133 256 4
163 257 6
87 258 78
213 259 6
133 260 8
215 261 3
248 262 9
29 263 8
232 264 66
168 265 9
140 266 9
10 267 83
16 268 4
258 269 3
68 270 6
255 271 1
201 272 2
9 273 6
45 274 3
196 275 16
191 276 9
260 277 1
81 278 4
83 279 7
158 280 59
126 281 10
235 282 10
167 283 7
69 284 7
279 285 4
145 286 5
31 287 6
19 288 7
288 289 8
13 290 6
15 25 66
1 38 67
35 40 7
39 72 4
36 87 43
46 88 10
74 111 4
100 111 9
95 115 1
44 127 69
119 133 3
57 135 1
123 143 3
64 148 10
79 151 5
104 153 1
3 154 10
64 156 8
90 156 3
22 159 10
141 161 2
80 163 4
18 167 9
129 173 4
59 176 22
77 177 5
23 179 10
176 179 9
181 186 4
87 187 84
171 190 3
132 192 16
26 193 6
98 193 7
154 197 5
6 203 1
17 203 8
44 204 61
175 208 44
221 222 6
7 223 2
15 225 4
135 229 78
127 232 70
147 236 7
18 237 10
18 241 8
19 241 2
135 243 32
150 243 5
46 245 7
172 245 6
213 247 13
55 254 4
177 255 10
119 256 7
132 257 10
237 261 7
258 264 66
162 266 3
217 266 8
20 267 83
155 271 14
244 271 13
89 272 7
38 275 39
3 277 29
75 282 6
165 282 8
210 284 7
293 309 6
298 336 9
331 340 9
291 354 3
356 362 3
312 371 10
369 371 6
309 374 6
365 377 2
350 379 9
306 386 1
293 392 3
320 402 10
296 404 1
310 411 4
399 413 3
333 419 10
342 420 5
398 421 7
380 424 2
414 447 5
448 450 4
408 454 4
344 460 2
311 463 4
396 466 8
306 471 1
321 478 10
451 488 9
307 489 2
334 489 4
342 494 6
437 496 6
472 496 1
483 497 9
308 498 5
389 498 8
393 501 7
450 501 1
356 504 4
378 506 6
294 507 1
343 509 5
501 510 1
336 511 4
464 512 10
504 514 10
378 520 2
506 522 1
350 523 3
334 524 9
390 525 10
332 526 6
418 527 3
525 527 6
403 528 8
408 528 2
441 528 1
499 528 10
524 528 9
455 530 10
484 531 10
465 533 4
522 535 9
491 537 10
470 539 7
341 542 10
472 543 10
327 546 1
344 549 6
506 549 9
406 550 9
441 552 4
556 557 2
539 558 4
456 565 10
493 565 2
505 565 7
395 566 7
352 567 8
522 574 6
311 591 4
425 593 6
580 600 8
334 601 3
303 602 4
312 603 3
429 603 5
596 603 3
407 605 5
509 606 3
33 88 22 156 163 176 171 42 43 40 13 120 179 12 77 127 45 91 20 87 161 237 24 112 4 50 26 6 131 135 21 79 98 59 49 29 175 19 130 39 17 197 241 159 153 9 48 57 150 84 232 95 75 245 15 27 140 38 11
6 180 99
13 34 83
12 48 21
4 176 45
11 138 91
4 114 3
6 10 66
4 47 31
14 188 16
1 10 14
12 158 60
7 204 61
13 11 83
10 93 13
7 277 30
12 135 64
1 87 39
11 196 1
1 275 54
3 160 74
14 258 78
13 19 15
10 187 84
9 223 2
14 280 59