592 592 103 15 38
1 2 95
1 3 96
1 4 97
1 5 100
4 6 10
2 7 13
6 8 15
4 9 44
8 10 20
10 11 52
11 12 70
6 13 9
10 14 1
4 15 76
8 16 17
2 17 60
6 18 9
5 19 52
3 20 96
9 21 10
6 22 5
19 23 55
13 24 7
8 25 8
6 26 6
21 27 4
10 28 35
20 29 36
26 30 21
15 31 4
27 32 36
15 33 7
11 34 48
20 35 3
34 36 31
34 37 6
5 38 52
29 39 4
28 40 42
36 41 24
9 42 9
8 43 6
40 44 42
10 45 7
5 46 98
38 47 6
11 48 47
8 49 8
4 50 12
17 51 3
24 52 3
9 53 19
6 54 6
25 55 29
35 56 3
53 57 17
15 58 76
10 59 10
16 60 47
58 61 15
30 62 33
13 63 10
57 64 1
61 65 9
50 66 9
46 67 90
51 68 8
32 69 30
20 70 53
49 71 3
11 72 8
1 73 43
52 74 4
15 75 4
65 76 8
34 77 3
5 78 62
17 79 10
68 80 10
61 81 9
68 82 3
29 83 2
22 84 8
14 85 9
29 86 16
58 87 31
9 88 4
9 89 5
51 90 5
10 91 19
52 92 4
5 93 10
79 94 9
54 95 6
26 96 6
11 97 12
54 98 10
65 99 2
87 100 2
59 101 38
71 102 8
54 103 8
50 104 20
75 105 89
1 106 29
10 107 6
65 108 8
9 109 6
62 110 9
68 111 8
7 112 4
60 113 47
8 114 6
7 115 12
17 116 5
27 117 36
116 118 7
4 119 32
16 120 92
11 121 2
17 122 4
1 123 23
23 124 55
45 125 7
53 126 9
4 127 4
33 128 3
105 129 85
99 130 9
108 131 26
108 132 3
43 133 8
5 134 7
36 135 1
101 136 12
134 137 7
123 138 4
66 139 7
136 140 1
41 141 21
16 142 73
19 143 9
44 144 8
97 145 7
36 146 7
129 147 7
39 148 7
51 149 5
13 150 8
78 151 28
54 152 1
75 153 93
129 154 3
70 155 7
39 156 5
103 157 23
151 158 28
135 159 4
94 160 3
129 161 85
16 162 9
137 163 3
63 164 6
97 165 7
1 166 9
16 167 6
121 168 4
62 169 80
53 170 8
34 171 10
16 172 19
145 173 3
145 174 4
21 175 3
45 176 7
124 177 10
77 178 2
170 179 8
70 180 47
19 181 2
146 182 7
164 183 7
173 184 6
172 185 19
121 186 9
38 187 52
92 188 6
52 189 36
97 190 2
80 191 2
123 192 6
91 193 74
142 194 77
188 195 9
122 196 3
126 197 5
57 198 12
152 199 6
89 200 9
92 201 1
91 202 6
118 203 59
7 204 4
63 205 3
142 206 4
153 207 1
197 208 6
129 209 7
91 210 2
192 211 7
87 212 31
160 213 8
178 214 1
104 215 4
212 216 2
61 217 7
99 218 22
59 219 8
117 220 10
112 221 10
62 222 7
51 223 7
109 224 3
124 225 12
134 226 8
13 227 9
39 228 10
32 229 60
175 230 6
82 231 1
2 232 1
70 233 84
120 234 92
59 235 4
181 236 5
54 237 2
193 238 74
56 239 7
30 240 10
74 241 5
240 242 9
229 243 60
29 244 12
23 245 55
78 246 34
84 247 10
25 248 12
112 249 2
131 250 8
122 251 6
131 252 4
83 253 5
246 254 67
11 255 14
29 256 23
193 257 7
201 258 5
130 259 10
90 260 6
163 261 5
23 262 5
169 263 80
51 264 9
76 265 5
136 266 8
78 267 5
259 268 9
113 269 41
94 270 9
7 271 5
66 272 4
219 273 6
164 274 1
166 275 6
72 276 1
256 277 1
119 278 21
241 279 6
225 280 12
36 281 3
220 282 10
267 283 1
180 284 9
10 285 12
82 286 5
111 287 6
125 288 1
206 289 6
169 290 32
12 291 70
269 292 8
243 293 5
60 294 4
194 295 7
222 296 4
236 297 5
18 298 5
69 299 30
263 300 80
235 301 8
32 302 25
173 303 8
133 304 10
195 305 7
268 306 7
133 307 7
251 308 3
1 309 70
108 310 5
185 311 19
105 312 4
228 313 4
283 314 9
147 315 8
188 316 4
22 317 3
307 318 4
246 319 8
255 320 10
194 321 1
290 322 2
61 323 2
269 324 41
293 325 8
70 326 9
295 327 6
86 328 10
62 329 23
198 330 8
308 331 2
170 332 10
243 333 81
77 334 1
288 335 4
3 336 63
228 337 8
322 338 10
152 339 4
74 340 10
237 341 2
230 342 3
87 343 4
238 344 3
59 345 8
312 346 8
237 347 5
162 348 12
242 349 6
69 350 6
301 351 10
159 352 9
336 353 7
188 354 4
225 355 1
81 356 9
137 357 1
309 358 70
315 359 8
335 360 10
346 361 5
5 362 9
42 363 92
73 364 31
198 365 1
5 366 4
17 367 9
290 368 33
22 369 7
298 370 5
84 371 1
134 372 10
211 373 4
61 374 8
304 375 7
363 376 92
64 377 6
289 378 9
93 379 8
254 380 67
10 381 16
287 382 1
33 383 10
178 384 5
250 385 9
284 386 9
208 387 59
374 388 10
318 389 8
133 390 1
254 391 39
348 392 12
367 393 28
371 394 10
344 395 8
180 396 6
274 397 8
246 398 10
169 399 6
247 400 9
44 401 9
200 402 8
284 403 3
349 404 10
402 405 10
333 406 81
264 407 10
279 408 9
137 409 7
251 410 5
201 411 10
288 412 10
132 413 7
308 414 10
86 415 6
245 416 1
8 417 3
301 418 4
260 419 8
236 420 6
354 421 1
290 422 64
335 423 2
375 424 4
190 425 10
214 426 5
276 427 6
19 428 78
43 429 4
284 430 9
359 431 10
46 432 4
86 433 16
42 434 51
1 16 48
17 27 45
52 63 10
73 94 3
19 99 22
43 100 6
101 103 23
63 109 3
41 110 17
106 118 29
8 119 5
84 119 6
74 128 3
88 130 7
26 134 10
76 142 5
45 143 12
19 157 5
1 161 85
141 162 21
55 168 2
7 175 4
173 175 7
53 178 5
56 179 6
95 181 8
143 185 3
96 188 6
62 194 59
30 198 12
115 198 12
79 202 6
164 216 7
145 217 8
76 218 22
8 219 11
182 222 7
98 225 9
110 225 14
157 227 9
173 232 8
139 237 7
162 244 12
118 245 55
113 247 9
223 247 8
97 248 12
55 251 29
85 253 2
34 256 23
195 273 6
59 274 20
7 280 57
55 285 12
34 286 3
85 288 2
255 289 4
17 293 21
52 299 30
117 300 9
95 301 10
301 302 10
58 311 19
70 311 19
70 318 4
205 320 3
13 321 10
217 326 7
123 329 23
294 332 5
242 336 6
280 336 63
212 338 9
282 342 9
265 347 6
18 349 6
25 364 29
302 364 25
279 366 9
233 368 33
52 370 5
282 372 10
286 373 7
365 375 8
234 376 92
259 378 9
280 378 10
160 382 3
341 383 1
103 385 8
149 385 7
7 387 59
265 389 4
328 390 2
46 391 39
274 392 19
278 392 21
158 393 28
29 394 10
223 396 8
102 397 6
143 400 9
177 403 10
205 405 1
361 407 4
74 409 6
3 410 7
92 410 5
76 411 2
18 414 10
127 415 7
320 424 2
390 424 5
405 424 4
84 425 5
100 425 6
64 426 4
2 428 35
48 428 47
73 428 31
94 430 3
28 431 7
381 433 16
46 434 51
435 447 2
441 457 8
442 472 6
456 476 1
468 480 5
465 483 6
466 488 10
438 491 3
475 497 7
487 503 3
465 510 1
499 512 8
438 516 10
504 519 10
503 520 3
450 521 6
467 521 10
498 522 2
461 527 5
446 528 8
511 530 10
524 530 2
521 542 10
450 543 10
501 543 8
498 549 3
486 555 1
501 559 9
509 559 4
546 562 4
468 580 3
490 583 6
573 587 1
515 588 10
519 591 5
74 236 169 212 112 392 375 217 57 70 143 76 21 36 162 13 9 5 44 256 301 228 134 19 254 91 84 185 52 320 3 110 425 10 11 193 56 68 405 225 259 243 65 42 164 50 123 28 205 26 124 53 201 75 136 73 219 64 79 251 39 265 390 25 121 55 4 95 142 157 34 318 59 58 117 92 7 173 100 133 20 282 293 85 247 246 311 87 45 82 302 222 61 274 223 113 378 41 108 27 101 22 137
4 203 59
7 406 81
4 358 70
4 180 43
15 28 24
11 41 83
12 251 45
12 264 7
10 212 73
5 153 93
13 380 39
15 189 36
14 57 94
1 208 64
8 233 84
15 291 70
9 19 75
15 194 76
10 324 41
15 48 94
9 187 52
7 101 72
15 131 26
4 84 7
4 422 64
6 253 2
4 238 74
4 367 28
1 293 21
12 422 7
6 44 76
12 380 67
6 376 100
12 27 52
3 104 20
1 300 88
3 5 61
1 67 90