598 549 102 11 30
1 2 93
2 3 34
1 4 10
3 5 10
3 6 6
3 7 57
6 8 1
3 9 53
2 10 78
7 11 12
10 12 6
12 13 7
4 14 10
2 15 50
14 16 10
14 17 6
1 18 6
8 19 7
17 20 32
6 21 7
8 22 45
2 23 21
11 24 35
9 25 58
4 26 6
18 27 9
11 28 35
15 29 6
16 30 1
23 31 14
17 32 8
1 33 58
23 34 10
34 35 24
21 36 5
32 37 75
13 38 9
29 39 5
37 40 98
18 41 10
12 42 4
13 43 5
4 44 7
17 45 7
13 46 8
13 47 6
15 48 8
17 49 6
23 50 4
35 51 5
37 52 5
31 53 9
14 54 24
10 55 39
1 56 90
9 57 43
6 58 7
36 59 6
48 60 4
21 61 10
45 62 37
53 63 22
55 64 20
38 65 9
54 66 3
20 67 29
57 68 48
9 69 9
5 70 10
50 71 2
18 72 1
69 73 93
43 74 5
14 75 9
25 76 5
65 77 5
42 78 6
13 79 9
41 80 6
28 81 18
2 82 64
29 83 10
60 84 5
43 85 3
60 86 10
71 87 9
79 88 6
82 89 7
38 90 10
25 91 58
65 92 57
78 93 6
5 94 7
65 95 6
95 96 5
27 97 9
71 98 5
7 99 37
76 100 8
85 101 10
32 102 2
63 103 56
40 104 99
93 105 4
79 106 7
91 107 3
43 108 9
102 109 7
90 110 6
17 111 7
54 112 10
81 113 5
78 114 1
20 115 10
65 116 36
106 117 9
59 118 10
8 119 45
34 120 3
27 121 8
73 122 95
82 123 64
30 124 10
35 125 31
41 126 4
4 127 10
32 128 10
54 129 24
3 130 32
93 131 6
24 132 35
7 133 20
74 134 6
123 135 16
7 136 10
49 137 4
15 138 6
73 139 3
109 140 9
118 141 3
121 142 5
29 143 2
62 144 6
134 145 69
137 146 10
63 147 9
103 148 6
38 149 1
22 150 42
63 151 9
118 152 43
139 153 3
40 154 4
145 155 8
6 156 1
17 157 72
106 158 8
142 159 7
65 160 18
131 161 5
42 162 2
82 163 1
144 164 10
1 165 5
90 166 3
45 167 4
38 168 8
153 169 4
49 170 1
116 171 6
161 172 8
28 173 61
15 174 8
33 175 58
48 176 8
149 177 9
6 178 4
17 179 72
130 180 4
38 181 2
103 182 79
156 183 10
81 184 9
15 185 2
31 186 3
146 187 9
32 188 16
139 189 10
100 190 5
57 191 6
77 192 10
145 193 46
79 194 3
133 195 3
97 196 2
63 197 3
18 198 8
37 199 5
25 200 9
137 201 1
19 202 8
168 203 10
90 204 5
24 205 3
161 206 7
4 207 5
115 208 9
32 209 79
75 210 1
18 211 10
57 212 6
19 213 1
127 214 10
186 215 5
47 216 2
176 217 8
91 218 5
67 219 29
77 220 5
49 221 5
47 222 5
160 223 8
41 224 10
14 225 22
15 226 23
20 227 8
83 228 8
123 229 4
71 230 5
24 231 7
101 232 1
152 233 9
39 234 5
19 235 5
180 236 2
61 237 4
98 238 3
68 239 9
75 240 10
35 241 7
226 242 1
79 243 7
120 244 1
55 245 1
161 246 9
79 247 10
145 248 46
31 249 6
22 250 8
57 251 1
234 252 6
228 253 7
63 254 3
239 255 8
119 256 9
248 257 91
243 258 5
43 259 9
107 260 10
174 261 4
32 262 4
261 263 3
116 264 36
14 265 9
101 266 3
134 267 7
149 268 4
209 269 6
29 270 4
193 271 77
159 272 7
64 273 20
80 274 9
101 275 1
35 276 9
87 277 2
149 278 6
135 279 9
240 280 20
27 281 6
128 282 6
173 283 61
193 284 1
282 285 6
240 286 7
212 287 5
161 288 4
160 289 28
31 290 23
121 291 2
278 292 10
149 293 2
180 294 10
222 295 5
264 296 6
103 297 10
275 298 7
62 299 10
149 300 7
265 301 5
93 302 1
5 303 2
174 304 8
186 305 3
130 306 5
91 307 4
30 308 2
217 309 90
117 310 1
18 311 9
182 312 7
196 313 5
249 314 8
80 315 6
287 316 7
160 317 8
65 318 10
90 319 8
144 320 8
2 321 24
281 322 8
23 323 9
184 324 9
221 325 8
271 326 2
290 327 3
167 328 6
49 329 2
200 330 1
56 331 90
164 332 9
84 333 7
140 334 86
84 335 4
316 336 5
69 337 84
260 338 9
125 339 31
96 340 9
11 341 2
297 342 3
320 343 8
98 344 5
133 345 2
224 346 1
199 347 1
113 348 9
321 349 6
334 350 5
133 351 25
210 352 3
265 353 8
48 354 4
311 355 8
332 356 9
53 357 2
188 358 6
138 359 6
298 360 10
62 361 36
141 362 4
19 363 10
17 364 62
41 365 3
257 366 31
315 367 7
53 368 10
50 369 1
188 370 10
290 371 26
147 372 10
48 373 4
239 374 1
218 375 9
12 376 2
10 377 70
186 378 1
9 379 66
365 380 6
301 381 91
312 382 2
210 383 1
118 384 43
133 385 5
126 386 1
211 387 79
271 388 77
364 389 62
172 390 6
202 391 2
124 392 9
199 393 10
341 394 5
52 395 2
270 396 4
320 397 8
372 398 3
349 399 6
232 400 1
47 401 9
219 402 29
12 403 10
12 404 4
15 44 7
26 48 5
1 104 99
44 109 7
15 112 39
84 123 6
45 134 69
74 146 7
110 148 6
39 158 10
96 169 10
152 175 38
40 176 9
10 179 72
52 180 4
48 184 4
98 184 7
185 186 7
71 190 8
165 207 8
131 209 5
130 217 31
135 217 16
58 218 10
28 225 22
34 226 24
93 230 5
213 230 9
241 243 7
78 246 3
68 247 8
119 248 46
157 257 72
240 257 10
206 259 3
227 263 7
269 272 10
104 274 7
14 278 7
175 280 29
273 280 20
102 287 5
218 297 4
242 301 9
104 302 5
228 302 3
128 304 4
297 304 7
140 309 90
31 314 6
281 317 9
78 318 2
211 321 25
278 323 7
233 324 10
301 331 90
126 333 9
224 339 31
9 342 9
336 349 5
270 351 8
232 352 1
322 353 8
78 359 6
239 359 4
264 361 36
256 363 10
324 363 9
68 366 31
325 366 4
144 367 6
161 369 3
240 370 10
68 371 15
285 371 10
353 371 14
35 372 10
23 373 10
216 376 10
282 376 10
358 377 6
53 379 66
139 380 3
53 381 91
334 384 43
45 389 62
140 389 62
385 390 5
181 395 9
335 395 1
253 396 2
227 397 3
327 397 10
43 399 6
129 401 24
209 401 84
337 401 84
6 402 8
214 402 10
333 403 3
427 429 4
421 443 10
435 447 6
435 449 6
412 453 6
426 467 3
449 472 4
474 481 1
423 482 1
429 482 6
425 483 7
456 483 5
433 494 4
460 497 9
470 506 7
496 507 9
451 508 2
420 512 10
424 515 5
493 517 9
506 517 3
425 519 6
428 527 8
478 527 9
464 528 5
532 535 1
407 536 3
541 543 9
425 554 9
408 557 8
481 559 1
431 560 5
509 564 3
441 565 8
480 569 7
499 569 7
424 573 9
470 580 4
542 582 5
530 584 9
483 589 3
446 592 6
526 592 5
547 593 7
436 595 7
477 598 1
239 270 6 73 161 128 60 211 131 264 123 372 184 228 2 104 52 43 44 74 13 106 82 180 281 38 7 301 349 22 3 160 144 395 363 69 96 257 77 126 302 63 90 68 48 47 371 17 224 109 248 376 232 98 9 209 359 21 217 174 30 193 23 15 366 27 12 304 320 50 243 39 145 102 91 49 353 28 121 218 265 34 199 282 65 146 130 139 81 35 402 333 93 287 149 152 84 55 10 103 18 11
3 377 76
1 150 42
8 57 91
1 122 95
9 182 79
10 334 86
10 20 60
8 132 35
10 250 3
4 17 90
9 339 61
8 351 29
10 188 21
8 82 27
6 283 61
8 112 49
2 219 2
8 324 11
10 152 70
8 99 37
4 353 22
8 289 28
9 119 12
1 37 58
11 2 51
10 92 57
4 388 77
7 119 37
10 387 79
2 123 64