606 448 119 13 36
1 2 94
2 3 25
3 4 26
2 5 62
2 6 96
6 7 57
5 8 61
2 9 7
6 10 25
8 11 8
7 12 73
4 13 19
10 14 7
1 15 93
2 16 56
7 17 22
16 18 48
15 19 92
10 20 3
4 21 20
15 22 13
12 23 7
1 24 47
18 25 30
22 26 22
3 27 8
21 28 49
1 29 34
6 30 5
16 31 72
8 32 4
17 33 15
7 34 21
16 35 10
15 36 1
1 37 91
4 38 9
2 39 56
4 40 25
10 41 20
6 42 23
41 43 20
34 44 7
32 45 7
43 46 10
46 47 1
19 48 51
32 49 10
22 50 4
11 51 10
41 52 8
9 53 10
26 54 28
7 55 25
20 56 9
35 57 1
14 58 7
16 59 80
16 60 3
17 61 7
12 62 7
5 63 1
43 64 11
34 65 21
38 66 8
37 67 62
61 68 6
54 69 10
65 70 7
10 71 10
48 72 85
45 73 4
64 74 10
19 75 74
68 76 36
58 77 56
50 78 2
56 79 45
77 80 9
53 81 7
65 82 21
10 83 2
37 84 96
43 85 3
38 86 2
79 87 42
56 88 45
32 89 8
64 90 5
84 91 27
90 92 8
29 93 27
18 94 73
45 95 8
78 96 8
18 97 5
7 98 30
44 99 10
75 100 10
70 101 1
28 102 9
102 103 9
23 104 9
58 105 63
77 106 6
26 107 20
100 108 4
97 109 6
38 110 1
25 111 9
7 112 28
106 113 5
40 114 25
71 115 10
63 116 6
67 117 62
65 118 36
87 119 1
52 120 8
47 121 7
61 122 7
116 123 10
44 124 7
9 125 7
101 126 85
6 127 39
120 128 1
87 129 5
127 130 4
77 131 50
113 132 9
66 133 7
107 134 10
18 135 5
90 136 1
49 137 4
118 138 42
53 139 10
126 140 79
38 141 1
82 142 21
133 143 3
87 144 42
63 145 7
127 146 79
46 147 22
139 148 8
107 149 27
41 150 3
2 151 3
99 152 35
94 153 87
10 154 7
145 155 20
154 156 5
27 157 2
145 158 4
145 159 7
108 160 8
120 161 9
140 162 5
72 163 3
152 164 12
12 165 4
157 166 6
69 167 10
8 168 53
133 169 9
91 170 27
149 171 27
160 172 1
83 173 6
123 174 10
57 175 9
111 176 5
133 177 4
138 178 42
152 179 3
103 180 3
163 181 8
122 182 10
167 183 1
103 184 9
15 185 7
86 186 6
89 187 3
27 188 9
99 189 62
118 190 5
172 191 6
89 192 6
26 193 2
5 194 1
93 195 5
77 196 12
140 197 84
117 198 3
33 199 15
147 200 22
3 201 3
108 202 2
194 203 1
163 204 6
147 205 3
116 206 10
46 207 8
14 208 7
107 209 10
49 210 10
142 211 21
128 212 2
114 213 25
210 214 1
97 215 7
113 216 8
112 217 28
97 218 1
46 219 6
196 220 24
27 221 9
153 222 87
73 223 7
199 224 41
20 225 1
170 226 27
38 227 2
185 228 10
196 229 9
21 230 2
177 231 3
2 232 9
189 233 1
40 234 8
226 235 28
82 236 35
121 237 10
145 238 21
47 239 8
45 240 7
93 241 6
71 242 5
150 243 10
169 244 7
64 245 11
222 246 7
75 247 10
182 248 1
14 249 5
79 250 92
244 251 1
93 252 27
49 253 30
168 254 5
42 255 23
147 256 6
202 257 7
70 258 19
79 259 59
199 260 5
20 261 4
100 262 6
39 263 7
117 264 59
155 265 26
243 266 9
36 267 1
218 268 5
107 269 6
80 270 5
20 271 10
200 272 10
69 273 4
146 274 10
94 275 1
156 276 3
249 277 8
275 278 5
134 279 84
230 280 8
116 281 9
277 282 7
82 283 21
96 284 3
134 285 59
241 286 1
100 287 6
244 288 7
182 289 5
236 290 7
277 291 10
279 292 10
122 293 2
83 294 6
200 295 9
160 296 10
236 297 35
84 298 96
169 299 1
204 300 6
258 301 7
188 302 2
60 303 10
155 304 95
82 305 36
293 306 1
223 307 10
54 308 10
22 35 10
30 80 7
74 86 8
75 94 73
70 100 10
27 108 1
10 115 9
13 115 19
97 124 10
59 131 80
29 139 15
20 143 3
15 144 42
23 162 7
15 167 20
79 184 9
8 188 3
159 188 6
6 191 2
181 198 7
37 200 44
92 201 7
156 202 9
74 206 10
107 211 18
26 213 60
40 214 3
125 215 7
104 217 9
12 224 41
101 226 84
39 229 9
49 234 7
217 235 28
148 237 8
79 238 5
49 240 9
237 240 7
26 245 11
30 248 4
121 249 38
211 249 18
171 252 27
112 253 30
68 254 7
238 255 23
214 258 5
95 260 9
98 264 30
131 264 30
99 265 6
70 266 12
32 271 10
63 273 3
164 273 12
167 273 20
272 273 10
207 276 8
273 276 11
4 277 7
18 283 21
259 285 59
48 291 3
8 293 6
91 294 8
266 300 6
265 301 7
66 303 5
97 303 9
76 305 36
49 307 24
123 307 62
342 349 2
346 351 10
346 367 9
314 368 6
326 376 7
316 396 1
404 405 8
393 408 6
316 419 10
372 420 2
402 425 9
349 426 6
394 433 1
361 435 4
315 436 10
353 447 1
403 449 2
338 455 8
312 465 10
331 466 8
473 481 4
342 485 8
372 487 4
482 491 9
471 495 8
474 495 6
331 496 9
368 499 3
324 501 2
388 504 2
343 506 2
417 506 10
486 514 1
393 515 8
449 520 2
327 525 10
382 528 3
475 528 5
392 530 9
500 530 10
498 536 1
420 539 9
536 540 2
476 541 6
330 548 2
429 550 5
410 554 2
389 561 3
486 561 9
345 568 3
393 572 7
439 573 3
392 574 2
333 575 2
433 576 10
316 578 2
404 579 9
494 580 10
328 582 7
442 582 9
310 583 8
585 590 4
538 593 9
527 595 1
501 597 2
591 598 6
450 599 9
515 601 9
387 604 7
112 94 188 100 9 97 10 43 2 307 47 18 226 74 54 53 240 34 108 303 133 214 21 115 4 199 71 16 17 101 118 26 152 169 139 66 160 79 122 264 45 22 167 63 23 131 38 155 237 244 58 196 35 68 27 56 80 277 32 65 134 7 37 90 266 182 147 83 238 3 70 236 121 217 113 77 116 117 163 39 145 12 127 86 93 5 99 29 258 82 123 265 49 91 20 249 48 44 120 30 202 14 200 64 69 15 84 87 61 107 75 293 276 6 156 41 273 19 46
9 46 58
5 197 84
8 121 33
2 253 14
12 28 47
1 24 47
13 250 92
7 146 79
4 178 42
1 297 35
10 39 94
1 222 87
9 304 95
1 12 78
11 77 33
12 279 84
5 126 6
9 168 53
8 234 14
4 199 69
6 55 25
5 77 58
11 298 96
11 189 62
1 105 63
3 220 24
2 88 45
12 243 5
11 123 62
3 68 48
5 72 82
8 211 11
4 25 30
9 51 8
4 31 72
10 213 84