601 723 159 10 13
1 2 96
1 3 27
2 4 91
4 5 2
2 6 10
6 7 3
6 8 3
7 9 8
4 10 32
3 11 5
9 12 9
12 13 24
1 14 95
8 15 2
2 16 10
9 17 10
17 18 4
10 19 8
8 20 10
10 21 5
13 22 12
18 23 4
14 24 9
9 25 7
24 26 1
9 27 2
24 28 3
28 29 10
17 30 2
29 31 7
16 32 9
21 33 6
13 34 6
4 35 48
9 36 7
3 37 2
15 38 6
34 39 9
19 40 3
29 41 1
37 42 10
39 43 6
42 44 3
32 45 5
30 46 5
2 47 2
4 48 6
29 49 10
3 50 5
40 51 3
40 52 7
50 53 7
38 54 8
38 55 4
14 56 90
49 57 5
31 58 35
35 59 3
28 60 2
24 61 2
46 62 9
60 63 6
5 64 3
28 65 6
55 66 9
58 67 5
12 68 5
58 69 28
12 70 8
59 71 3
25 72 3
23 73 7
13 74 11
23 75 10
25 76 7
15 77 2
52 78 5
27 79 1
17 80 13
31 81 35
19 82 9
13 83 9
72 84 4
23 85 6
65 86 7
59 87 3
82 88 6
24 89 10
52 90 7
71 91 11
3 92 4
50 93 1
6 94 10
42 95 5
53 96 5
60 97 10
97 98 8
64 99 9
11 100 7
40 101 2
54 102 6
90 103 8
97 104 7
27 105 4
91 106 8
103 107 3
90 108 8
81 109 8
79 110 6
54 111 6
101 112 2
12 113 3
94 114 10
29 115 9
14 116 81
86 117 8
87 118 7
64 119 9
85 120 6
101 121 5
64 122 5
96 123 9
27 124 9
21 125 5
93 126 9
104 127 3
104 128 8
45 129 2
126 130 4
6 131 5
62 132 7
70 133 10
122 134 1
75 135 5
92 136 1
80 137 8
14 138 8
34 139 3
69 140 28
75 141 8
5 142 9
13 143 5
40 144 7
144 145 4
109 146 10
48 147 6
42 148 10
78 149 5
147 150 3
84 151 1
38 152 6
149 153 8
147 154 1
15 155 9
42 156 9
11 157 3
71 158 4
145 159 1
48 160 6
1 161 2
84 162 9
28 163 9
48 164 6
23 165 3
89 166 3
152 167 4
70 168 7
94 169 1
30 170 1
14 171 7
150 172 8
159 173 5
109 174 4
122 175 3
22 176 7
173 177 3
176 178 6
154 179 8
152 180 9
162 181 10
128 182 7
83 183 5
149 184 7
178 185 8
66 186 7
23 187 33
6 188 5
27 189 1
81 190 2
82 191 2
154 192 2
146 193 1
16 194 1
153 195 4
164 196 3
15 197 1
61 198 8
90 199 15
193 200 5
189 201 7
83 202 7
156 203 3
22 204 9
151 205 6
169 206 5
131 207 3
179 208 2
53 209 2
203 210 1
22 211 7
176 212 10
7 213 8
154 214 6
68 215 8
29 216 4
138 217 3
140 218 9
122 219 5
70 220 1
25 221 1
217 222 6
4 223 6
91 224 7
22 225 6
199 226 8
216 227 3
151 228 7
15 229 2
80 230 7
183 231 4
218 232 4
226 233 3
201 234 2
114 235 4
156 236 9
208 237 4
105 238 5
205 239 9
236 240 3
34 241 1
216 242 5
40 243 10
220 244 10
43 245 7
89 246 1
201 247 8
241 248 1
35 249 49
60 250 6
184 251 2
77 252 8
222 253 1
193 254 10
61 255 2
88 256 1
249 257 4
136 258 10
83 259 5
220 260 3
113 261 7
242 262 10
38 263 3
211 264 6
164 265 8
55 266 2
227 267 6
61 268 6
231 269 4
74 270 11
161 271 1
147 272 4
26 273 7
223 274 7
72 275 1
10 276 28
105 277 7
7 278 8
96 279 10
137 280 10
244 281 8
164 282 6
178 283 8
11 284 6
144 285 9
208 286 10
258 287 8
123 288 9
263 289 3
148 290 6
275 291 8
25 292 6
19 293 1
199 294 2
230 295 9
52 296 7
189 297 10
259 298 8
67 299 10
212 300 6
4 301 91
207 302 3
91 303 21
270 304 6
199 305 4
1 306 9
284 307 2
201 308 2
3 309 27
2 310 1
185 311 5
204 312 3
93 313 7
107 314 4
2 315 3
91 316 8
216 317 7
122 318 6
29 319 8
165 320 3
250 321 2
167 322 4
131 323 10
194 324 10
200 325 1
189 326 3
294 327 7
71 328 5
220 329 1
217 330 1
195 331 10
228 332 8
168 333 2
280 334 4
63 335 10
318 336 6
147 337 7
74 338 7
100 339 8
122 340 9
256 341 3
172 342 10
38 343 10
83 344 1
343 345 9
310 346 7
91 347 10
123 348 8
320 349 3
330 350 8
177 351 7
340 352 1
265 353 5
214 354 9
315 355 7
120 356 8
271 357 5
262 358 10
297 359 10
8 360 10
103 361 8
309 362 5
129 363 5
4 364 91
336 365 9
214 366 3
202 367 7
266 368 7
336 369 4
140 370 6
208 371 10
95 372 1
174 373 1
192 374 7
95 375 5
289 376 4
334 377 7
211 378 5
87 379 4
225 380 9
203 381 5
204 382 9
77 383 1
339 384 8
372 385 3
373 386 1
175 387 9
37 388 2
197 389 1
387 390 4
191 391 9
208 392 9
301 393 91
14 394 1
249 395 32
365 396 7
75 397 6
323 398 6
271 399 5
247 400 4
3 401 3
307 402 5
62 403 2
314 404 4
18 405 7
119 406 8
397 407 1
106 408 6
13 409 52
184 410 8
13 411 4
274 412 2
172 413 5
51 414 4
5 415 8
28 416 10
7 417 10
8 418 10
323 419 6
374 420 9
278 421 2
66 422 4
47 423 3
336 424 10
357 425 9
31 426 5
310 427 4
304 428 7
400 429 9
358 430 9
302 431 1
68 432 10
85 433 5
84 434 4
171 435 5
91 436 7
321 437 9
340 438 9
367 439 1
49 440 1
310 441 2
397 442 4
267 443 4
431 444 9
242 445 1
341 446 3
55 447 6
98 448 1
155 449 4
312 450 8
153 451 8
253 452 2
172 453 4
267 454 7
364 455 13
442 456 10
429 457 5
425 458 6
327 459 5
169 460 8
440 461 6
403 462 1
77 463 7
188 464 5
91 465 6
64 466 8
382 467 9
115 468 3
313 469 3
66 470 4
206 471 10
455 472 8
388 473 7
402 474 8
331 475 9
438 476 5
162 477 5
356 478 7
376 479 3
230 480 9
399 481 9
269 482 3
331 483 5
294 484 10
7 485 2
321 486 5
243 487 10
254 488 3
254 489 13
452 490 7
453 491 2
459 492 1
250 493 6
246 494 2
466 495 10
474 496 10
269 497 10
194 498 3
199 499 15
246 500 9
158 501 1
448 502 9
130 503 8
70 504 9
219 505 1
264 506 2
255 507 10
428 508 6
289 509 2
54 510 9
294 511 7
391 512 4
265 513 4
207 514 7
223 515 4
131 516 3
332 517 8
48 518 4
23 519 10
128 520 5
401 521 2
105 522 4
187 523 5
33 524 5
287 525 1
197 526 10
303 527 6
41 528 7
278 529 5
402 530 6
306 531 6
465 532 7
343 533 6
104 534 8
382 535 3
136 536 3
430 537 5
205 538 8
4 539 5
36 540 8
10 541 7
384 542 10
300 543 8
325 544 2
307 545 2
33 546 2
139 547 3
146 548 4
380 549 2
544 550 3
190 551 4
259 552 6
111 553 9
501 554 4
549 555 10
86 556 5
531 557 6
38 558 6
134 559 5
413 560 6
216 561 10
66 562 2
170 563 10
195 564 2
188 565 5
168 566 10
114 567 3
391 568 2
366 569 2
341 570 2
565 571 1
372 572 1
475 573 5
459 574 8
105 575 6
518 576 2
75 577 9
10 578 1
384 579 9
177 580 2
227 581 1
181 582 3
2 50 9
95 99 5
6 102 1
22 106 10
117 131 4
105 132 6
80 140 28
142 145 9
149 152 4
25 154 2
124 164 10
87 174 9
141 179 2
155 182 8
114 188 8
30 205 8
26 216 1
123 218 4
133 226 10
227 234 4
178 236 7
95 237 7
116 249 92
128 250 6
175 251 9
137 259 3
198 260 3
258 270 8
185 275 8
80 276 28
70 280 9
235 282 8
199 297 9
144 298 8
114 299 5
87 300 5
292 302 8
214 309 3
25 312 8
166 316 4
131 317 2
290 319 3
321 325 9
75 332 8
126 334 9
255 338 3
273 346 10
272 351 4
100 358 17
3 361 8
23 372 8
362 373 6
121 376 4
70 377 8
331 377 6
70 379 8
341 381 5
247 382 6
99 384 5
287 384 8
223 392 5
85 403 5
214 405 5
43 407 9
51 408 7
223 408 6
71 410 8
139 420 5
266 423 9
67 425 1
66 427 7
214 433 7
76 435 7
175 435 7
240 437 9
43 438 7
80 448 76
364 448 76
382 450 5
405 450 7
267 451 8
285 455 9
435 458 8
333 460 9
160 465 10
385 466 6
191 468 1
283 469 1
446 473 5
106 474 7
455 476 5
27 480 1
49 480 7
242 481 3
21 482 9
95 482 9
413 484 1
417 485 3
435 485 1
40 486 2
231 487 9
21 488 1
56 489 90
399 492 5
213 493 7
322 494 8
364 494 5
44 496 9
444 497 2
124 501 1
147 514 2
135 519 5
290 519 3
489 519 13
455 523 7
189 527 10
304 527 8
2 529 8
318 531 4
327 532 2
451 541 2
32 548 1
65 551 10
246 551 7
166 552 5
355 553 9
317 554 1
386 555 10
225 556 3
104 560 5
437 562 3
69 565 5
61 572 6
184 572 2
510 576 10
554 577 5
408 582 9
584 588 10
588 589 6
585 598 1
591 598 3
586 600 2
82 341 572 290 62 448 193 153 149 83 309 162 413 15 287 459 226 58 249 80 531 93 297 28 42 66 242 12 501 220 189 480 451 372 254 216 81 100 136 69 485 103 5 147 402 218 106 399 29 435 16 358 270 247 60 225 128 382 9 151 203 177 131 519 23 114 166 53 184 211 97 124 259 86 55 14 317 72 7 89 391 527 168 152 40 25 373 474 336 207 340 10 327 21 96 48 275 246 30 164 101 466 551 205 450 75 397 465 188 156 178 26 6 321 146 61 59 334 265 32 35 17 267 425 438 19 74 325 85 269 95 3 84 310 230 27 214 482 331 68 43 302 87 231 194 250 38 300 201 318 494 169 294 195 13 455 90 364 175
7 309 70
4 393 91
10 561 8
7 558 6
5 409 52
1 499 15
2 80 73
6 58 92
10 303 24
5 187 33
2 489 64
1 395 32
3 358 30