607 407 34 6 7
1 2 98
2 3 98
3 4 5
3 5 7
5 6 1
1 7 6
2 8 10
8 9 8
8 10 10
5 11 7
4 12 5
4 13 5
10 14 9
11 15 9
12 16 9
8 17 6
12 18 1
9 19 1
8 20 3
8 21 8
4 22 6
3 23 93
23 24 8
13 25 8
12 26 7
11 27 6
5 28 7
1 29 7
24 30 4
23 31 22
13 32 3
31 33 98
1 34 6
27 35 8
17 36 6
20 37 8
15 38 95
29 39 7
31 40 4
37 41 8
30 42 6
33 43 5
19 44 3
42 45 6
30 46 8
11 47 9
1 48 89
38 49 3
41 50 3
1 51 9
16 52 9
20 53 6
46 54 1
48 55 4
19 56 7
2 57 10
44 58 7
19 59 3
23 60 74
33 61 99
24 62 7
32 63 10
45 64 5
15 65 6
10 66 3
20 67 8
28 68 9
5 69 8
4 70 1
66 71 6
46 72 3
14 73 7
46 74 5
37 75 35
32 76 2
14 77 2
17 78 10
77 79 10
58 80 8
79 81 2
37 82 35
5 83 1
26 84 3
40 85 5
10 86 5
54 87 4
16 88 9
82 89 2
26 90 4
48 91 88
6 92 4
21 93 5
87 94 7
65 95 6
55 96 3
41 97 85
1 98 7
23 99 37
34 100 10
45 101 2
37 102 4
51 103 10
16 104 7
45 105 5
103 106 7
106 107 8
58 108 2
27 109 5
23 110 1
54 111 1
13 112 1
27 113 3
110 114 4
4 115 8
59 116 3
24 117 9
74 118 1
66 119 8
95 120 1
27 121 4
89 122 1
7 123 6
97 124 10
15 125 82
25 126 2
41 127 1
91 128 10
114 129 2
60 130 74
110 131 6
61 132 99
1 133 5
85 134 7
41 135 84
66 136 1
82 137 20
75 138 35
71 139 4
98 140 1
62 141 8
23 142 2
62 143 4
114 144 3
121 145 10
125 146 82
64 147 4
63 148 2
3 149 1
126 150 8
122 151 3
121 152 7
63 153 2
22 154 7
147 155 21
6 156 5
66 157 4
43 158 2
83 159 1
73 160 2
32 161 7
91 162 90
41 163 10
139 164 6
100 165 3
44 166 5
5 167 3
4 168 4
28 169 10
136 170 8
136 171 6
10 172 7
113 173 8
3 174 5
64 175 1
113 176 5
104 177 10
157 178 7
152 179 6
54 180 6
36 181 1
104 182 4
125 183 83
39 184 7
102 185 4
25 186 8
132 187 99
174 188 3
71 189 1
174 190 6
76 191 4
1 192 9
98 193 3
128 194 2
63 195 9
29 196 3
54 197 8
153 198 3
58 199 6
189 200 8
18 201 3
143 202 7
193 203 2
42 204 9
9 205 1
147 206 20
83 207 4
121 208 9
44 209 8
156 210 3
101 211 3
161 212 4
111 213 4
103 214 5
166 215 9
16 216 14
107 217 7
180 218 5
177 219 8
119 220 2
110 221 6
15 222 6
17 223 8
41 224 10
164 225 1
203 226 1
165 227 7
154 228 2
164 229 4
191 230 7
177 231 7
76 232 10
117 233 4
156 234 8
195 235 3
8 236 1
59 237 9
202 238 7
19 239 1
220 240 5
15 241 10
142 242 10
116 243 5
12 244 6
33 245 4
65 246 5
1 247 84
92 248 5
31 38 95
63 85 4
49 95 5
82 99 37
51 104 7
15 105 4
8 108 1
29 114 2
39 129 2
67 133 7
77 138 4
28 142 7
45 146 4
108 146 6
30 147 5
93 148 6
37 157 10
111 157 8
90 161 4
133 162 5
146 162 95
16 163 7
54 167 4
74 167 6
47 170 3
120 171 7
46 172 7
21 178 3
12 179 10
172 184 7
52 188 10
85 189 4
154 192 2
7 194 8
67 196 2
150 197 5
197 199 7
137 206 20
98 207 2
38 209 2
48 211 7
19 212 5
141 212 5
143 213 8
25 214 6
120 214 2
211 219 9
115 221 5
42 223 1
127 223 2
118 225 8
72 227 17
93 227 3
216 227 14
28 233 2
68 236 6
188 236 2
92 239 2
72 243 20
155 243 21
82 245 4
142 246 7
135 247 84
272 280 4
250 288 2
263 289 2
278 302 2
310 334 2
307 335 2
328 335 8
311 343 7
266 360 5
330 367 3
299 382 10
355 389 9
332 394 9
290 399 10
372 402 6
304 421 3
392 421 3
385 422 10
363 428 2
368 428 3
434 436 1
400 440 10
276 444 5
302 444 4
312 444 2
350 444 1
417 454 6
300 456 8
405 457 4
448 461 9
282 462 7
304 464 5
467 472 7
364 474 9
312 475 5
257 476 2
289 478 10
316 478 9
253 482 4
253 486 4
321 487 2
434 488 10
399 490 2
333 491 5
343 498 4
497 501 2
422 502 9
400 505 8
341 508 5
271 514 9
380 515 3
358 529 2
261 531 9
300 537 7
296 538 5
484 538 5
429 540 10
339 541 10
335 543 9
447 548 1
527 549 9
397 551 3
502 552 9
286 553 6
378 553 1
486 555 7
551 556 3
385 559 2
373 560 5
314 563 3
532 563 2
431 564 10
328 565 2
484 565 9
546 568 4
559 570 2
320 572 2
361 572 6
531 573 1
468 575 5
428 576 4
485 576 9
529 577 4
414 579 5
273 583 4
427 585 4
549 585 7
390 586 7
312 587 6
586 592 10
458 593 8
406 594 4
299 596 4
266 602 10
292 602 6
471 604 7
363 605 7
142 24 104 167 58 51 12 29 2 212 121 11 27 67 31 17 154 45 19 189 16 146 120 133 54 23 227 161 243 64 114 8 164 4
3 243 57
3 202 2
4 138 35
5 183 83
6 130 74
3 187 99
4 97 85