595 480 71 5 14
1 2 81
1 3 5
2 4 28
1 5 3
3 6 8
1 7 80
7 8 25
2 9 38
8 10 42
6 11 1
6 12 3
4 13 8
3 14 9
7 15 65
6 16 3
7 17 8
13 18 30
5 19 5
4 20 7
13 21 7
2 22 3
8 23 34
16 24 26
23 25 34
13 26 24
2 27 16
13 28 9
25 29 6
18 30 30
1 31 2
5 32 9
1 33 10
28 34 7
27 35 16
15 36 3
6 37 8
2 38 3
9 39 21
1 40 8
31 41 1
31 42 6
10 43 7
13 44 1
34 45 1
8 46 6
39 47 21
36 48 10
42 49 5
24 50 4
35 51 37
33 52 5
20 53 6
41 54 6
31 55 7
54 56 10
22 57 9
53 58 26
26 59 1
15 60 9
21 61 9
11 62 8
2 63 5
8 64 9
46 65 6
34 66 3
22 67 10
65 68 9
38 69 6
31 70 7
49 71 5
65 72 6
11 73 7
46 74 7
1 75 34
30 76 6
14 77 9
59 78 2
39 79 20
59 80 10
70 81 5
16 82 39
9 83 10
60 84 3
8 85 3
46 86 3
9 87 8
32 88 1
49 89 5
21 90 9
13 91 3
24 92 8
28 93 6
37 94 6
1 95 36
85 96 3
84 97 4
11 98 3
51 99 8
68 100 6
84 101 9
14 102 8
97 103 5
46 104 5
76 105 10
81 106 10
82 107 2
27 108 10
71 109 6
99 110 6
73 111 5
110 112 7
5 113 5
35 114 10
92 115 9
46 116 5
34 117 8
46 118 8
110 119 8
31 120 9
99 121 4
69 122 10
107 123 8
37 124 6
75 125 34
78 126 6
97 127 9
113 128 5
58 129 8
9 130 43
73 131 8
44 132 1
50 133 10
129 134 4
25 135 5
28 136 3
54 137 2
84 138 3
96 139 1
84 140 8
108 141 10
58 142 4
31 143 4
74 144 3
26 145 10
108 146 2
63 147 4
139 148 2
138 149 1
103 150 10
150 151 4
3 152 1
76 153 8
70 154 9
142 155 3
90 156 3
4 157 8
33 158 7
27 159 2
126 160 5
121 161 2
158 162 7
24 163 9
55 164 7
137 165 8
10 166 42
70 167 1
30 168 7
44 169 1
42 170 7
151 171 4
65 172 5
89 173 4
167 174 9
75 175 6
130 176 10
155 177 8
71 178 4
88 179 9
99 180 1
128 181 5
168 182 1
176 183 2
183 184 4
164 185 10
179 186 6
131 187 3
96 188 4
154 189 3
24 190 9
58 191 7
71 192 1
37 193 5
189 194 5
176 195 10
66 196 6
187 197 8
117 198 7
14 199 7
17 200 5
131 201 4
188 202 3
129 203 11
140 204 6
164 205 9
26 206 2
125 207 2
69 208 10
65 209 5
194 210 5
173 211 5
14 212 8
13 213 4
41 214 8
38 215 5
25 216 2
200 217 4
117 218 2
142 219 2
170 220 2
44 221 9
36 222 8
211 223 5
199 224 4
167 225 10
24 226 5
36 227 10
54 228 5
207 229 6
188 230 4
137 231 2
143 232 4
200 233 8
120 234 10
54 235 8
91 236 9
215 237 3
129 238 6
5 239 9
234 240 3
193 241 5
163 242 7
121 243 10
54 244 4
130 245 49
15 246 8
60 247 10
74 248 2
47 249 4
244 250 5
208 251 3
225 252 5
39 253 4
13 254 9
216 255 4
127 256 10
179 257 2
176 258 1
130 259 8
133 260 7
35 261 7
179 262 2
237 263 1
26 264 8
20 265 5
27 266 3
56 267 2
66 268 9
153 269 8
94 270 7
139 271 7
32 272 4
167 273 3
82 274 39
169 275 10
17 276 7
205 277 6
24 278 37
86 279 3
19 280 8
234 281 24
194 282 10
142 283 10
271 284 3
111 285 5
29 286 2
254 287 8
270 288 7
69 289 4
101 290 9
122 291 83
249 292 1
246 293 3
35 294 6
215 295 9
277 296 7
69 297 2
27 298 6
237 299 4
72 300 5
59 301 1
55 302 1
78 303 2
85 304 8
295 305 5
67 306 7
141 307 2
197 308 7
263 309 9
299 310 10
211 311 4
234 312 10
7 26 24
7 37 6
18 47 21
2 53 39
16 53 39
60 68 1
46 89 5
51 95 36
77 104 5
50 109 1
55 111 10
25 117 2
35 118 80
96 119 6
103 120 10
13 124 6
24 124 6
59 127 5
86 131 6
122 137 38
84 143 1
83 144 9
60 145 1
96 146 4
42 148 7
140 149 10
141 150 10
25 156 34
125 156 34
44 167 7
112 171 1
70 181 10
104 185 7
61 186 7
93 186 7
60 188 6
110 190 10
179 196 7
1 202 2
60 207 6
52 208 5
189 208 5
58 209 1
94 209 3
157 218 8
80 222 7
140 228 7
80 232 4
58 234 34
123 235 1
43 236 1
128 239 6
128 241 1
161 243 6
180 246 9
12 247 4
83 254 6
115 259 6
56 260 7
68 265 5
158 268 8
197 272 7
112 273 8
7 277 50
55 277 1
127 277 45
137 278 37
139 279 7
153 279 2
99 280 1
4 281 24
29 282 9
102 283 4
34 284 8
161 287 8
21 288 2
68 288 8
109 288 3
85 289 6
244 293 3
210 296 7
283 297 2
100 299 1
111 304 3
264 305 6
156 306 8
62 308 9
99 311 10
195 312 10
324 343 4
364 369 10
349 374 8
379 397 7
403 414 7
408 419 7
407 425 8
391 426 6
349 428 2
352 430 9
321 432 1
431 433 10
337 447 8
431 451 6
373 462 3
440 466 3
390 467 2
437 468 9
394 469 3
318 470 4
406 475 8
441 477 4
459 482 1
404 484 6
354 486 1
439 495 2
460 503 7
463 503 8
320 504 9
464 508 7
479 510 9
500 513 2
487 515 6
431 517 8
318 519 2
502 519 5
320 520 10
508 520 5
349 524 2
350 525 5
524 528 10
464 532 7
444 533 5
351 535 4
354 535 7
332 536 7
405 538 1
477 538 5
409 539 9
399 540 9
464 540 10
438 543 2
489 544 9
453 545 6
385 550 9
362 552 8
365 555 6
395 555 1
355 559 9
478 559 2
395 562 10
478 562 4
491 563 6
507 565 4
372 566 9
378 566 5
383 566 2
383 570 8
414 574 5
436 576 1
384 577 2
394 584 6
566 584 3
371 587 6
553 587 10
398 588 6
395 589 4
380 590 6
449 592 4
540 592 6
89 254 129 55 31 140 188 83 26 117 156 283 207 70 7 27 142 139 11 6 80 14 58 208 59 86 128 84 36 75 127 110 121 34 94 141 54 9 299 76 103 4 60 96 20 46 111 17 3 108 189 39 37 65 53 244 13 279 194 197 30 82 209 78 66 211 51 277 153 35 122
4 79 20
2 30 38
1 26 23
2 118 80
3 30 41
3 245 49
1 274 39
3 127 89
2 203 11
3 10 4
2 281 24
4 291 83
2 166 42
2 15 61