606 284 11 3 9
1 2 84
1 3 68
1 4 8
1 5 83
2 6 67
4 7 3
2 8 8
5 9 47
5 10 80
9 11 3
6 12 22
5 13 45
10 14 4
8 15 10
9 16 25
7 17 14
12 18 21
6 19 3
14 20 10
18 21 20
20 22 10
2 23 16
12 24 22
17 25 6
14 26 20
17 27 51
1 28 51
24 29 2
7 30 5
15 31 8
21 32 71
4 33 5
10 34 83
9 35 3
16 36 5
24 37 31
20 38 10
9 39 6
28 40 2
38 41 6
38 42 5
11 43 4
16 44 8
24 45 6
37 46 5
41 47 3
18 48 6
16 49 20
44 50 3
9 51 80
26 52 20
17 53 3
10 54 4
15 55 5
47 56 9
7 57 14
32 58 23
22 59 7
59 60 4
38 61 8
31 62 4
14 63 12
57 64 6
57 65 10
8 66 2
10 67 9
11 68 2
14 69 23
64 70 1
16 71 3
21 72 4
12 73 1
56 74 4
59 75 3
50 76 4
33 77 9
16 78 4
70 79 8
25 80 2
25 81 7
34 82 6
22 83 3
71 84 9
13 85 3
62 86 10
22 87 5
73 88 7
18 89 3
53 90 2
36 91 8
18 92 9
20 93 45
27 94 51
66 95 8
11 96 3
19 97 5
97 98 10
35 99 5
78 100 6
85 101 7
55 102 4
29 103 5
89 104 2
92 105 10
38 106 1
99 107 2
58 108 23
63 109 10
93 110 45
74 111 4
29 112 10
27 113 9
98 114 8
105 115 9
24 116 10
6 117 45
106 118 9
8 119 5
98 120 4
104 121 5
95 122 9
73 123 3
29 124 10
108 125 4
45 126 1
65 127 2
111 128 4
19 129 8
65 130 10
89 131 1
13 132 2
108 133 23
111 134 5
48 135 8
20 21 47
20 23 9
17 28 51
34 36 9
9 43 6
49 52 20
25 53 6
23 57 13
41 61 9
45 63 5
57 63 6
20 66 2
61 68 6
72 73 4
39 78 6
33 81 9
65 100 7
56 104 9
63 106 4
13 110 45
44 112 3
93 117 45
116 118 8
48 120 1
92 121 6
76 122 1
7 123 3
70 123 3
23 124 14
36 124 14
2 126 4
24 129 6
33 130 10
69 133 23
13 134 9
141 191 6
164 191 2
246 256 9
244 259 7
249 259 4
161 263 7
147 273 9
173 274 1
136 275 1
198 283 8
187 284 7
151 291 1
300 303 3
146 315 2
229 315 6
291 322 9
212 323 7
220 332 6
299 332 4
317 339 5
274 340 10
165 341 9
313 346 2
214 350 7
171 355 6
142 356 6
256 358 8
333 363 8
159 366 8
209 382 8
254 383 2
334 385 6
386 392 6
149 398 1
165 399 2
184 399 3
244 403 8
150 407 7
152 409 5
379 410 7
154 413 3
194 417 2
342 417 1
206 418 10
283 429 10
219 430 7
417 432 3
391 433 8
196 445 5
215 456 9
334 461 10
361 462 4
203 464 2
145 468 8
182 468 6
387 468 8
360 470 6
340 473 10
457 477 2
173 478 4
270 478 5
325 484 5
176 487 10
255 489 6
487 492 3
324 505 6
331 505 8
388 507 8
392 509 2
383 511 4
462 513 10
175 516 1
311 517 6
387 519 10
288 526 8
438 526 3
312 530 8
177 536 5
193 536 3
257 537 9
336 537 6
306 538 4
489 541 8
536 544 8
200 546 1
521 546 10
472 547 9
479 547 4
369 550 2
523 551 2
333 554 10
144 555 8
353 558 5
168 559 3
283 559 8
318 560 6
195 562 1
390 562 8
182 563 4
337 566 1
187 567 8
337 573 9
343 576 2
248 580 6
567 580 6
282 581 6
489 585 4
519 585 1
485 587 1
447 588 4
302 589 7
209 594 4
252 602 3
352 603 1
402 605 2
92 78 20 48 57 41 63 8 7 4 9
3 3 68
2 37 31
1 23 14
3 14 11
3 51 80
2 6 89
3 94 51
1 34 92
1 32 48