590 232 20 4 8
1 2 74
1 3 80
3 4 10
4 5 25
3 6 5
1 7 37
3 8 5
2 9 76
5 10 67
7 11 9
5 12 8
10 13 1
12 14 7
12 15 2
12 16 3
8 17 8
12 18 1
18 19 2
7 20 5
1 21 25
6 22 2
18 23 4
20 24 3
16 25 7
5 26 36
13 27 7
7 28 24
24 29 7
1 30 36
18 31 3
28 32 30
27 33 3
32 34 1
17 35 10
8 36 4
14 37 5
20 38 5
8 39 8
10 40 2
17 41 8
14 42 8
11 43 3
25 44 8
28 45 5
7 46 8
27 47 4
26 48 10
40 49 7
40 50 10
45 51 7
3 52 3
42 53 1
10 54 2
40 55 6
26 56 36
37 57 3
20 58 7
21 59 4
7 60 7
56 61 36
41 62 5
25 63 5
55 64 7
58 65 6
27 66 9
61 67 10
24 68 5
45 69 6
10 70 70
16 71 1
22 72 1
47 73 2
15 74 1
21 75 25
13 76 7
73 77 2
75 78 5
22 79 5
58 80 2
36 81 3
41 82 8
5 83 4
70 84 10
59 85 9
28 86 3
49 87 2
7 27 9
2 34 7
33 36 8
8 38 8
18 38 8
38 44 7
35 53 10
30 61 36
6 62 10
12 65 10
63 70 6
18 71 5
12 74 6
60 74 7
4 76 10
44 77 7
57 77 9
49 78 7
11 79 7
47 85 5
23 86 2
109 110 10
102 134 4
90 140 8
117 147 7
135 153 7
130 168 3
136 171 6
155 172 6
163 195 5
192 197 6
210 212 5
203 224 5
208 227 10
161 232 7
192 235 7
184 247 1
123 251 5
206 252 8
219 256 2
218 267 6
255 267 9
198 273 7
149 276 3
209 286 7
114 290 4
235 290 1
142 299 2
304 309 8
90 315 4
310 320 2
238 325 7
266 327 9
177 336 7
172 345 3
318 347 6
292 352 1
293 362 3
341 365 10
303 370 6
378 379 10
201 384 3
328 385 7
127 386 3
166 389 6
383 395 6
238 396 5
271 396 6
203 407 10
101 410 5
393 413 8
182 414 2
114 416 1
378 416 1
213 422 10
246 422 3
114 425 4
226 425 8
207 427 8
259 427 8
304 432 5
231 441 10
93 444 4
389 444 8
400 446 6
108 449 5
122 449 3
421 461 1
278 462 2
275 463 8
112 464 9
253 464 1
370 470 4
130 471 5
400 473 2
307 474 5
337 475 7
463 482 5
460 483 2
222 486 3
239 486 7
125 487 10
332 490 4
461 490 1
413 492 1
354 493 3
358 499 8
150 503 6
169 505 10
213 513 7
355 514 5
431 516 7
392 518 2
199 520 8
196 521 9
299 524 5
367 526 8
250 530 7
260 530 10
223 532 5
293 536 8
423 536 7
155 537 10
395 537 1
178 543 9
105 544 3
147 544 7
179 544 8
349 545 8
326 546 2
157 552 5
413 552 5
396 557 6
444 557 6
456 559 1
207 563 9
239 564 3
159 568 7
304 573 10
332 576 1
140 577 7
206 578 8
114 581 5
114 582 10
373 585 5
108 586 7
45 11 44 49 38 13 25 21 4 6 58 14 61 22 20 27 2 7 17 18
3 9 76
3 32 30
3 3 88
1 75 25
3 53 10
1 76 17
3 5 22
4 70 70