608 385 22 9 15
1 2 88
1 3 6
1 4 6
1 5 90
2 6 18
5 7 9
6 8 9
5 9 62
1 10 10
5 11 16
4 12 9
7 13 8
8 14 6
2 15 39
10 16 8
2 17 86
11 18 11
4 19 1
6 20 22
4 21 6
20 22 8
22 23 2
5 24 4
18 25 1
5 26 8
9 27 62
13 28 1
19 29 6
18 30 6
28 31 3
28 32 5
26 33 8
14 34 10
26 35 8
14 36 8
17 37 89
26 38 2
1 39 8
33 40 7
17 41 9
17 42 3
32 43 7
41 44 4
41 45 2
12 46 9
34 47 3
22 48 83
32 49 6
15 50 2
46 51 8
41 52 5
39 53 10
26 54 1
41 55 3
21 56 4
46 57 6
56 58 4
47 59 9
18 60 1
48 61 5
37 62 5
51 63 6
62 64 10
36 65 6
41 66 5
34 67 3
60 68 2
46 69 6
14 70 7
17 71 93
2 72 10
66 73 9
52 74 5
65 75 5
32 76 3
75 77 1
50 78 1
16 79 3
65 80 2
39 81 3
79 82 1
75 83 8
83 84 26
31 85 5
63 86 8
28 87 4
4 88 7
81 89 3
52 90 8
17 91 6
39 92 7
77 93 4
23 94 2
11 95 16
76 96 6
11 97 5
56 98 5
49 99 5
44 100 5
27 101 62
67 102 5
20 103 14
58 104 10
68 105 2
2 106 6
63 107 1
46 108 10
95 109 14
18 110 8
10 111 2
110 112 8
61 113 4
75 114 22
76 115 7
49 116 10
16 117 7
61 118 2
2 119 9
109 120 10
57 121 5
71 122 10
67 123 2
49 124 9
79 125 6
83 126 1
3 127 10
117 128 8
38 129 7
22 130 5
93 131 4
40 132 2
8 133 6
107 134 10
24 135 9
57 136 8
134 137 10
2 138 8
36 139 1
88 140 10
54 141 2
16 142 7
81 143 4
21 144 2
4 145 7
4 146 50
65 147 11
95 148 4
5 149 30
2 150 4
97 151 9
101 152 62
112 153 6
122 154 10
33 155 1
24 156 7
70 157 1
111 158 4
24 159 2
148 160 8
17 161 9
14 162 8
159 163 7
70 164 8
9 165 6
91 166 2
95 167 64
2 168 9
103 169 2
169 170 1
21 171 9
167 172 8
51 173 7
119 174 4
63 175 9
13 176 8
68 177 2
72 178 2
79 179 6
47 180 9
11 181 2
114 182 44
21 183 5
117 184 1
40 185 5
22 186 74
163 187 9
21 188 2
38 189 10
6 190 9
140 191 4
165 192 5
134 193 8
11 194 3
144 195 2
69 196 4
34 197 7
127 198 6
57 199 1
77 200 1
158 201 6
120 202 3
149 203 7
112 204 6
73 205 9
15 206 11
133 207 8
97 208 38
63 209 10
35 210 2
92 211 4
147 212 8
191 213 6
37 214 2
117 215 10
121 216 6
74 217 10
171 218 5
109 219 6
185 220 9
56 221 11
112 222 7
63 223 9
64 224 9
78 225 9
97 226 87
197 227 10
53 228 6
178 229 10
178 230 8
8 66 8
23 67 9
30 71 7
64 74 4
4 83 26
15 84 36
58 87 10
31 107 10
94 110 9
84 120 10
13 123 6
64 124 2
41 129 7
79 136 6
114 136 22
70 143 10
144 148 3
95 149 45
97 149 39
142 149 4
49 150 7
55 153 6
21 154 10
56 159 9
66 160 10
42 162 8
81 164 10
17 165 6
164 166 9
33 172 10
99 175 4
156 176 4
174 176 2
9 179 4
167 186 72
76 187 4
136 189 12
184 189 7
148 190 2
174 190 6
20 193 5
35 200 8
121 201 6
16 203 5
7 204 7
68 204 2
69 206 6
71 206 11
173 206 4
4 208 38
189 212 7
197 214 8
186 216 5
30 217 7
213 219 9
182 221 49
182 222 5
133 224 8
180 224 10
59 225 8
52 230 4
72 230 9
89 230 8
243 259 3
280 289 7
268 301 1
286 316 9
314 347 10
241 379 6
282 379 6
367 385 9
321 387 9
271 389 2
356 395 7
301 397 10
250 408 3
295 411 5
329 424 8
315 425 6
338 429 6
428 435 4
293 437 1
297 437 10
330 438 5
388 438 5
412 438 3
277 440 1
331 442 4
245 446 2
306 454 5
415 456 9
254 457 5
369 464 7
456 467 6
427 468 1
286 474 6
285 476 9
328 477 3
350 477 2
394 479 5
243 486 2
401 486 9
330 495 8
266 497 4
486 497 5
236 503 4
316 503 1
403 507 1
305 511 8
449 511 7
396 513 7
314 516 2
370 516 9
287 518 5
486 519 8
461 526 4
436 529 9
275 531 10
449 536 10
381 538 1
449 541 4
253 543 6
385 548 8
261 549 9
443 549 3
447 549 3
504 553 5
273 555 8
292 556 8
326 556 2
462 556 4
450 557 10
412 560 6
425 560 3
470 567 1
351 568 8
354 569 8
543 569 2
249 571 8
381 575 3
473 575 5
530 576 9
347 577 8
402 578 1
418 580 3
340 587 6
362 587 7
308 588 5
448 589 1
359 593 8
354 598 7
454 598 10
267 599 7
400 599 10
555 601 4
427 606 10
18 77 230 15 11 34 75 52 76 97 36 7 58 204 28 32 40 72 31 39 14 22
1 22 3
6 37 96
6 226 87
1 103 14
9 151 9
9 147 16
8 20 17
6 152 62
9 146 50
7 221 60
1 71 99
3 48 83
4 162 3
8 48 60
8 5 45