609 610 68 5 13
1 2 73
2 3 6
1 4 70
2 5 6
4 6 70
6 7 14
7 8 21
2 9 48
8 10 3
6 11 47
1 12 26
1 13 29
2 14 9
1 15 11
9 16 10
7 17 9
11 18 33
5 19 3
14 20 10
4 21 35
19 22 10
10 23 7
14 24 9
22 25 5
17 26 15
20 27 1
8 28 5
20 29 3
8 30 10
14 31 8
9 32 1
25 33 4
13 34 7
17 35 7
18 36 35
3 37 8
24 38 7
36 39 77
25 40 4
36 41 3
37 42 8
36 43 44
38 44 4
40 45 10
10 46 3
42 47 3
41 48 2
19 49 7
47 50 8
15 51 4
26 52 10
11 53 71
13 54 9
14 55 1
2 56 7
21 57 35
30 58 5
18 59 4
56 60 9
23 61 6
10 62 9
40 63 4
20 64 2
41 65 8
50 66 9
26 67 15
19 68 7
57 69 35
16 70 10
69 71 10
44 72 10
28 73 4
70 74 7
70 75 10
7 76 10
75 77 7
31 78 1
62 79 10
32 80 2
39 81 10
33 82 4
80 83 4
67 84 5
24 85 7
29 86 8
71 87 7
68 88 4
35 89 1
39 90 77
54 91 1
40 92 5
75 93 1
48 94 7
65 95 9
8 96 9
23 97 8
85 98 6
55 99 4
88 100 5
27 101 5
10 102 7
43 103 43
27 104 8
48 105 6
38 106 3
61 107 10
26 108 6
102 109 3
75 110 11
95 111 2
45 112 9
20 113 6
47 114 3
114 115 8
11 116 65
47 117 1
13 118 3
45 119 3
110 120 11
69 121 38
3 122 9
49 123 2
113 124 5
11 125 10
62 126 1
113 127 5
69 128 6
80 129 7
104 130 7
94 131 10
5 132 1
116 133 5
88 134 1
112 135 9
25 136 6
133 137 5
9 138 7
7 139 14
17 140 6
115 141 8
63 142 9
5 143 4
104 144 3
68 145 2
140 146 6
40 147 7
137 148 4
9 149 3
19 150 9
140 151 6
104 152 8
77 153 9
12 154 2
143 155 2
94 156 4
146 157 10
43 158 75
107 159 5
44 160 2
159 161 6
61 162 6
154 163 3
120 164 2
67 165 7
40 166 9
60 167 10
26 168 2
28 169 1
46 170 7
5 171 1
9 172 48
59 173 4
99 174 2
166 175 9
15 176 2
93 177 6
7 178 3
175 179 9
116 180 70
32 181 5
7 182 10
142 183 10
140 184 3
160 185 4
78 186 10
155 187 5
145 188 2
147 189 2
49 190 2
109 191 8
18 192 10
182 193 4
113 194 3
141 195 5
26 196 9
2 197 43
124 198 4
134 199 7
68 200 8
72 201 10
41 202 10
71 203 2
202 204 10
196 205 8
50 206 7
103 207 4
156 208 6
71 209 1
35 210 12
87 211 9
179 212 6
67 213 8
195 214 7
179 215 2
180 216 77
84 217 11
197 218 9
207 219 7
182 220 9
6 221 1
115 222 6
137 223 2
125 224 8
141 225 7
222 226 10
43 227 6
48 228 1
156 229 7
117 230 5
61 231 10
223 232 5
11 233 6
177 234 1
197 235 8
42 236 7
172 237 9
101 238 7
210 239 4
236 240 9
26 241 5
53 242 75
151 243 1
188 244 6
72 245 4
20 246 9
135 247 1
161 248 4
86 249 3
145 250 7
30 251 2
167 252 1
48 253 7
231 254 2
188 255 4
137 256 6
186 257 3
225 258 17
41 259 10
120 260 3
150 261 10
93 262 2
64 263 6
258 264 17
140 265 3
81 266 8
263 267 1
18 268 4
61 269 9
245 270 4
71 271 4
5 272 3
168 273 4
70 274 5
111 275 3
231 276 7
196 277 1
259 278 8
9 279 6
4 280 3
92 281 10
240 282 9
268 283 6
276 284 3
277 285 6
66 286 10
110 287 8
231 288 2
123 289 9
191 290 4
201 291 2
41 292 4
13 293 6
64 294 7
28 295 2
100 296 6
223 297 2
67 298 44
290 299 9
250 300 3
120 301 10
168 302 2
69 303 6
273 304 9
31 305 10
294 306 3
144 307 1
78 308 6
86 309 9
38 310 8
83 311 2
294 312 7
140 313 9
253 314 5
15 315 11
86 316 8
160 317 2
261 318 9
243 319 9
288 320 8
266 321 5
62 322 9
168 323 8
180 324 2
320 325 5
12 326 8
80 327 7
162 328 8
114 329 1
229 330 7
182 331 3
201 332 9
43 333 7
212 334 7
214 335 1
164 336 10
75 337 11
302 338 6
162 339 2
118 340 7
253 341 5
328 342 1
166 343 3
99 344 8
125 345 5
269 346 8
235 347 1
227 348 6
200 349 9
189 350 10
172 351 10
112 352 10
37 353 4
91 354 4
42 355 2
169 356 2
272 357 10
116 358 4
25 359 9
147 360 10
186 361 3
344 362 7
256 363 5
362 364 8
115 365 10
35 366 6
157 367 10
277 368 6
40 369 4
65 370 4
268 371 4
135 372 1
188 373 8
31 374 5
334 375 2
57 376 4
287 377 5
144 378 9
191 379 2
226 380 10
334 381 5
121 382 38
197 383 3
169 384 5
186 385 10
380 386 4
91 387 10
363 388 5
358 389 5
92 390 2
319 391 2
78 392 8
347 393 8
321 394 1
243 395 3
84 396 2
191 397 7
119 398 7
124 399 5
186 400 6
246 401 8
212 402 5
234 403 5
49 404 1
400 405 4
86 406 3
104 407 10
349 408 6
301 409 3
360 410 8
110 411 4
82 412 4
232 413 8
318 414 5
385 415 10
252 416 4
204 417 5
217 418 10
127 419 4
314 420 9
418 421 10
288 422 8
31 423 3
402 424 6
82 425 5
63 426 10
275 427 2
306 428 3
43 429 3
253 430 8
377 431 1
112 432 9
405 433 1
323 434 9
259 435 2
301 436 7
337 437 9
325 438 3
321 439 1
153 440 4
401 441 9
230 442 10
405 443 6
213 444 6
156 445 2
12 446 17
256 447 5
226 448 10
36 449 10
135 450 3
130 451 5
69 452 6
29 66 7
50 78 4
1 91 1
44 97 10
12 107 9
77 114 2
46 123 3
27 127 10
115 127 3
27 131 7
119 139 8
56 141 7
3 151 7
146 153 1
96 164 9
36 169 10
27 170 5
106 172 48
170 173 4
106 179 9
18 181 6
94 189 7
135 193 2
186 195 10
103 197 43
18 202 2
66 204 7
188 204 6
200 206 7
97 209 7
13 210 10
95 214 1
175 218 5
101 225 12
192 228 5
87 232 8
230 235 5
20 236 7
34 238 7
44 244 10
72 254 8
131 254 4
30 255 1
148 265 3
169 276 5
138 282 10
263 283 3
259 284 10
26 291 4
125 301 10
161 301 4
114 303 9
205 303 3
38 306 6
8 311 5
87 313 8
313 318 7
217 319 4
30 328 9
193 328 7
168 329 9
221 333 2
90 336 10
315 337 11
204 339 9
256 344 8
325 344 5
340 346 10
158 348 75
147 354 3
139 360 5
317 360 5
30 361 7
314 361 7
53 365 9
8 366 21
167 367 4
305 371 9
125 372 1
304 372 10
29 375 1
57 378 1
45 381 6
346 383 5
86 384 2
199 385 9
142 387 5
335 387 4
134 391 2
62 393 6
24 395 3
240 396 7
320 396 5
23 397 6
267 399 6
171 400 10
223 400 5
23 405 8
100 406 4
171 406 8
229 406 7
394 407 6
38 410 5
82 413 9
52 415 4
54 421 10
87 423 4
284 428 5
243 432 2
209 434 2
139 446 17
263 449 1
159 451 10
454 470 6
486 489 2
467 490 2
461 497 10
487 502 4
487 516 2
460 519 1
519 522 10
478 526 3
480 527 3
492 537 3
471 538 5
530 538 2
477 540 3
522 542 2
461 544 4
472 544 1
464 545 4
528 550 7
544 550 1
531 551 5
526 552 8
480 558 8
510 559 5
540 561 3
523 563 4
548 563 2
558 564 4
515 567 9
479 568 10
477 573 2
502 573 8
473 574 1
558 577 5
512 578 8
508 579 9
517 587 5
525 592 8
486 594 4
561 594 4
515 597 4
595 599 2
490 602 1
524 602 5
502 604 7
538 606 6
10 180 106 301 95 232 144 19 147 54 320 31 328 243 4 104 127 325 387 141 7 80 77 29 344 42 334 217 166 263 61 67 50 37 240 107 65 145 38 57 167 86 188 321 210 160 318 66 6 35 25 201 63 91 171 151 146 385 103 156 17 230 153 182 226 82 44 56
5 298 44
4 264 17
5 232 9
5 242 75
1 348 81
4 40 9
3 172 62
2 216 77
5 90 87
1 84 13
1 106 55
1 366 26
3 382 38