607 688 56 11 22
1 2 42
2 3 10
2 4 23
2 5 10
2 6 26
6 7 45
4 8 16
6 9 6
7 10 9
1 11 42
7 12 9
4 13 8
13 14 8
1 15 16
11 16 9
10 17 5
16 18 21
1 19 42
15 20 9
8 21 9
12 22 3
4 23 22
9 24 10
23 25 12
13 26 10
8 27 22
9 28 18
27 29 7
21 30 9
11 31 28
14 32 10
7 33 5
12 34 10
1 35 9
18 36 21
23 37 10
14 38 9
4 39 6
29 40 4
7 41 7
37 42 9
36 43 6
12 44 12
5 45 2
5 46 6
18 47 10
14 48 7
44 49 29
7 50 23
21 51 5
4 52 6
28 53 3
37 54 9
23 55 10
54 56 7
15 57 2
11 58 5
2 59 6
11 60 10
48 61 5
41 62 5
38 63 8
45 64 3
55 65 1
16 66 7
28 67 18
4 68 4
46 69 6
1 70 16
9 71 3
25 72 20
37 73 6
41 74 14
6 75 27
52 76 4
31 77 27
76 78 3
2 79 2
78 80 6
1 81 47
21 82 6
3 83 6
11 84 9
40 85 44
10 86 6
4 87 2
67 88 10
61 89 1
85 90 9
58 91 4
31 92 8
17 93 1
23 94 20
11 95 3
36 96 5
67 97 10
74 98 8
22 99 9
14 100 10
55 101 3
59 102 5
50 103 5
6 104 8
96 105 1
31 106 4
50 107 28
40 108 20
3 109 4
69 110 5
100 111 6
55 112 13
42 113 7
43 114 10
31 115 31
96 116 9
2 117 8
27 118 6
79 119 7
82 120 10
117 121 6
74 122 22
6 123 36
56 124 10
115 125 9
108 126 18
106 127 9
17 128 7
67 129 22
77 130 37
47 131 18
58 132 6
2 133 1
64 134 7
58 135 7
107 136 5
97 137 4
54 138 13
131 139 31
5 140 8
20 141 6
90 142 2
64 143 10
10 144 10
49 145 3
44 146 24
87 147 7
66 148 10
136 149 8
59 150 11
96 151 9
55 152 10
59 153 3
88 154 10
15 155 1
93 156 4
37 157 7
104 158 7
93 159 14
125 160 7
140 161 6
76 162 10
54 163 6
21 164 7
94 165 4
149 166 2
160 167 2
98 168 9
141 169 9
139 170 31
54 171 13
38 172 7
8 173 44
64 174 7
160 175 9
148 176 2
73 177 2
79 178 9
98 179 3
25 180 28
155 181 4
146 182 24
113 183 2
113 184 6
1 185 10
105 186 10
162 187 5
75 188 41
101 189 3
182 190 9
75 191 7
173 192 22
90 193 10
18 194 5
9 195 1
99 196 8
98 197 10
75 198 10
16 199 13
170 200 29
91 201 8
106 202 9
50 203 4
161 204 4
154 205 8
99 206 4
80 207 10
95 208 10
172 209 7
63 210 5
19 211 42
80 212 13
53 213 6
149 214 7
138 215 5
196 216 6
107 217 10
176 218 3
102 219 3
159 220 8
34 221 7
158 222 6
57 223 7
5 224 10
72 225 20
112 226 7
214 227 8
206 228 9
94 229 6
115 230 8
214 231 8
63 232 7
221 233 4
63 234 5
149 235 6
214 236 2
51 237 4
198 238 5
70 239 16
223 240 9
59 241 2
3 242 10
220 243 15
116 244 8
7 245 16
47 246 2
245 247 5
119 248 9
8 249 9
129 250 5
196 251 3
51 252 8
151 253 6
28 254 1
128 255 3
116 256 2
187 257 10
196 258 5
160 259 4
83 260 3
255 261 5
23 262 8
73 263 6
41 264 3
24 265 10
121 266 9
251 267 2
69 268 10
94 269 9
141 270 1
106 271 10
108 272 9
107 273 6
212 274 7
25 275 7
263 276 5
211 277 3
72 278 6
191 279 2
64 280 1
199 281 7
154 282 10
269 283 3
222 284 4
171 285 18
40 286 10
45 287 5
25 288 2
185 289 1
45 290 10
126 291 9
268 292 14
79 293 2
284 294 10
239 295 3
280 296 9
231 297 8
271 298 3
206 299 6
203 300 7
62 301 4
103 302 10
104 303 1
7 304 5
153 305 5
221 306 1
295 307 5
122 308 7
157 309 4
227 310 8
165 311 6
220 312 15
312 313 9
264 314 5
222 315 8
15 316 7
42 317 2
87 318 2
39 319 2
147 320 10
161 321 9
266 322 4
166 323 9
36 324 28
318 325 4
132 326 6
246 327 10
299 328 5
141 329 8
188 330 41
280 331 5
50 332 6
318 333 1
133 334 2
126 335 9
269 336 9
23 337 3
240 338 8
81 339 48
104 340 4
174 341 10
178 342 3
321 343 7
81 344 31
38 345 4
327 346 10
334 347 2
97 348 1
11 349 23
106 350 5
267 351 10
59 352 10
114 353 8
353 354 8
40 355 43
1 356 5
268 357 10
175 358 4
261 359 7
37 360 7
125 361 5
240 362 2
181 363 10
192 364 22
36 365 7
197 366 8
37 367 10
55 368 9
216 369 6
52 370 3
71 371 9
189 372 7
237 373 2
14 374 9
238 375 2
10 376 8
84 377 6
221 378 10
364 379 9
307 380 4
41 381 3
231 382 7
212 383 5
252 384 1
275 385 2
236 386 2
248 387 6
349 388 23
241 389 2
12 390 5
67 391 6
5 392 4
80 393 1
198 394 2
281 395 3
169 396 10
48 397 9
8 398 7
393 399 5
271 400 4
291 401 5
257 402 10
157 403 7
53 404 44
345 405 6
269 406 7
242 407 1
207 408 10
6 409 42
24 410 8
38 411 7
2 412 4
181 413 1
213 414 8
13 415 1
212 416 45
163 417 7
193 418 9
290 419 8
27 420 22
272 421 8
41 422 8
235 423 4
340 424 2
178 425 3
310 426 8
368 427 4
215 428 2
99 429 11
1 430 5
147 431 7
169 432 10
334 433 8
19 434 5
249 435 2
233 436 5
349 437 9
384 438 1
122 439 34
325 440 4
32 441 8
149 442 9
216 443 7
83 444 9
355 445 43
249 446 5
108 447 20
315 448 7
277 449 10
241 450 9
126 451 3
88 452 8
433 453 2
18 454 2
335 455 6
168 456 2
42 457 11
75 458 2
353 459 7
416 460 45
381 461 8
84 462 14
96 463 5
443 464 2
28 465 9
227 466 10
142 467 7
291 468 9
192 469 2
344 470 31
455 471 9
21 472 3
269 473 6
12 474 1
148 475 2
419 476 1
168 477 9
439 478 47
225 479 10
245 480 4
135 481 5
87 482 8
215 483 2
406 484 2
407 485 10
120 486 9
418 487 4
124 488 2
47 489 7
396 490 3
272 491 4
107 492 33
448 493 13
243 494 5
489 495 6
486 496 3
83 497 4
38 498 5
243 499 8
478 500 44
456 501 3
267 502 3
393 503 3
231 504 4
238 505 9
183 506 2
372 507 9
450 508 6
59 509 7
62 510 7
123 511 8
238 512 3
223 513 4
66 514 5
439 515 10
41 516 7
483 517 1
56 518 1
453 519 8
436 520 6
427 521 6
430 522 5
522 523 10
285 524 6
373 525 3
157 526 8
5 527 9
428 528 7
43 529 3
486 530 3
496 531 7
6 43 10
40 55 23
38 60 10
11 85 44
67 91 4
12 97 3
91 103 8
66 112 6
25 130 42
17 136 7
95 141 3
138 152 13
46 154 6
30 160 4
112 171 13
34 174 5
149 184 8
170 193 9
77 200 29
35 201 1
161 201 3
71 203 4
109 205 7
130 211 42
159 212 14
197 212 19
71 214 10
87 224 5
159 230 9
80 232 3
168 234 6
53 238 8
80 242 10
182 243 15
99 245 6
218 245 1
39 255 9
129 264 7
245 268 10
91 284 4
102 285 8
200 297 8
84 300 7
18 302 10
120 303 1
76 308 6
175 311 7
301 313 4
286 315 3
126 320 10
48 328 5
131 328 10
1 336 9
123 339 36
87 350 5
21 351 8
136 351 2
229 352 6
2 353 1
252 354 5
15 357 8
274 357 7
144 359 6
182 364 22
329 370 7
26 371 6
115 372 31
194 373 1
350 375 6
58 377 7
222 380 4
285 388 23
96 389 5
128 389 6
145 392 9
39 393 8
132 394 8
16 403 9
53 409 42
147 410 3
180 411 28
193 411 9
271 411 28
127 413 9
77 415 28
324 415 28
14 422 8
275 426 8
42 429 1
150 429 11
199 439 13
316 442 9
48 443 10
263 443 6
9 445 43
441 445 10
85 446 4
200 446 1
283 446 5
118 447 9
269 447 6
312 447 15
225 448 20
305 449 6
100 451 1
47 452 8
16 453 4
11 457 16
330 460 41
214 461 5
268 462 14
310 468 9
49 470 29
199 470 2
423 472 10
372 474 31
120 477 4
239 480 16
292 480 14
295 480 4
420 480 22
261 481 6
212 482 6
341 484 5
24 485 7
398 486 4
93 493 13
369 495 7
152 500 23
329 500 8
358 500 10
437 501 9
314 503 10
315 505 7
405 512 6
247 516 2
466 516 6
75 518 5
381 518 3
161 520 5
535 550 2
535 555 10
533 559 8
548 565 2
533 569 2
539 574 2
556 575 8
541 578 10
548 578 2
577 581 10
584 586 9
533 593 10
562 595 9
541 597 10
597 600 8
591 601 10
544 603 8
547 603 6
147 116 125 148 129 97 25 83 275 76 389 261 87 41 63 212 94 28 263 9 93 122 120 516 280 12 77 34 14 223 100 349 197 267 500 198 252 182 11 23 215 138 174 480 44 4 24 136 69 243 268 447 39 96 74 15
7 85 36
7 271 38
8 131 49
6 460 85
2 492 33
2 182 49
10 20 13
8 420 42
7 339 83
7 474 30
4 15 23
5 457 26
6 404 44
1 36 26
1 474 20
2 408 10
4 152 3
8 478 90
3 94 58
4 470 58
11 173 65
10 67 54