606 368 51 14 16
1 2 72
2 3 1
1 4 7
4 5 6
2 6 35
1 7 19
2 8 5
5 9 2
7 10 8
7 11 1
2 12 4
12 13 4
2 14 68
11 15 7
1 16 35
4 17 4
12 18 3
4 19 10
16 20 9
17 21 6
8 22 5
5 23 3
6 24 8
13 25 10
13 26 5
1 27 2
27 28 10
18 29 3
11 30 1
1 31 74
13 32 59
30 33 6
28 34 12
34 35 12
8 36 8
27 37 9
3 38 10
38 39 6
37 40 3
28 41 35
29 42 4
2 43 3
41 44 3
38 45 5
44 46 4
16 47 8
40 48 9
9 49 9
24 50 8
45 51 10
10 52 5
19 53 7
22 54 8
31 55 21
9 56 9
32 57 4
42 58 12
56 59 2
33 60 5
50 61 1
20 62 6
27 63 1
22 64 9
61 65 7
55 66 9
65 67 5
38 68 9
40 69 8
67 70 6
31 71 18
10 72 3
52 73 8
50 74 2
68 75 6
3 76 6
25 77 22
65 78 5
24 79 2
72 80 7
55 81 8
68 82 10
64 83 6
16 84 9
60 85 1
76 86 6
2 87 2
49 88 10
25 89 10
86 90 74
6 91 5
6 92 35
31 93 5
50 94 8
58 95 12
19 96 4
29 97 4
17 98 1
62 99 9
85 100 3
41 101 42
49 102 6
94 103 17
99 104 9
82 105 10
103 106 9
18 107 4
31 108 7
75 109 6
83 110 74
16 111 36
55 112 8
111 113 75
93 114 4
74 115 3
84 116 6
82 117 2
11 118 5
111 119 3
33 120 2
110 121 10
83 122 76
94 123 3
17 124 10
87 125 9
59 126 8
7 127 9
6 128 43
98 129 4
39 130 5
60 131 2
82 132 7
92 133 79
89 134 19
110 135 57
108 136 8
132 137 4
63 138 6
52 139 3
28 140 4
109 141 2
80 142 3
78 143 3
85 144 6
58 145 1
116 146 3
109 147 24
44 148 10
29 149 4
51 150 5
92 151 8
24 152 6
73 153 8
90 154 48
135 155 18
50 156 2
50 157 4
89 158 9
44 159 10
146 160 1
75 161 8
22 162 2
154 163 12
120 164 7
146 165 2
42 166 5
75 167 1
9 168 1
147 169 24
85 170 8
109 171 9
110 172 5
138 173 7
163 174 9
132 175 4
4 176 7
80 177 6
41 178 8
55 179 2
49 180 9
58 181 7
146 182 4
172 183 6
57 184 7
93 185 4
117 186 1
60 187 10
128 188 1
135 189 83
143 190 4
113 191 6
98 192 4
171 193 5
126 194 5
49 195 1
168 196 7
6 197 10
173 198 9
176 199 10
1 200 40
3 201 10
31 202 74
70 203 2
120 204 7
70 205 3
158 206 3
143 207 2
70 208 49
79 209 8
8 210 1
187 211 2
150 212 9
4 10 3
16 30 6
15 39 4
2 41 7
51 56 18
7 59 19
32 70 49
63 78 10
84 85 1
47 91 4
55 94 21
14 106 9
6 111 35
110 113 82
14 118 19
25 119 3
44 120 8
96 126 9
101 128 8
38 129 4
102 129 1
24 131 10
103 132 8
51 133 13
118 134 19
84 135 18
99 136 8
94 142 8
66 143 2
149 152 8
109 154 36
71 155 18
85 156 2
91 157 5
11 162 6
35 163 12
95 163 12
143 172 2
152 172 6
116 175 2
8 178 5
153 178 9
165 179 2
92 180 9
19 183 4
67 186 1
67 187 4
117 191 6
190 193 3
69 195 4
121 196 2
168 197 3
145 198 6
86 202 74
158 208 10
200 208 40
32 209 2
132 210 8
53 211 4
217 248 5
261 268 6
215 286 4
275 289 4
278 299 7
244 316 2
294 317 3
223 325 10
336 339 5
283 345 1
233 350 1
277 350 8
275 358 10
251 371 1
356 371 2
293 372 7
216 374 9
373 394 3
300 397 5
284 398 9
298 402 10
314 403 8
286 409 4
298 420 8
246 421 3
408 426 4
294 427 8
372 431 7
352 433 7
285 436 2
416 440 2
272 447 2
229 450 3
386 458 10
454 458 3
441 462 9
299 465 2
224 468 9
225 472 5
301 475 5
386 476 3
276 485 5
352 488 5
244 491 9
329 492 1
370 492 7
457 492 3
303 494 8
352 495 7
240 498 4
269 498 5
371 498 6
291 514 4
421 515 10
320 516 8
340 516 2
509 516 7
294 518 9
300 518 6
410 521 9
369 523 1
435 523 6
322 526 4
498 526 9
477 536 4
412 537 8
397 538 7
450 539 1
351 540 8
363 544 7
494 545 2
250 554 8
321 562 6
324 562 10
305 563 1
545 565 2
499 568 1
420 572 6
450 572 6
279 574 2
483 576 1
435 577 7
468 577 2
569 579 1
285 582 8
565 583 6
323 584 4
535 594 2
283 595 8
217 599 7
491 599 2
224 601 9
347 601 3
535 601 2
374 603 10
350 604 10
377 605 10
321 606 7
117 92 50 3 56 9 44 33 7 116 103 19 38 91 111 80 110 16 132 84 52 120 29 63 152 168 187 82 42 89 143 126 85 24 113 59 30 109 12 65 51 13 5 178 158 17 4 68 8 28 94
5 2 2
3 14 58
11 32 98
14 59 38
12 122 36
13 189 83
10 122 76
5 90 95
9 113 18
8 169 24
11 111 2
8 133 92
8 146 5
6 77 22
13 128 43
8 101 42