601 625 49 4 12
1 2 101
2 3 5
2 4 2
2 5 28
3 6 5
5 7 7
5 8 47
7 9 7
7 10 8
4 11 8
9 12 4
2 13 91
5 14 10
8 15 44
9 16 9
9 17 47
13 18 49
13 19 2
12 20 8
16 21 7
12 22 9
10 23 5
9 24 37
14 25 2
5 26 2
15 27 43
3 28 3
8 29 4
8 30 12
6 31 1
10 32 6
5 33 3
21 34 4
28 35 2
9 36 8
9 37 7
7 38 9
9 39 6
29 40 4
14 41 3
28 42 16
4 43 2
21 44 2
41 45 8
45 46 37
38 47 3
7 48 5
37 49 2
28 50 10
47 51 7
51 52 2
44 53 8
2 54 11
32 55 3
42 56 17
28 57 7
44 58 2
54 59 10
17 60 49
14 61 6
19 62 8
28 63 7
5 64 48
5 65 6
26 66 36
59 67 6
35 68 9
58 69 6
14 70 8
64 71 48
58 72 9
58 73 4
28 74 3
1 75 103
13 76 4
53 77 10
28 78 4
69 79 8
5 80 5
46 81 5
50 82 6
32 83 10
25 84 9
12 85 6
34 86 7
58 87 8
46 88 34
15 89 83
82 90 1
12 91 6
86 92 7
65 93 3
77 94 6
64 95 9
92 96 4
93 97 10
89 98 3
37 99 8
6 100 4
75 101 44
89 102 9
67 103 7
48 104 7
90 105 10
32 106 5
12 107 7
106 108 1
76 109 7
65 110 17
61 111 3
59 112 7
17 113 49
4 114 7
15 115 36
43 116 5
28 117 5
109 118 9
14 119 4
26 120 1
53 121 7
35 122 6
88 123 44
50 124 2
32 125 2
89 126 5
121 127 10
108 128 7
96 129 1
108 130 8
69 131 6
65 132 6
83 133 7
114 134 5
74 135 1
91 136 3
27 137 27
6 138 7
6 139 7
10 140 8
78 141 2
138 142 9
42 143 6
123 144 2
27 145 43
140 146 1
77 147 1
114 148 7
10 149 8
49 150 10
135 151 4
20 152 6
66 153 21
74 154 4
4 155 9
20 156 5
155 157 9
60 158 34
106 159 3
134 160 3
28 161 3
46 162 9
12 163 6
43 164 3
33 165 3
11 166 3
14 167 10
104 168 10
118 169 3
150 170 3
156 171 1
41 172 10
14 173 3
162 174 3
96 175 39
92 176 5
13 177 42
128 178 5
36 179 5
44 180 10
177 181 43
47 182 1
63 183 5
27 184 9
85 185 3
138 186 4
16 187 9
132 188 36
68 189 2
163 190 2
164 191 9
122 192 6
69 193 5
88 194 3
134 195 1
101 196 10
71 197 9
142 198 10
75 199 55
94 200 9
164 201 3
152 202 1
155 203 2
195 204 8
187 205 7
60 206 6
76 207 6
26 208 1
9 209 3
59 210 3
132 211 3
9 212 10
208 213 1
170 214 2
167 215 18
39 216 2
116 217 6
192 218 1
192 219 3
143 220 7
137 221 4
69 222 9
195 223 6
107 224 71
90 225 10
112 226 8
146 227 4
12 228 10
193 229 5
77 230 5
141 231 2
23 232 4
27 233 10
131 234 2
74 235 6
5 236 12
215 237 9
12 238 8
217 239 2
195 240 6
153 241 9
227 242 4
104 243 10
2 244 4
54 245 10
192 246 7
228 247 3
18 248 49
179 249 8
185 250 8
238 251 9
45 252 7
86 253 2
147 254 6
46 255 9
203 256 3
101 257 44
184 258 9
1 259 5
138 260 49
20 261 7
258 262 8
113 263 48
227 264 6
109 265 9
180 266 2
83 267 6
15 268 81
179 269 11
96 270 39
199 271 58
48 272 4
92 273 6
114 274 9
35 275 1
112 276 6
55 277 10
100 278 4
244 279 9
79 280 7
14 281 10
153 282 21
106 283 2
99 284 5
228 285 9
223 286 3
78 287 5
171 288 7
91 289 1
227 290 8
14 291 1
183 292 2
161 293 58
237 294 7
215 295 11
96 296 8
102 297 9
113 298 10
209 299 3
231 300 7
91 301 9
237 302 21
40 303 3
7 304 7
53 305 5
65 306 17
246 307 6
82 308 10
90 309 3
161 310 3
198 311 7
232 312 5
34 313 10
129 314 9
60 315 3
18 316 8
68 317 7
136 318 4
201 319 7
12 320 1
59 321 6
32 322 4
8 323 28
136 324 2
163 325 5
30 326 12
50 327 27
98 328 6
146 329 4
328 330 6
128 331 5
153 332 9
268 333 7
180 334 6
238 335 4
127 336 9
240 337 2
268 338 4
261 339 8
220 340 6
128 341 4
300 342 9
297 343 9
299 344 1
174 345 9
32 346 8
84 347 1
290 348 6
17 349 7
18 350 3
20 351 2
69 352 9
154 353 9
345 354 4
290 355 3
94 356 42
72 357 4
67 358 8
110 359 8
155 360 6
218 361 6
73 362 7
352 363 46
263 364 11
122 365 5
335 366 5
242 367 9
240 368 7
42 369 6
289 370 3
227 371 4
336 372 2
338 373 4
267 374 3
145 375 6
275 376 7
319 377 6
153 378 4
10 379 2
327 380 8
339 381 6
350 382 8
156 383 4
319 384 3
84 385 8
236 386 8
352 387 60
75 388 59
361 389 1
381 390 10
180 391 4
349 392 10
271 393 4
177 394 2
202 395 9
275 396 2
62 397 5
194 398 2
343 399 6
385 400 3
94 401 10
35 402 6
321 403 8
378 404 6
356 405 6
179 406 5
364 407 2
373 408 8
50 409 10
274 410 8
330 411 5
254 412 2
303 413 3
297 414 7
73 415 7
9 416 6
113 417 6
3 418 7
72 419 11
245 420 9
264 421 9
40 422 10
370 423 3
262 424 8
365 425 9
3 426 5
426 427 3
42 428 4
86 429 3
54 430 9
159 431 4
226 432 9
304 433 9
364 434 10
204 435 9
137 436 6
57 437 9
31 438 1
159 439 8
342 440 6
184 441 9
420 442 5
12 443 10
67 444 10
341 445 10
178 446 3
255 447 9
188 448 36
35 449 9
154 450 10
243 451 1
4 452 4
145 453 10
281 454 3
68 455 4
200 456 1
330 457 7
92 458 4
24 459 5
398 460 2
79 461 4
146 462 4
373 463 7
336 464 6
46 465 4
400 466 1
278 467 8
323 468 5
163 469 6
6 32 9
26 45 37
48 68 9
38 76 10
66 82 3
3 83 1
85 94 8
28 103 4
50 110 17
107 112 4
24 115 37
57 117 6
80 122 2
26 132 1
9 133 8
88 142 10
120 143 7
31 149 1
66 161 57
135 161 4
13 164 1
60 167 10
41 171 9
52 172 1
145 181 43
114 185 4
175 199 39
70 211 10
118 216 6
215 217 8
66 219 5
115 233 8
128 234 2
236 237 12
197 238 3
227 240 3
132 248 37
186 248 8
7 251 10
78 251 10
18 260 49
2 270 32
107 270 39
137 271 27
71 278 9
168 278 9
162 284 3
85 286 7
168 286 9
56 288 2
34 289 8
198 295 10
282 295 21
183 302 5
44 303 1
114 303 3
203 308 9
113 310 1
249 318 4
158 323 34
226 325 1
74 329 34
271 329 31
223 330 10
167 335 9
233 336 6
226 340 7
77 343 1
306 343 17
335 343 8
97 350 8
31 352 8
289 354 9
123 356 44
283 356 2
178 357 8
121 358 2
138 363 43
318 364 11
54 368 8
136 373 7
88 380 2
333 380 6
237 382 5
123 383 44
257 383 44
96 384 7
43 385 6
118 385 7
28 387 10
263 388 59
390 394 8
118 395 10
153 403 9
33 405 6
36 406 2
376 410 4
128 414 2
91 416 4
5 419 11
206 422 9
207 423 9
54 426 8
121 429 2
71 431 7
323 431 5
242 433 4
187 441 9
321 442 8
67 443 9
363 446 10
177 448 42
293 448 21
327 448 27
354 449 5
38 452 10
135 459 1
71 461 41
94 461 42
378 464 6
328 468 4
479 502 7
488 503 9
479 504 6
478 508 5
487 513 5
502 513 1
474 517 1
503 519 9
523 530 3
526 530 2
480 534 9
512 544 3
527 544 6
489 549 1
498 550 6
536 550 5
498 552 1
493 562 1
542 566 9
495 571 7
570 575 10
546 577 4
492 585 8
550 587 7
557 587 8
579 587 4
523 588 7
573 590 6
534 591 6
539 591 4
510 594 5
485 596 7
519 599 3
562 599 10
508 600 4
495 601 6
10 122 54 123 330 327 203 27 290 43 115 135 12 289 17 44 75 145 352 76 318 143 88 328 159 163 32 192 36 34 92 343 167 121 114 85 107 142 154 64 16 227 223 303 68 77 132 104 270
2 224 71
3 56 19
1 318 12
3 268 91
2 248 86
4 326 12
2 302 26
3 74 38
2 269 11
2 387 70
2 89 95
2 293 37