594 675 116 12 13
1 2 91
1 3 7
1 4 30
4 5 14
2 6 67
5 7 23
5 8 6
6 9 17
2 10 43
8 11 5
6 12 6
10 13 29
6 14 5
1 15 8
7 16 10
12 17 1
1 18 9
18 19 6
7 20 6
15 21 7
6 22 18
5 23 8
17 24 3
20 25 7
2 26 3
21 27 2
27 28 7
10 29 4
27 30 7
5 31 9
16 32 10
6 33 6
24 34 8
18 35 5
14 36 4
22 37 8
25 38 28
31 39 1
7 40 8
34 41 10
25 42 9
16 43 13
24 44 2
35 45 2
33 46 5
37 47 4
2 48 6
31 49 7
23 50 7
9 51 17
44 52 4
16 53 4
47 54 5
25 55 6
11 56 8
43 57 2
29 58 7
37 59 6
15 60 9
30 61 6
56 62 6
20 63 8
59 64 7
16 65 10
55 66 5
13 67 29
46 68 7
5 69 4
65 70 8
17 71 7
55 72 7
1 73 6
70 74 1
66 75 1
51 76 28
58 77 9
2 78 19
23 79 3
79 80 18
19 81 6
71 82 2
24 83 9
57 84 3
23 85 8
80 86 8
45 87 1
9 88 9
54 89 10
34 90 6
78 91 10
67 92 2
15 93 6
46 94 9
52 95 7
25 96 2
13 97 10
63 98 2
35 99 1
50 100 5
28 101 8
77 102 4
96 103 6
54 104 7
38 105 39
33 106 7
35 107 7
98 108 9
19 109 3
103 110 10
44 111 9
35 112 2
53 113 1
107 114 1
22 115 17
13 116 3
16 117 8
76 118 3
113 119 8
102 120 25
24 121 1
104 122 8
15 123 8
7 124 38
51 125 22
62 126 6
7 127 32
112 128 5
67 129 29
4 130 7
119 131 3
120 132 25
98 133 5
58 134 4
23 135 3
16 136 43
10 137 5
9 138 17
5 139 7
45 140 5
55 141 9
23 142 9
18 143 5
61 144 9
4 145 17
56 146 1
139 147 7
16 148 5
61 149 8
15 150 10
140 151 1
54 152 6
75 153 5
151 154 10
78 155 3
58 156 2
76 157 10
48 158 5
113 159 9
125 160 28
36 161 2
145 162 14
68 163 2
16 164 10
94 165 10
79 166 26
113 167 3
66 168 8
82 169 6
157 170 10
107 171 5
96 172 1
83 173 5
156 174 6
135 175 10
22 176 18
48 177 3
64 178 7
89 179 10
73 180 8
25 181 28
9 182 8
37 183 17
17 184 5
160 185 2
126 186 9
180 187 2
131 188 1
105 189 7
87 190 2
130 191 1
191 192 1
47 193 6
151 194 4
49 195 8
165 196 10
50 197 9
186 198 9
10 199 43
124 200 38
49 201 10
21 202 4
61 203 11
132 204 65
67 205 6
126 206 10
12 207 3
60 208 9
135 209 1
70 210 2
32 211 8
50 212 3
105 213 53
173 214 4
11 215 10
212 216 8
11 217 9
207 218 7
182 219 2
190 220 1
61 221 2
199 222 4
115 223 1
15 224 2
105 225 7
67 226 10
223 227 6
160 228 2
73 229 8
224 230 2
136 231 6
75 232 2
113 233 5
141 234 4
83 235 3
19 236 9
52 237 3
111 238 7
92 239 2
77 240 8
115 241 19
154 242 4
144 243 7
54 244 8
43 245 5
215 246 8
6 247 39
159 248 9
102 249 10
189 250 5
7 251 10
15 252 5
93 253 2
243 254 4
8 255 6
22 256 3
171 257 7
190 258 9
89 259 9
213 260 53
107 261 10
79 262 18
129 263 4
242 264 10
219 265 5
88 266 4
147 267 8
104 268 3
115 269 11
267 270 1
60 271 3
31 272 9
104 273 1
86 274 2
132 275 89
107 276 6
101 277 1
178 278 5
256 279 8
247 280 7
223 281 1
126 282 8
281 283 9
174 284 2
113 285 2
7 286 32
254 287 6
54 288 9
220 289 9
109 290 6
17 291 7
258 292 6
173 293 4
289 294 1
217 295 4
250 296 10
158 297 1
54 298 6
199 299 43
7 300 8
196 301 10
143 302 1
148 303 2
12 304 1
258 305 8
199 306 10
126 307 4
250 308 5
168 309 6
62 310 9
302 311 8
4 312 7
132 313 1
227 314 8
208 315 3
248 316 1
63 317 3
87 318 1
76 319 8
38 320 6
90 321 5
55 322 1
315 323 6
63 324 9
77 325 3
13 326 4
96 327 4
133 328 1
140 329 7
184 330 5
226 331 6
275 332 89
292 333 5
11 334 8
117 335 10
125 336 9
221 337 3
145 338 3
228 339 3
223 340 4
36 341 5
42 342 9
290 343 2
200 344 42
263 345 8
54 346 10
173 347 9
128 348 8
268 349 4
154 350 3
138 351 17
219 352 3
70 353 2
262 354 3
64 355 11
148 356 8
286 357 5
166 358 9
306 359 9
247 360 1
192 361 3
218 362 9
248 363 3
279 364 3
10 365 3
74 366 9
259 367 3
104 368 8
181 369 41
296 370 4
167 371 4
117 372 2
262 373 7
84 374 6
172 375 3
71 376 6
247 377 18
353 378 10
153 379 10
369 380 7
282 381 7
300 382 6
329 383 1
15 384 1
232 385 9
345 386 3
312 387 6
33 388 6
335 389 4
361 390 9
8 391 9
208 392 16
371 393 7
8 394 7
219 395 2
359 396 2
176 397 18
379 398 1
287 399 8
294 400 6
253 401 3
104 402 6
136 403 1
146 404 2
22 405 6
258 406 7
4 407 7
317 408 5
7 409 24
201 410 7
34 411 5
118 412 6
136 413 87
154 414 1
184 415 3
148 416 10
89 417 9
309 418 1
301 419 4
174 420 7
331 421 6
327 422 9
418 423 5
165 424 1
268 425 9
400 426 4
35 427 2
35 428 8
31 429 7
49 430 8
92 431 6
249 432 3
326 433 2
128 434 6
195 435 5
261 436 9
76 437 5
431 438 9
285 439 1
426 440 8
359 441 5
374 442 4
325 443 7
428 444 10
247 445 10
392 446 26
144 447 7
118 448 7
38 449 5
283 450 4
177 451 5
55 452 4
226 453 4
129 454 1
243 455 5
383 456 9
426 457 10
66 458 9
265 459 2
301 460 10
426 461 10
252 462 3
143 463 10
211 464 7
345 465 5
386 466 8
369 467 8
373 468 8
160 469 7
98 470 6
220 471 3
452 472 2
208 473 7
197 474 6
43 475 9
470 476 3
61 477 3
12 478 9
85 479 6
470 480 3
111 481 5
288 482 8
183 483 56
125 484 71
98 485 3
238 486 10
184 487 10
466 488 5
158 489 4
311 490 5
239 491 4
448 492 6
165 493 1
79 494 18
409 495 24
74 496 6
455 497 7
184 498 10
108 499 5
33 500 10
403 501 1
80 502 10
69 503 8
263 504 8
483 505 5
54 506 8
142 507 6
132 508 5
311 509 6
481 510 10
78 511 6
453 512 8
116 513 9
247 514 17
68 515 8
350 516 9
182 517 3
159 518 7
200 519 79
246 520 10
190 521 7
362 522 2
75 523 3
445 524 2
204 525 57
147 526 6
356 527 5
294 528 2
503 529 1
520 530 7
451 531 9
415 532 10
181 533 4
354 534 4
22 535 3
417 536 4
255 537 18
110 538 10
408 539 6
12 18 5
19 44 7
60 95 9
71 107 6
50 114 10
19 115 3
38 129 47
85 129 18
48 141 6
102 144 16
1 149 7
49 149 1
40 164 8
162 176 14
139 181 7
64 203 11
102 209 6
52 218 6
95 219 6
206 221 3
194 227 2
182 232 3
225 236 9
90 238 7
78 241 19
220 243 7
66 250 4
238 250 8
207 256 8
157 259 5
76 262 28
2 266 4
169 271 3
166 274 10
180 277 8
206 282 3
271 282 7
63 284 2
141 284 1
103 285 8
183 286 37
101 290 7
274 294 7
230 296 7
136 299 43
210 308 2
302 308 6
117 314 8
109 317 1
231 319 9
117 320 8
151 326 1
34 327 3
294 330 7
95 334 9
129 334 9
223 341 3
94 343 10
191 343 2
56 345 7
239 347 5
204 350 8
330 350 9
269 355 11
331 356 6
207 358 5
264 363 3
265 369 8
115 377 18
68 380 7
180 382 5
359 382 8
211 385 3
197 392 2
344 392 42
85 397 18
153 403 5
256 408 6
338 408 3
155 410 2
55 411 1
110 413 9
130 424 1
353 426 2
290 427 9
296 429 2
95 430 9
206 431 3
337 433 5
292 439 7
218 441 1
94 445 10
6 446 57
400 448 7
320 452 1
284 453 7
174 456 9
386 456 1
115 458 4
80 460 10
300 462 2
225 473 7
64 474 10
88 475 9
67 479 10
96 479 2
243 485 10
66 492 8
255 494 18
351 495 24
254 497 3
490 498 6
357 499 7
464 499 5
265 500 10
315 507 4
351 514 17
291 517 7
489 517 8
138 524 8
446 525 57
154 526 8
6 529 10
329 530 4
50 532 4
43 536 10
397 537 18
243 538 7
562 563 1
551 564 6
557 572 1
560 574 8
567 576 8
552 578 8
565 578 8
547 590 1
571 590 7
258 243 73 302 343 9 254 90 135 160 182 350 44 176 16 445 31 125 18 247 129 157 166 351 207 87 45 13 89 2 62 431 326 282 104 165 301 456 446 136 296 105 151 294 132 227 265 470 226 70 356 64 143 98 256 206 479 154 110 331 109 95 199 43 5 47 126 74 180 330 239 408 46 101 19 219 382 76 34 102 292 147 225 208 184 221 54 35 8 218 369 37 49 80 138 78 453 139 4 36 181 426 51 153 290 130 111 452 52 88 174 262 250 200 58 183
10 191 1
2 180 3
2 425 3
11 394 5
11 484 71
8 181 75
8 127 32
9 332 89
11 260 53
7 413 90
1 247 39
11 519 79
10 483 56