598 188 8 15 23
1 2 100
2 3 100
3 4 7
3 5 46
1 6 93
3 7 68
2 8 31
2 9 10
9 10 12
7 11 9
8 12 31
9 13 10
6 14 4
14 15 5
3 16 100
9 17 5
5 18 9
6 19 27
6 20 5
16 21 100
8 22 10
9 23 8
11 24 9
10 25 7
2 26 92
21 27 100
5 28 98
27 29 100
8 30 46
6 31 1
26 32 92
19 33 23
28 34 98
34 35 98
1 36 2
7 37 2
23 38 6
38 39 10
35 40 98
5 41 7
30 42 46
15 43 5
9 44 42
6 45 66
24 46 20
7 20 24
13 24 4
19 24 25
9 33 23
24 37 3
20 41 7
36 41 3
3 42 46
47 60 3
113 115 5
97 130 6
78 140 1
76 149 2
108 150 2
111 152 7
68 167 1
84 167 8
63 174 3
124 174 5
125 185 5
50 197 8
182 205 7
57 206 6
208 210 4
151 214 1
142 217 3
176 217 2
175 219 7
88 229 3
94 266 3
73 267 10
124 275 7
105 280 4
174 282 9
271 297 6
296 302 4
305 310 3
233 311 4
249 312 8
193 314 6
312 315 2
178 319 4
111 320 7
79 322 8
224 322 10
188 327 7
190 329 6
213 332 7
83 336 7
125 350 5
301 360 10
173 362 8
82 371 6
309 372 10
368 372 10
92 373 7
339 373 5
359 379 2
64 382 9
289 386 2
119 391 1
339 397 6
315 404 7
134 411 5
260 411 4
209 416 9
125 429 6
158 429 10
278 429 5
75 430 1
281 431 10
154 432 4
80 434 3
80 436 6
350 436 10
203 442 5
55 444 8
206 444 1
141 450 5
249 452 3
343 453 7
172 458 8
389 458 6
328 459 10
411 462 1
272 464 8
242 476 6
334 477 3
475 480 6
60 482 3
301 482 4
327 484 7
80 485 9
449 489 9
134 490 7
374 492 10
97 498 4
429 500 10
263 503 9
49 506 9
66 506 1
262 506 4
234 507 4
149 509 9
315 509 1
330 510 8
341 510 6
264 512 6
344 512 3
89 517 2
112 518 8
341 522 5
178 523 8
296 524 9
194 527 8
58 530 10
310 531 8
55 533 8
459 536 7
470 536 2
230 537 2
288 539 4
287 548 10
299 548 3
179 551 10
79 555 10
86 564 5
178 567 9
201 569 8
272 569 8
414 570 9
529 570 7
225 571 1
294 572 9
489 576 2
416 578 1
97 581 3
329 581 10
517 581 2
349 585 5
268 591 9
300 594 6
297 597 8
7 19 6 8 9 5 20 3
3 3 32
7 46 20
11 12 31
1 45 66
8 45 27
4 6 93
5 40 98
10 20 40
15 32 31
10 45 33
7 26 36
9 2 19
14 32 92
15 3 33
13 26 32
4 16 88
7 2 37
14 8 79
3 44 42
9 10 12
12 29 100
5 3 89
6 38 4