602 510 42 13 28
1 2 72
2 3 60
1 4 74
1 5 10
1 6 72
4 7 55
3 8 8
2 9 10
9 10 5
6 11 72
6 12 73
4 13 38
4 14 8
3 15 60
11 16 28
6 17 44
7 18 55
17 19 44
13 20 5
1 21 60
21 22 60
15 23 42
20 24 9
2 25 13
10 26 5
15 27 50
23 28 1
15 29 6
12 30 8
15 31 5
29 32 34
13 33 38
8 34 3
14 35 3
28 36 6
28 37 1
2 38 3
2 39 5
22 40 1
20 41 9
37 42 6
14 43 6
30 44 6
24 45 13
16 46 21
38 47 7
41 48 5
9 49 10
15 50 5
40 51 7
46 52 2
3 53 7
44 54 5
31 55 5
47 56 9
32 57 34
5 58 4
19 59 8
33 60 46
24 61 7
48 62 8
45 63 63
18 64 28
20 65 2
27 66 52
34 67 2
35 68 6
50 69 8
16 70 2
60 71 35
10 72 2
25 73 7
39 74 1
63 75 52
9 76 5
45 77 76
54 78 2
4 79 10
71 80 31
63 81 13
21 82 10
78 83 5
13 84 3
52 85 4
22 86 32
65 87 7
60 88 2
66 89 40
73 90 10
36 91 9
11 92 38
40 93 10
80 94 3
58 95 9
13 96 13
33 97 12
68 98 7
81 99 10
86 100 7
86 101 34
10 102 5
15 103 3
55 104 6
92 105 18
51 106 3
21 107 53
80 108 7
89 109 40
64 110 28
13 111 5
101 112 6
105 113 9
92 114 5
37 115 8
104 116 7
28 117 1
42 118 7
25 119 6
96 120 11
27 121 29
97 122 31
15 123 3
117 124 5
27 125 4
93 126 4
102 127 8
126 128 8
100 129 8
6 130 6
75 131 26
28 132 3
89 133 9
20 134 6
25 135 3
31 136 6
44 137 7
86 138 8
117 139 10
12 140 9
121 141 3
120 142 2
80 143 34
127 144 5
56 145 1
144 146 9
2 147 8
20 148 7
83 149 3
13 150 19
111 151 1
85 152 6
99 153 7
104 154 10
149 155 3
114 156 9
23 157 58
87 158 7
68 159 4
49 160 6
148 161 7
13 162 6
50 163 3
109 164 5
47 165 9
93 166 10
94 167 2
157 168 6
60 169 4
11 170 10
142 171 2
94 172 5
93 173 4
67 174 9
166 175 26
173 176 2
139 177 5
19 178 48
93 179 48
93 180 5
11 181 8
26 182 10
181 183 6
144 184 7
96 185 1
38 186 1
128 187 2
155 188 3
85 189 1
180 190 5
24 191 7
171 192 4
178 193 70
174 194 10
140 195 7
99 196 6
117 197 10
61 198 10
16 199 26
19 200 7
183 201 7
164 202 8
198 203 5
11 204 14
55 205 3
79 206 3
60 207 16
54 208 7
27 209 73
68 210 3
105 211 8
42 212 8
37 213 10
19 214 14
120 215 11
192 216 9
197 217 6
111 218 9
110 219 35
8 220 7
172 221 5
154 222 8
169 223 5
108 224 10
131 225 26
178 226 8
177 227 1
9 228 10
95 229 8
2 230 9
216 231 9
137 232 21
155 233 4
97 234 31
181 235 8
71 236 13
185 237 4
196 238 3
209 239 73
76 240 7
200 241 2
177 242 28
30 243 6
174 244 4
38 245 10
80 246 10
154 247 10
167 248 6
11 249 6
230 250 9
154 251 4
77 252 1
146 253 15
25 254 38
115 255 5
116 256 10
256 257 2
206 258 4
194 259 9
102 260 5
150 261 10
233 262 6
186 263 1
256 264 14
29 265 5
34 266 7
171 267 2
85 268 4
221 269 40
161 270 1
2 271 6
40 272 7
20 273 2
181 274 7
27 275 6
40 276 10
178 277 5
254 278 38
219 279 56
115 280 5
144 281 7
208 282 8
73 283 4
200 284 4
158 285 7
212 286 2
136 287 7
229 288 2
124 289 8
175 290 6
56 291 7
52 292 6
169 293 2
177 294 7
10 295 10
271 296 10
231 297 5
5 298 7
206 299 1
192 300 3
255 301 5
119 302 3
169 303 10
29 304 19
46 305 6
155 306 5
34 307 7
281 308 7
136 309 9
238 310 3
145 311 3
52 312 5
231 313 10
105 314 7
215 315 11
126 316 3
100 317 7
309 318 6
53 319 2
174 320 4
118 321 1
122 322 13
146 323 1
137 324 14
317 325 6
162 326 6
160 327 4
134 328 9
163 329 10
247 330 15
83 331 8
102 332 10
221 333 9
5 334 10
251 335 4
29 336 9
149 337 6
298 338 8
153 339 4
177 340 2
216 341 8
278 342 8
304 343 19
240 344 9
11 345 1
219 346 34
155 347 2
209 348 4
273 349 4
197 350 3
253 351 15
179 352 3
69 353 2
278 354 5
199 355 6
245 356 6
31 49 10
11 60 27
14 76 10
22 94 20
93 101 34
24 109 13
65 128 4
105 133 9
31 139 10
81 140 9
117 145 5
1 150 19
141 163 5
72 164 1
120 167 3
37 168 6
92 175 29
31 179 21
138 190 8
56 192 8
54 193 7
124 194 7
75 199 26
69 200 4
25 207 51
87 210 4
62 217 5
111 217 1
128 218 6
71 220 9
121 221 50
55 222 2
121 225 26
123 228 1
74 230 5
82 230 10
143 232 34
21 234 31
197 236 10
12 239 72
170 239 6
96 241 10
18 242 28
48 243 4
65 243 10
85 247 10
106 255 7
8 256 9
41 257 7
244 259 10
73 264 7
191 268 8
227 271 7
181 272 1
263 272 8
97 276 10
12 279 56
207 279 14
245 282 10
132 283 1
53 285 7
274 287 8
119 290 9
183 292 6
159 295 7
128 297 7
23 300 9
174 300 7
236 300 10
127 301 5
289 308 7
248 310 7
166 315 16
260 315 6
137 317 14
181 322 13
204 324 14
53 335 5
113 336 9
301 339 2
158 342 7
264 343 31
296 344 2
57 346 34
149 349 7
178 351 23
278 351 31
263 354 1
364 370 6
382 393 4
387 402 5
401 404 1
379 412 9
404 418 2
384 424 5
363 425 2
359 427 5
403 434 6
433 435 4
376 436 6
437 450 7
435 455 10
441 461 6
384 478 4
394 481 3
432 482 4
422 484 2
390 486 3
485 488 4
383 494 6
371 498 6
388 498 10
457 498 8
482 503 10
364 505 7
402 506 2
367 518 8
491 518 1
400 519 10
391 522 9
472 524 5
451 528 2
436 529 3
366 533 1
482 535 7
401 538 8
523 538 9
493 545 7
357 548 5
537 549 10
410 551 3
427 552 5
428 553 1
535 555 1
552 558 1
363 561 5
493 561 7
484 562 8
370 564 9
413 564 3
429 565 9
432 565 1
549 571 10
419 575 4
518 576 1
381 578 1
583 585 1
372 587 9
530 589 8
553 594 10
480 596 1
462 599 5
540 599 6
374 600 1
546 600 4
15 60 5 28 206 146 86 115 109 317 52 175 94 219 221 145 197 2 243 38 121 101 76 23 44 200 120 100 124 55 177 139 119 33 85 216 236 264 34 271 46 150
9 97 26
12 77 76
10 107 53
13 122 15
13 80 1
4 92 67
12 57 39
7 37 5
7 22 79
2 66 91
2 269 40
1 232 54
3 305 1
3 60 19
6 207 80
8 157 64
8 330 15
10 81 17
10 110 35
12 122 30
1 178 34
9 18 93
11 239 32
4 179 69
10 343 36
10 46 26
13 193 77
5 214 14