610 313 62 12 13
1 2 36
2 3 39
2 4 41
1 5 36
3 6 39
4 7 41
6 8 42
5 9 6
3 10 14
8 11 43
4 12 7
10 13 3
6 14 3
6 15 10
1 16 42
15 17 10
3 18 13
7 19 7
16 20 7
10 21 14
21 22 3
15 23 7
16 24 6
21 25 14
24 26 7
13 27 2
20 28 8
2 29 13
8 30 3
19 31 8
26 32 8
10 33 9
13 34 4
6 35 5
11 36 33
26 37 4
10 38 6
29 39 4
24 40 9
8 41 10
7 42 1
42 43 7
31 44 11
7 45 6
5 46 7
19 47 10
35 48 3
13 49 3
3 50 2
17 51 10
35 52 3
12 53 33
21 54 2
31 55 7
5 56 36
7 57 8
20 58 7
11 59 6
3 60 1
49 61 7
38 62 2
13 63 3
58 64 7
17 65 1
45 66 43
21 67 13
50 68 3
66 69 39
56 70 8
13 71 1
20 72 9
38 73 10
8 74 7
63 75 8
16 76 8
54 77 1
46 78 2
6 79 25
60 80 2
76 81 1
11 82 20
72 83 8
81 84 1
2 85 9
64 86 9
21 87 7
67 88 1
18 89 13
66 90 2
52 91 2
12 92 1
57 93 1
62 94 12
24 95 2
82 96 8
66 97 6
77 98 8
12 99 5
62 100 6
12 101 33
43 102 1
62 103 4
14 104 2
81 105 6
63 106 8
101 107 41
107 108 4
46 109 7
98 110 3
33 111 9
99 112 7
76 113 10
98 114 10
31 115 4
64 116 10
36 117 35
66 118 5
89 119 11
118 120 9
101 121 36
52 122 4
32 123 8
104 124 5
75 125 45
83 126 8
100 127 1
100 128 10
73 129 3
38 130 2
56 131 10
68 132 4
27 133 10
97 134 9
89 135 2
83 136 10
30 137 4
133 138 6
37 139 4
48 140 3
6 141 1
36 142 35
32 143 4
56 144 36
10 145 2
6 146 5
40 147 9
40 148 9
74 149 1
88 150 1
105 151 1
89 152 4
142 153 5
133 154 6
139 155 9
144 156 5
53 157 33
92 158 9
117 159 22
55 160 10
29 161 8
45 162 39
25 163 5
155 164 4
142 165 5
73 166 3
80 167 10
62 168 8
105 169 8
161 170 2
27 49 1
44 49 10
16 69 39
30 73 1
50 79 4
9 80 3
25 82 6
19 86 7
29 92 8
37 93 6
68 93 2
75 93 10
29 94 12
25 96 8
41 97 6
34 100 9
67 107 40
13 114 1
31 117 27
44 119 11
16 122 5
17 122 6
7 125 41
27 134 3
97 138 1
121 144 36
35 148 7
113 148 10
7 150 2
105 152 8
51 154 9
137 154 10
87 157 33
51 160 8
100 160 9
123 162 7
159 162 22
106 164 6
34 169 8
184 194 6
176 228 5
244 247 1
253 268 1
233 271 5
268 271 6
192 304 10
205 314 10
248 323 6
269 330 5
202 333 6
241 336 3
335 340 9
313 349 7
295 364 9
251 368 4
334 369 1
293 375 4
343 393 2
208 398 2
351 399 7
277 402 10
395 404 5
395 407 5
216 412 6
204 415 5
305 415 8
356 422 7
259 425 8
305 435 9
178 442 2
344 446 9
386 449 8
377 450 3
306 454 2
427 456 1
323 461 5
340 463 8
203 470 9
453 470 6
206 471 8
374 471 9
345 473 4
386 475 3
337 477 5
394 479 1
435 480 9
222 481 7
450 482 5
238 483 8
311 483 10
481 488 2
212 489 7
298 491 5
230 492 5
287 495 2
218 497 9
442 505 1
222 511 6
232 511 3
401 512 10
432 513 6
451 514 10
258 519 6
343 525 9
229 526 6
202 527 2
465 528 9
286 531 10
460 531 1
388 547 3
523 552 7
463 555 9
281 557 9
197 558 8
522 558 5
410 559 7
328 561 8
542 564 5
558 567 5
442 569 8
420 570 1
496 573 2
422 574 8
431 577 6
336 580 4
546 580 1
485 581 6
301 587 8
443 590 10
291 591 1
226 593 6
367 594 5
503 594 3
585 595 4
553 597 7
484 598 7
517 598 1
498 599 6
212 600 7
456 602 10
468 602 4
566 604 10
578 605 4
537 606 2
5 30 107 66 144 26 40 82 92 64 148 24 31 27 37 21 49 68 4 29 105 162 11 67 6 44 142 50 7 52 46 45 93 62 17 63 3 51 83 13 20 80 154 73 100 12 56 2 133 97 34 36 16 160 76 81 122 8 25 75 89 117
6 11 96
12 45 61
9 79 29
11 67 74
3 162 99
5 142 35
5 89 2
10 51 21
6 36 15
4 56 25
3 39 1
12 125 86
12 87 40