595 592 39 8 10
1 2 12
1 3 30
3 4 27
2 5 8
1 6 40
4 7 8
1 8 43
3 9 14
7 10 3
4 11 2
9 12 2
6 13 14
5 14 7
14 15 9
15 16 10
2 17 10
13 18 5
8 19 3
17 20 4
2 21 6
10 22 8
4 23 11
1 24 30
6 25 10
14 26 10
6 27 16
8 28 19
5 29 3
23 30 9
10 31 7
31 32 6
15 33 8
9 34 2
8 35 41
28 36 6
12 37 8
34 38 3
30 39 2
4 40 24
28 41 4
9 42 1
39 43 8
24 44 26
21 45 13
24 46 12
24 47 27
27 48 10
5 49 10
40 50 24
47 51 10
43 52 7
7 53 10
19 54 7
25 55 3
37 56 2
5 57 6
41 58 10
16 59 7
46 60 3
51 61 10
2 62 9
42 63 6
49 64 5
53 65 2
36 66 2
9 67 8
26 68 23
27 69 7
47 70 13
61 71 4
61 72 2
12 73 8
16 74 5
13 75 9
68 76 24
30 77 10
52 78 10
65 79 9
52 80 17
69 81 8
9 82 10
46 83 9
14 84 7
61 85 6
17 86 3
27 87 10
74 88 1
19 89 2
88 90 1
69 91 5
20 92 6
38 93 2
11 94 10
56 95 3
42 96 3
86 97 7
52 98 4
16 99 13
34 100 8
49 101 7
74 102 3
32 103 5
21 104 7
103 105 8
64 106 9
52 107 4
8 108 9
3 109 1
76 110 24
73 111 3
7 112 2
55 113 1
40 114 10
65 115 2
92 116 3
78 117 5
22 118 7
59 119 10
102 120 6
7 121 6
5 122 12
45 123 24
51 124 10
30 125 8
40 126 9
106 127 10
101 128 5
26 129 23
15 130 3
5 131 3
95 132 1
124 133 10
75 134 9
53 135 5
72 136 3
132 137 10
79 138 1
57 139 9
99 140 11
49 141 10
90 142 2
33 143 6
75 144 6
80 145 10
141 146 8
44 147 3
138 148 9
126 149 8
125 150 1
29 151 5
19 152 1
110 153 4
125 154 1
63 155 6
20 156 5
10 157 4
91 158 3
78 159 10
44 160 5
149 161 1
17 162 3
46 163 2
102 164 4
23 165 25
13 166 1
94 167 12
85 168 10
31 169 10
155 170 30
113 171 9
147 172 5
90 173 8
15 174 10
83 175 2
154 176 7
80 177 37
23 178 3
94 179 12
136 180 8
55 181 8
88 182 1
163 183 4
2 184 10
1 185 10
119 186 2
72 187 7
16 188 13
69 189 4
133 190 10
141 191 8
108 192 7
74 193 2
74 194 7
162 195 2
85 196 5
180 197 4
139 198 5
85 199 3
174 200 8
149 201 5
130 202 10
57 203 3
30 204 8
102 205 4
92 206 3
87 207 4
108 208 13
53 209 6
130 210 6
151 211 6
148 212 3
39 213 2
69 214 10
39 215 6
81 216 4
202 217 3
76 218 3
45 219 5
83 220 9
9 221 3
148 222 4
19 223 8
28 224 5
6 225 5
64 226 10
55 227 9
88 228 7
207 229 5
26 230 7
220 231 9
98 232 4
34 233 8
61 234 7
4 235 7
67 236 7
11 237 6
28 238 6
79 239 9
127 240 9
61 241 2
73 242 3
23 243 1
176 244 6
242 245 1
75 246 2
71 247 9
45 248 3
236 249 6
19 250 10
75 251 5
88 252 5
160 253 3
169 254 9
3 255 7
247 256 7
235 257 4
28 258 2
50 259 19
110 260 6
254 261 9
247 262 6
64 263 8
89 264 1
102 265 4
163 266 4
108 267 4
195 268 5
143 269 5
86 270 9
250 271 8
23 272 13
268 273 1
101 274 2
228 275 3
189 276 9
254 277 4
245 278 4
147 279 1
128 280 6
248 281 4
190 282 2
122 283 17
179 284 2
220 285 9
5 286 3
271 287 9
62 288 4
129 289 9
263 290 2
211 291 9
127 292 3
231 293 6
237 294 6
27 295 2
171 296 5
150 297 1
258 298 1
216 299 8
207 300 9
50 301 43
18 302 5
274 303 7
103 304 9
255 305 9
299 306 6
183 307 7
198 308 3
216 309 9
258 310 4
75 311 3
28 312 1
257 313 1
192 314 3
123 315 24
225 316 8
45 317 10
25 318 12
21 319 10
219 320 1
277 321 5
238 322 2
58 323 6
101 324 7
17 325 2
220 326 2
180 327 5
217 328 1
205 329 4
146 330 1
258 331 10
258 332 3
124 333 10
158 334 4
186 335 1
217 336 8
28 337 2
245 338 7
214 339 2
196 340 3
271 341 7
254 342 7
173 343 8
14 344 10
161 345 9
149 346 1
158 347 10
237 348 7
149 349 7
315 350 10
23 351 1
179 352 4
129 353 36
91 354 1
169 355 9
79 356 3
241 357 10
90 358 7
208 359 13
166 360 6
194 361 3
132 362 6
28 363 8
344 364 9
231 365 1
228 366 3
196 367 10
252 368 4
216 369 10
308 370 5
14 371 10
340 372 10
225 373 3
221 374 2
165 375 25
259 376 3
195 377 9
241 378 10
86 379 8
53 380 6
221 381 6
376 382 4
188 383 1
95 384 5
337 385 1
331 386 9
316 387 7
280 388 2
143 389 9
40 390 3
383 391 5
124 392 9
175 393 8
251 394 7
110 395 3
84 396 3
222 397 10
212 398 6
161 399 10
296 400 5
27 401 1
175 402 5
209 403 8
268 404 1
243 405 10
175 406 9
170 407 42
20 408 9
111 409 9
29 410 4
155 411 2
14 412 8
319 413 10
143 414 3
296 415 8
349 416 1
96 417 2
135 418 2
324 419 6
361 420 4
326 421 5
52 422 3
310 423 2
120 424 2
364 425 6
144 426 5
20 427 5
317 428 1
170 429 13
363 430 10
110 431 24
5 41 10
44 47 12
22 49 5
16 82 10
51 87 10
1 93 2
25 93 7
16 97 1
26 99 23
93 101 7
93 122 5
91 125 9
15 127 10
67 132 4
56 133 3
118 140 11
87 145 10
150 159 7
52 167 12
117 167 8
28 175 2
130 175 3
32 179 2
18 183 2
138 203 10
160 205 2
32 207 8
188 208 13
150 222 8
14 225 4
152 228 10
99 231 1
185 233 5
86 234 8
137 238 3
16 245 7
117 247 3
242 248 8
68 249 5
45 251 10
11 252 4
64 258 7
161 262 10
225 263 1
227 267 6
134 268 6
160 271 1
236 271 1
232 276 10
270 278 9
259 279 8
136 280 2
126 282 3
129 294 10
208 295 2
17 296 6
215 296 10
3 297 5
194 300 6
283 301 17
251 302 6
205 305 2
3 309 6
246 312 4
43 314 9
177 315 24
179 318 12
244 319 2
77 321 4
160 325 4
145 329 1
101 330 9
28 336 6
226 336 4
113 337 4
287 337 3
140 338 12
32 339 7
80 342 10
102 342 3
61 344 10
120 346 9
138 348 1
201 348 9
239 348 5
302 348 6
319 349 7
268 351 8
28 352 14
118 352 11
106 354 4
331 357 1
70 359 13
14 360 9
39 366 3
360 366 2
285 371 9
66 372 1
212 372 1
156 373 6
35 375 41
106 375 17
262 381 9
157 386 3
294 387 7
169 393 10
212 393 6
2 396 1
271 396 10
309 396 4
42 400 5
91 403 5
363 403 10
136 404 6
242 406 3
227 410 7
100 415 10
341 418 7
315 426 7
338 426 5
231 427 8
272 429 13
111 430 1
399 430 8
155 431 24
438 448 2
449 467 9
453 467 3
481 489 5
465 490 5
443 493 10
452 494 2
458 502 5
443 506 4
476 512 6
443 513 6
482 515 4
458 519 5
516 527 9
467 532 2
435 534 10
449 539 10
519 539 4
481 541 10
444 544 3
542 545 3
499 547 5
521 550 3
485 555 4
506 557 5
457 560 5
519 562 10
542 563 8
506 564 3
443 565 1
520 565 8
521 565 8
442 569 6
492 578 4
444 583 4
453 593 9
486 593 8
20 64 118 375 228 47 158 348 241 5 44 227 141 212 129 74 113 79 221 46 103 87 161 25 99 15 259 208 72 315 19 248 41 148 180 242 344 91 130
2 24 93
5 27 17
2 301 60
5 353 36
3 353 28
1 407 42
1 177 61
7 238 6
8 44 74
4 209 8