605 207 14 13 20
1 2 91
2 3 91
1 4 66
1 5 89
2 6 12
5 7 13
6 8 24
5 9 80
5 10 88
3 11 17
9 12 95
3 13 59
12 14 58
8 15 17
11 16 7
15 17 58
8 18 9
15 19 3
11 20 3
13 21 92
20 22 10
12 23 94
12 24 4
11 25 10
22 26 51
20 27 3
9 28 7
15 29 3
24 30 5
30 31 3
23 32 88
13 33 28
14 34 5
8 35 4
33 36 4
7 37 8
32 38 10
12 39 67
9 40 8
13 41 1
40 42 1
17 43 83
17 44 66
44 45 8
39 46 8
7 47 9
9 48 9
2 49 8
26 50 51
35 51 4
5 52 5
25 53 7
4 54 66
5 55 8
39 56 9
43 57 83
44 58 2
2 22 1
23 30 2
18 33 22
9 36 4
18 42 2
12 45 8
11 46 20
20 46 10
3 50 27
11 51 7
44 54 66
93 132 5
61 141 3
113 148 3
86 156 2
93 157 4
158 177 3
165 186 5
190 193 2
142 196 9
133 200 10
114 203 4
184 203 10
156 204 7
94 210 9
153 218 6
121 219 8
96 228 10
172 230 7
196 230 1
89 236 3
206 236 5
221 240 6
254 259 3
97 270 4
94 280 3
205 284 3
188 286 1
159 289 4
64 294 6
134 304 9
168 307 2
80 308 10
217 309 4
180 311 4
214 322 10
230 328 10
66 335 7
129 336 10
140 338 2
92 346 2
199 352 1
77 354 7
215 355 6
235 356 4
103 359 10
346 360 4
235 363 5
282 364 5
348 366 3
292 368 10
140 371 5
181 378 7
95 383 8
293 387 10
274 391 5
83 393 5
382 393 1
123 399 3
170 399 7
322 399 3
117 400 5
141 404 4
332 412 10
109 413 9
381 414 9
153 418 9
147 419 5
204 425 8
142 432 9
382 437 2
146 438 3
316 439 2
264 445 6
410 445 6
275 450 7
380 450 9
423 450 9
237 453 10
223 459 9
306 461 8
217 466 5
80 467 2
208 472 1
101 478 8
122 479 3
95 480 5
100 483 2
423 484 5
450 486 2
285 487 2
403 488 7
176 494 3
127 495 3
255 500 3
63 512 3
259 512 10
396 514 7
477 515 3
378 519 3
64 521 1
307 521 3
490 522 1
322 524 7
326 524 4
298 525 9
425 527 7
409 530 7
149 535 3
415 544 4
502 545 8
491 550 5
220 552 1
89 556 5
84 559 8
186 562 6
430 566 2
140 567 10
241 568 9
80 571 4
85 571 6
198 572 6
233 573 10
299 574 8
225 575 7
458 578 6
292 582 7
211 584 10
313 584 10
477 584 4
373 586 3
403 589 9
125 591 9
289 592 4
431 592 5
568 593 6
502 597 6
488 601 9
355 602 6
511 604 3
30 7 3 23 13 46 8 22 15 9 33 12 18 44
2 13 100
9 46 16
4 21 92
13 25 10
11 6 36
6 33 73
10 7 26
1 15 58
4 15 28
5 14 58
13 18 6
11 2 79
3 32 88
1 10 88
8 18 22
8 39 75
9 57 83
10 23 12
8 50 77
8 5 25