595 561 46 6 17
1 2 1
1 3 62
1 4 97
1 5 92
3 6 39
2 7 5
4 8 92
8 9 92
6 10 14
5 11 5
7 12 10
11 13 3
7 14 1
9 15 9
11 16 1
9 17 92
1 18 2
13 19 2
17 20 84
16 21 7
13 22 5
6 23 5
13 24 1
10 25 21
16 26 12
16 27 10
9 28 10
15 29 10
2 30 10
11 31 10
17 32 3
7 33 3
29 34 4
1 35 6
26 36 12
12 37 8
36 38 12
14 39 2
13 40 5
38 41 12
31 42 4
7 43 9
7 44 1
44 45 3
27 46 9
45 47 9
30 48 10
7 49 4
33 50 1
10 51 3
21 52 10
6 53 54
1 54 10
3 55 7
51 56 22
29 57 10
23 58 5
26 59 11
21 60 10
2 61 8
44 62 6
20 63 91
37 64 5
17 65 8
56 66 7
43 67 8
35 68 9
68 69 6
65 70 10
4 71 5
13 72 3
32 73 5
12 74 7
67 75 3
73 76 8
4 77 3
45 78 4
72 79 7
22 80 9
61 81 4
1 82 10
54 83 9
3 84 63
52 85 1
2 86 9
30 87 1
55 88 2
47 89 10
23 90 5
15 91 6
35 92 6
76 93 7
85 94 9
48 95 6
80 96 10
32 97 3
9 98 8
66 99 10
96 100 7
44 101 8
62 102 9
11 103 5
46 104 8
93 105 5
22 106 9
95 107 5
96 108 4
87 109 8
78 110 1
41 111 12
56 112 9
53 113 5
36 114 2
12 115 10
94 116 10
73 117 5
106 118 19
61 119 2
57 120 10
85 121 2
40 122 9
116 123 7
47 124 10
120 125 10
108 126 27
79 127 6
100 128 1
9 129 8
107 130 10
97 131 8
127 132 10
27 133 3
17 134 9
19 135 1
1 136 46
9 137 2
44 138 9
126 139 27
119 140 8
95 141 8
3 142 42
25 143 3
80 144 2
93 145 9
40 146 28
51 147 22
98 148 5
45 149 10
49 150 5
79 151 10
118 152 33
107 153 6
9 154 10
49 155 1
87 156 4
117 157 4
116 158 4
106 159 10
72 160 1
27 161 6
160 162 4
99 163 4
126 164 2
135 165 1
105 166 5
116 167 3
61 168 9
128 169 6
43 170 8
140 171 2
71 172 10
7 173 2
25 174 21
40 175 6
106 176 2
170 177 7
170 178 1
27 179 5
27 180 10
118 181 1
162 182 3
29 183 4
93 184 5
27 185 4
65 186 4
65 187 1
105 188 7
134 189 6
85 190 8
34 191 5
3 192 8
24 193 2
186 194 4
141 195 4
95 196 3
171 197 8
173 198 1
152 199 9
75 200 1
87 201 7
54 202 10
158 203 2
115 204 6
37 205 7
180 206 6
35 207 9
108 208 8
193 209 2
134 210 9
170 211 7
165 212 6
104 213 5
55 214 8
190 215 3
29 216 6
47 217 1
113 218 3
215 219 4
41 220 12
105 221 7
179 222 7
99 223 10
21 224 5
147 225 94
131 226 4
207 227 1
73 228 2
212 229 7
51 230 6
97 231 1
189 232 3
180 233 7
95 234 4
95 235 6
119 236 3
103 237 3
196 238 2
129 239 4
209 240 2
42 241 8
136 242 7
128 243 7
222 244 3
144 245 10
9 246 10
226 247 9
5 248 27
104 249 8
206 250 6
72 251 2
213 252 5
198 253 2
102 254 8
121 255 1
30 256 7
234 257 6
145 258 9
179 259 9
111 260 10
73 261 7
202 262 1
77 263 8
114 264 5
68 265 2
36 266 7
44 267 5
133 268 2
127 269 9
103 270 3
220 271 7
227 272 5
211 273 9
99 274 5
169 275 3
108 276 10
21 277 6
66 278 8
29 279 6
212 280 2
81 281 10
231 282 8
196 283 1
156 284 3
203 285 7
116 286 6
121 287 3
237 288 5
69 289 10
286 290 10
7 291 8
270 292 1
133 293 3
257 294 9
212 295 10
268 296 6
274 297 1
220 298 60
202 299 10
106 300 5
27 301 7
14 302 10
53 303 55
87 304 4
115 305 10
179 306 6
32 307 4
172 308 2
308 309 1
4 310 8
158 311 6
203 312 6
44 313 9
310 314 9
70 315 5
312 316 10
7 317 3
130 318 4
310 319 3
65 320 7
262 321 1
215 322 9
310 323 15
157 324 6
240 325 8
42 326 7
204 327 5
252 328 1
215 329 8
46 330 10
143 331 8
177 332 3
296 333 8
33 334 4
45 335 9
240 336 6
328 337 7
11 338 8
107 339 9
85 340 2
146 341 10
275 342 10
185 343 6
241 344 3
334 345 1
2 346 7
179 347 7
82 348 1
213 349 1
185 350 6
52 351 9
99 352 10
341 353 8
44 354 8
25 355 2
286 356 9
258 357 9
174 358 10
94 359 5
55 360 4
182 361 5
347 362 6
160 363 4
8 364 6
37 365 2
155 366 3
264 367 8
298 368 3
290 369 6
356 370 2
215 371 5
44 372 10
47 373 10
241 374 9
322 375 4
225 376 94
56 377 5
1 378 10
108 379 7
260 380 6
238 381 6
363 382 10
12 383 6
86 384 1
20 385 22
318 386 2
73 387 3
278 388 10
111 389 12
147 390 7
99 391 3
266 392 10
35 393 6
265 394 7
183 395 6
172 396 5
63 397 91
189 398 2
245 399 4
210 400 9
206 401 9
305 402 45
246 403 5
147 404 7
332 405 9
365 406 2
6 16 14
28 45 4
68 80 5
1 86 3
3 89 10
46 94 8
43 107 8
84 109 3
52 115 10
76 122 9
108 123 1
102 132 9
51 141 5
65 142 8
16 146 9
104 149 6
59 156 11
143 156 10
79 163 10
46 166 10
124 166 1
123 167 2
146 174 28
61 181 6
47 183 10
20 194 35
56 194 19
112 196 4
128 196 10
6 203 4
192 203 2
168 205 4
191 211 5
137 212 3
137 219 6
56 222 3
76 222 6
214 224 5
147 227 2
31 233 7
66 243 5
48 244 9
139 248 27
142 249 42
100 251 1
121 257 2
137 259 5
147 263 7
153 270 7
108 273 4
91 277 9
58 278 8
87 281 5
113 281 1
208 281 4
53 282 4
156 286 5
30 288 4
122 290 9
24 294 10
213 296 10
5 298 60
166 299 7
12 300 6
147 305 45
40 308 10
215 311 5
210 313 4
75 317 9
242 322 2
301 322 10
30 324 9
71 329 5
325 329 7
249 330 42
155 332 7
328 336 2
301 338 7
83 342 1
322 344 3
335 344 4
119 354 8
330 359 10
303 360 2
259 361 1
253 362 4
10 364 14
129 364 4
101 365 2
76 366 9
339 366 9
206 371 5
88 372 9
137 372 8
339 373 9
143 378 10
178 379 6
59 385 22
93 387 7
288 387 7
364 389 12
131 391 8
168 392 10
66 393 5
357 397 91
256 399 4
3 402 55
159 402 10
288 402 10
44 406 8
418 450 10
430 451 3
409 456 10
451 459 2
463 475 6
473 479 5
440 483 7
474 487 6
459 488 4
477 489 8
410 494 9
408 499 9
475 504 2
429 505 3
437 506 1
477 516 10
489 516 9
516 522 5
418 524 8
522 530 1
481 537 5
476 542 5
485 545 6
442 547 3
447 551 2
449 551 5
473 551 4
409 552 3
484 553 10
445 557 9
544 557 8
447 564 6
481 565 1
558 567 10
560 567 5
472 569 1
517 573 5
485 574 2
517 577 1
572 577 4
565 578 2
451 580 8
490 585 3
549 585 5
557 588 8
414 594 6
113 215 115 47 220 108 134 322 372 213 95 211 118 93 73 15 33 194 86 100 330 281 147 8 168 103 310 42 55 35 127 45 133 174 137 240 72 156 106 202 66 16 65 40 75 30
4 222 6
2 273 7
5 357 35
6 84 63
3 174 32
1 31 17
6 34 5
4 136 46
1 357 100
5 53 4
1 20 15
3 125 10
3 126 19
6 152 33
5 376 94
5 323 15
6 303 55