601 250 36 11 15
1 2 16
1 3 6
2 4 9
3 5 4
1 6 88
6 7 79
2 8 7
1 9 79
7 10 17
9 11 67
11 12 42
3 13 1
1 14 30
2 15 5
5 16 42
2 17 16
5 18 42
13 19 7
14 20 6
11 21 1
14 22 30
17 23 2
20 24 1
20 25 6
12 26 45
11 27 80
3 28 7
14 29 4
17 30 16
30 31 3
7 32 82
10 33 10
16 34 17
5 35 5
16 36 8
10 37 17
34 38 10
19 39 6
25 40 64
20 41 7
22 42 22
15 43 3
14 44 1
40 45 5
34 46 8
42 47 17
44 48 3
12 49 10
49 50 6
38 51 5
9 52 51
18 53 34
34 54 2
18 55 42
24 56 7
39 57 9
51 58 8
45 59 9
40 60 2
9 61 14
19 62 9
62 63 5
54 64 3
45 65 10
63 66 5
32 67 9
42 68 6
28 69 7
10 70 4
36 71 10
68 72 8
30 73 8
22 74 80
68 75 4
49 76 6
75 77 5
23 78 8
36 79 9
40 80 32
58 81 9
50 82 5
58 83 8
28 84 3
52 85 48
60 86 2
35 87 3
84 88 5
16 89 10
26 90 12
87 91 27
4 8 7
3 12 1
23 28 10
14 36 9
34 36 6
34 37 17
38 48 3
36 51 4
20 52 2
26 53 54
12 58 5
13 59 3
3 61 12
52 61 6
52 64 4
26 65 5
62 67 9
42 69 8
17 72 4
6 80 32
52 83 5
66 84 5
39 85 48
4 87 12
71 87 10
61 88 5
4 90 12
73 91 4
93 99 8
92 110 9
102 129 9
100 138 7
137 154 8
110 161 9
135 174 9
149 178 4
140 204 3
142 207 7
197 214 7
198 217 3
220 223 8
95 228 3
105 230 10
238 240 1
178 257 4
162 261 8
266 267 10
142 268 7
236 270 5
136 277 5
113 280 6
176 285 8
221 289 10
108 294 2
252 301 7
217 302 9
104 305 8
277 305 8
132 309 6
108 312 8
237 314 9
304 315 2
252 316 6
322 338 2
188 343 8
271 343 5
156 345 3
237 345 3
291 345 9
167 349 10
234 350 7
105 356 1
139 359 8
139 366 4
344 367 3
99 370 3
230 372 7
265 372 10
321 380 3
199 384 6
160 389 7
218 393 2
343 393 4
390 394 4
168 395 5
324 396 2
196 397 7
203 412 1
243 423 1
357 424 5
252 425 10
265 428 6
361 434 9
317 442 5
425 442 7
143 446 4
279 446 3
440 459 4
237 460 3
454 461 3
441 463 1
385 464 3
387 464 1
365 466 8
182 468 3
317 469 10
101 476 3
284 476 9
289 476 5
280 478 6
274 480 8
358 480 5
437 481 1
289 484 9
387 488 5
237 490 3
449 494 7
121 499 2
232 499 4
278 500 2
426 501 4
306 508 2
142 510 9
323 510 6
316 516 5
463 516 6
175 520 5
389 523 10
444 525 3
109 526 7
205 530 10
478 530 2
131 531 5
282 531 9
325 534 8
347 534 9
533 536 1
354 541 3
401 543 3
455 547 3
412 549 3
407 557 2
536 558 10
535 559 4
325 560 7
427 563 8
319 564 10
417 564 2
330 567 3
112 569 4
145 573 5
261 575 10
563 584 7
194 585 2
306 587 10
263 590 10
131 591 2
253 594 3
475 594 4
205 601 3
26 61 11 40 2 16 49 14 22 36 23 52 3 39 34 5 19 87 4 9 38 7 62 12 42 30 28 58 10 45 6 68 20 13 51 17
5 7 26
6 12 32
9 74 80
8 53 88
3 32 91
2 23 14
1 39 49
5 22 15
5 27 80
6 55 42
11 25 66
8 7 84
3 91 27
5 30 34
3 47 17