597 716 138 6 8
1 2 42
2 3 3
2 4 48
3 5 9
3 6 4
3 7 3
1 8 6
1 9 49
8 10 2
1 11 49
5 12 4
9 13 31
6 14 37
8 15 8
10 16 7
7 17 4
13 18 9
15 19 8
3 20 7
4 21 32
20 22 8
16 23 5
11 24 6
3 25 9
3 26 9
5 27 10
6 28 4
25 29 7
24 30 6
20 31 7
15 32 7
19 33 5
2 34 9
17 35 4
30 36 2
14 37 37
11 38 2
32 39 5
11 40 3
28 41 10
16 42 10
31 43 6
21 44 6
12 45 1
5 46 6
43 47 8
5 48 9
48 49 4
7 50 3
31 51 3
13 52 9
15 53 2
38 54 2
38 55 3
1 56 6
4 57 13
37 58 37
42 59 9
21 60 1
16 61 5
39 62 6
34 63 9
18 64 4
12 65 4
23 66 7
46 67 3
27 68 7
39 69 4
18 70 7
2 71 5
54 72 10
54 73 6
25 74 1
65 75 7
45 76 10
60 77 6
30 78 9
61 79 1
34 80 3
23 81 8
37 82 8
35 83 6
43 84 2
31 85 6
9 86 1
56 87 6
8 88 1
9 89 32
64 90 1
68 91 1
65 92 4
85 93 10
56 94 5
62 95 50
49 96 1
76 97 7
65 98 6
44 99 6
47 100 2
7 101 8
48 102 7
30 103 1
97 104 2
101 105 1
45 106 10
60 107 9
11 108 5
93 109 10
23 110 7
17 111 9
25 112 7
2 113 6
49 114 9
14 115 5
3 116 6
73 117 1
41 118 9
21 119 41
96 120 4
43 121 9
95 122 45
111 123 9
57 124 3
5 125 9
92 126 7
12 127 4
105 128 1
61 129 3
43 130 8
124 131 9
14 132 3
112 133 9
19 134 1
78 135 4
46 136 5
4 137 8
14 138 9
49 139 4
98 140 4
138 141 8
2 142 7
122 143 4
133 144 7
122 145 3
69 146 4
125 147 9
108 148 8
13 149 25
13 150 7
120 151 5
125 152 4
138 153 2
119 154 6
78 155 10
11 156 10
102 157 10
122 158 7
97 159 10
7 160 4
94 161 8
81 162 8
145 163 2
156 164 10
60 165 8
31 166 7
16 167 5
89 168 10
58 169 5
36 170 2
107 171 9
134 172 1
77 173 9
30 174 5
96 175 5
169 176 3
158 177 7
83 178 2
152 179 4
39 180 5
46 181 3
4 182 3
23 183 9
45 184 10
144 185 9
125 186 13
140 187 9
19 188 10
86 189 9
74 190 8
117 191 10
61 192 3
107 193 1
8 194 3
88 195 1
41 196 9
30 197 1
79 198 10
34 199 1
196 200 8
174 201 4
119 202 42
84 203 10
120 204 5
26 205 9
155 206 5
4 207 8
188 208 4
154 209 7
176 210 1
181 211 8
139 212 1
115 213 5
49 214 3
179 215 5
146 216 6
129 217 3
101 218 9
132 219 6
192 220 7
45 221 6
47 222 5
97 223 3
168 224 4
217 225 4
103 226 5
145 227 3
32 228 8
158 229 1
49 230 1
78 231 6
202 232 4
34 233 1
200 234 5
29 235 4
117 236 1
40 237 10
128 238 7
66 239 10
178 240 7
20 241 4
82 242 4
83 243 9
87 244 3
58 245 9
198 246 8
137 247 9
98 248 4
205 249 2
24 250 2
141 251 2
99 252 7
231 253 9
47 254 9
26 255 5
57 256 6
76 257 1
190 258 4
18 259 5
239 260 3
96 261 8
39 262 5
111 263 6
5 264 2
259 265 10
149 266 21
62 267 10
6 268 37
164 269 10
234 270 2
162 271 2
245 272 10
213 273 8
254 274 5
42 275 7
53 276 9
72 277 2
139 278 3
19 279 3
109 280 5
156 281 8
123 282 11
121 283 10
276 284 4
217 285 3
229 286 1
279 287 2
143 288 7
182 289 3
75 290 8
72 291 7
28 292 10
173 293 7
247 294 2
202 295 2
183 296 2
82 297 10
77 298 3
191 299 3
36 300 9
216 301 4
232 302 9
273 303 5
108 304 6
112 305 9
205 306 3
167 307 10
179 308 4
97 309 6
180 310 3
10 311 5
66 312 3
28 313 2
258 314 8
38 315 3
160 316 5
177 317 8
114 318 8
159 319 42
313 320 9
111 321 10
291 322 10
70 323 1
148 324 7
108 325 1
272 326 10
222 327 5
110 328 8
305 329 1
230 330 2
66 331 10
241 332 3
115 333 6
162 334 1
93 335 1
19 336 3
198 337 7
210 338 10
69 339 4
231 340 9
96 341 3
57 342 6
22 343 7
93 344 10
277 345 9
163 346 4
158 347 10
198 348 9
73 349 10
24 350 3
306 351 5
283 352 3
213 353 10
315 354 1
282 355 7
311 356 4
170 357 6
90 358 1
194 359 5
269 360 10
342 361 7
46 362 7
94 363 1
183 364 4
54 365 5
60 366 2
248 367 4
93 368 1
246 369 6
342 370 5
180 371 9
232 372 4
10 373 9
31 374 9
278 375 10
152 376 9
360 377 4
229 378 6
295 379 7
41 380 26
144 381 4
270 382 4
372 383 4
350 384 8
194 385 2
72 386 1
224 387 3
85 388 10
20 389 6
167 390 6
323 391 2
361 392 9
238 393 7
169 394 2
71 395 10
23 396 3
260 397 3
259 398 8
86 399 3
394 400 7
45 401 8
265 402 5
249 403 4
201 404 4
256 405 9
325 406 9
297 407 6
20 408 2
142 409 4
223 410 8
173 411 9
377 412 5
18 413 8
318 414 8
102 415 4
294 416 3
37 417 10
156 418 5
416 419 5
180 420 2
265 421 7
181 422 10
201 423 2
274 424 9
109 425 7
117 426 3
61 427 3
313 428 2
401 429 10
71 430 3
209 431 3
149 432 4
144 433 1
163 434 1
118 435 5
295 436 4
202 437 42
230 438 4
401 439 50
412 440 9
156 441 5
293 442 8
21 443 6
281 444 1
313 445 8
318 446 5
183 447 4
124 448 4
382 449 5
443 450 3
53 451 5
256 452 1
446 453 2
402 454 8
439 455 50
66 456 3
315 457 2
17 458 1
356 459 5
107 460 3
353 461 4
35 462 7
70 463 7
456 464 9
224 465 6
362 466 5
231 467 3
60 468 7
188 469 4
448 470 3
229 471 10
142 472 7
239 473 3
186 474 3
156 475 4
274 476 10
109 477 9
259 478 7
179 479 8
249 480 4
304 481 1
36 482 1
305 483 7
43 484 3
108 485 3
102 486 8
138 487 4
302 488 6
32 489 7
231 490 5
84 491 3
190 492 7
189 493 10
162 494 7
9 495 50
84 496 4
389 497 8
202 498 6
365 499 1
66 500 5
18 501 5
424 502 2
128 503 9
84 504 4
319 505 42
52 506 6
385 507 7
248 508 4
123 509 2
398 510 2
326 511 8
278 512 5
444 513 9
386 514 6
188 515 6
112 516 5
139 517 4
203 518 9
45 519 4
499 520 6
494 521 7
183 522 6
401 523 26
115 524 1
472 525 1
8 526 4
367 527 2
44 528 8
45 529 8
513 530 6
504 531 5
40 532 10
108 533 10
312 534 3
301 535 4
152 536 7
242 537 1
31 538 1
325 539 4
457 540 8
216 541 3
360 542 6
322 543 3
144 544 4
279 545 10
299 546 1
437 547 42
438 548 8
548 549 3
288 550 2
343 551 10
267 552 10
277 553 4
248 554 3
516 555 9
525 556 2
139 557 5
4 558 9
262 559 2
86 560 9
274 561 10
115 562 10
312 563 8
116 564 9
12 565 9
196 566 5
242 567 4
419 568 10
81 569 10
306 570 8
137 571 3
370 572 9
398 573 8
77 574 2
184 575 6
333 576 10
412 577 3
110 578 6
238 579 9
111 580 9
7 20 4
11 22 6
49 64 4
11 89 40
4 93 12
128 130 2
22 135 8
4 142 3
117 150 7
76 153 7
98 153 5
143 165 4
45 188 10
74 189 5
119 190 6
9 200 1
64 201 5
169 207 4
209 223 2
4 226 4
32 263 8
47 264 3
159 266 21
89 268 42
21 270 7
71 274 4
252 275 10
109 277 7
121 286 7
203 286 10
142 287 7
201 288 3
242 288 8
23 307 10
169 316 4
186 316 8
180 317 8
202 323 6
209 323 9
85 324 6
151 324 9
236 332 1
90 341 1
195 343 6
322 344 2
195 345 9
280 350 5
122 351 8
252 358 1
267 360 10
325 372 10
82 374 7
111 375 10
298 386 9
73 390 2
210 392 5
192 393 6
106 398 6
105 399 3
44 400 9
62 401 44
274 403 3
406 407 7
273 413 4
129 419 9
325 419 6
70 425 7
133 432 5
381 433 1
191 436 8
194 438 1
57 442 10
323 442 3
217 447 2
292 448 6
395 448 7
151 449 8
326 449 1
258 451 3
111 458 1
235 459 9
166 464 5
134 473 2
400 473 7
325 475 9
63 477 9
186 478 5
355 479 6
455 480 4
336 481 6
22 487 8
420 488 3
311 489 2
417 489 9
364 491 9
99 492 10
204 493 10
455 495 50
58 505 43
109 507 2
341 509 7
250 510 8
84 512 3
329 513 9
352 514 1
2 516 4
459 517 5
380 523 26
389 523 2
30 528 1
271 528 2
308 528 7
328 528 7
179 530 3
420 531 5
238 535 4
535 544 5
463 546 10
57 547 35
66 549 10
467 551 3
388 552 10
93 554 10
60 558 7
487 563 4
16 564 1
328 566 7
183 568 2
268 570 8
87 575 6
406 576 2
41 580 2
583 588 2
582 590 8
586 592 2
583 595 6
587 595 5
85 93 398 213 3 65 124 248 372 186 188 350 122 158 87 259 102 200 42 273 316 249 528 45 473 343 12 386 101 324 60 152 159 11 10 487 90 73 325 9 323 183 167 117 229 311 40 194 442 181 196 137 7 295 58 83 61 144 18 77 22 56 342 328 13 6 111 66 535 400 313 115 145 107 44 288 153 217 279 30 210 2 112 82 238 419 134 224 252 57 223 438 39 72 143 401 81 179 46 270 191 232 36 41 173 516 312 96 265 195 78 151 202 28 15 125 5 406 274 64 156 162 86 108 169 119 26 110 209 278 105 513 23 180 120 21 43 53
3 547 76
3 125 22
5 505 84
5 497 5
4 41 51
4 282 16
2 21 37
3 95 94