599 395 76 13 35
1 2 102
1 3 101
2 4 1
2 5 9
2 6 9
4 7 9
2 8 7
7 9 10
2 10 102
10 11 103
2 12 10
10 13 35
1 14 106
10 15 4
7 16 5
8 17 9
13 18 17
10 19 6
9 20 10
16 21 7
11 22 52
19 23 19
8 24 14
6 25 9
18 26 22
21 27 19
17 28 24
12 29 5
3 30 65
1 31 3
22 32 46
1 33 6
17 34 3
3 35 88
17 36 79
13 37 46
8 38 10
7 39 6
38 40 4
8 41 4
34 42 12
40 43 21
35 44 9
36 45 7
39 46 7
6 47 5
10 48 61
19 49 10
37 50 3
18 51 9
16 52 3
9 53 9
23 54 31
22 55 52
18 56 6
4 57 3
18 58 32
4 59 2
48 60 101
53 61 10
30 62 12
3 63 14
15 64 6
13 65 10
28 66 3
42 67 12
53 68 1
27 69 12
28 70 6
25 71 9
26 72 53
68 73 6
57 74 1
27 75 5
55 76 6
17 77 7
67 78 12
40 79 18
65 80 10
28 81 21
79 82 36
44 83 9
37 84 8
76 85 2
29 86 104
41 87 1
8 88 17
8 89 2
11 90 12
58 91 32
72 92 4
12 93 6
30 94 77
6 95 4
95 96 10
51 97 7
34 98 9
91 99 4
59 100 1
16 101 15
78 102 24
30 103 6
102 104 6
63 105 8
40 106 8
98 107 87
71 108 9
102 109 87
9 110 5
59 111 7
14 112 97
29 113 60
91 114 6
51 115 6
87 116 7
59 117 7
98 118 19
48 119 100
10 120 4
25 121 9
93 122 10
60 123 29
120 124 7
36 125 4
93 126 4
62 127 7
94 128 51
82 129 100
106 130 3
2 131 4
21 132 7
36 133 100
80 134 5
121 135 87
75 136 8
26 137 17
37 138 56
36 139 45
132 140 10
34 141 9
77 142 10
35 143 10
34 144 8
141 145 6
58 146 6
77 147 4
17 148 5
31 149 2
9 150 2
25 151 10
100 152 6
113 153 60
95 154 2
79 155 7
39 156 3
36 157 98
94 158 77
129 159 104
78 160 8
74 161 8
16 162 4
94 163 29
54 164 5
151 165 1
120 166 5
14 167 10
82 168 5
56 169 8
83 170 9
23 171 5
4 172 5
125 173 2
65 174 3
59 175 10
121 176 95
17 177 58
107 178 87
4 179 7
158 180 83
57 181 3
43 182 21
170 183 9
66 184 3
29 185 7
28 186 10
138 187 52
122 188 19
145 189 3
120 190 7
18 191 7
107 192 10
10 193 78
76 194 7
20 195 2
63 196 13
74 197 7
127 198 9
149 199 7
95 200 12
52 201 6
35 202 5
174 203 1
40 204 18
122 205 2
182 206 21
141 207 1
184 208 9
208 209 4
154 210 7
23 211 4
157 212 38
94 213 8
135 214 8
202 215 2
158 216 7
204 217 6
196 218 97
196 219 10
169 220 5
85 221 10
160 222 8
91 223 7
157 224 90
35 225 39
69 226 9
31 227 5
227 228 10
49 229 9
149 230 10
90 231 6
139 232 2
232 233 4
202 234 6
108 235 9
39 236 2
170 237 9
69 238 26
35 239 88
229 240 4
32 241 7
154 242 2
18 243 10
13 21 7
23 25 17
1 29 107
38 45 7
5 46 7
12 56 5
7 58 5
36 60 100
62 65 7
40 70 27
52 74 12
74 90 12
35 91 38
59 95 12
37 101 84
88 101 17
98 101 89
69 102 42
93 106 9
24 110 4
81 113 21
55 115 6
36 116 3
82 119 100
68 124 10
58 127 5
128 139 1
54 142 3
137 142 4
136 145 3
47 150 4
86 159 104
59 164 5
93 167 10
64 174 7
93 174 7
32 175 30
13 176 87
80 176 39
55 177 58
138 183 9
128 187 52
43 188 19
156 190 8
125 191 3
32 195 46
135 196 87
21 200 12
38 201 5
139 201 45
19 204 18
24 204 14
64 206 23
65 206 6
148 208 9
68 216 7
112 218 97
20 220 7
137 223 7
80 225 39
138 226 9
17 235 10
172 236 7
54 238 26
129 239 88
209 240 7
288 294 10
276 296 1
249 297 3
300 323 2
346 347 5
289 353 8
328 362 1
361 365 7
269 371 5
366 372 10
367 373 7
277 379 10
272 389 2
266 390 6
286 391 9
334 392 8
378 394 10
346 405 1
370 410 9
252 412 1
393 416 2
285 419 9
345 421 10
377 425 9
428 429 5
351 430 7
337 436 5
414 440 10
438 441 4
270 443 5
383 444 9
269 445 7
295 449 3
261 452 6
436 454 7
406 457 10
419 462 5
409 469 5
452 471 8
410 473 6
321 477 1
463 479 4
442 480 7
458 480 1
390 486 6
258 487 2
325 489 3
392 493 9
471 500 3
259 505 2
277 511 10
310 513 4
349 516 7
267 517 4
322 520 8
520 527 7
425 528 2
510 529 5
426 530 7
493 531 7
488 537 7
493 537 5
426 541 1
473 543 10
486 546 10
436 547 7
508 548 8
387 555 2
411 555 9
365 556 3
415 556 4
450 558 3
485 561 1
555 564 2
523 565 1
282 567 6
444 568 2
332 574 4
469 574 2
560 578 7
263 582 9
448 589 7
583 589 10
306 592 6
319 593 8
485 594 8
592 599 7
19 39 24 53 68 60 94 36 64 2 17 154 16 55 158 59 95 98 78 3 30 63 35 137 43 91 12 6 57 18 7 135 125 58 176 113 80 201 174 48 52 29 128 74 202 208 26 77 79 62 204 157 149 76 141 28 37 138 20 102 31 145 11 106 127 27 32 206 56 54 142 122 34 14 25 93
6 180 83
12 163 29
11 178 87
9 133 100
2 195 48
4 201 54
3 107 74
6 171 5
11 36 96
7 224 61
7 43 67
3 72 53
4 118 19
13 42 17
6 82 40
4 21 27
12 202 9
11 212 38
13 225 10
7 36 82
9 193 78
7 98 49
3 225 60
9 36 64
13 70 27
10 224 90
1 176 76
1 123 29
6 218 99
7 107 69
9 153 60
6 109 87
4 64 22
13 193 24
6 175 23