596 270 3 4 12
1 2 66
1 3 3
2 4 61
1 5 34
1 6 33
1 7 63
6 8 28
3 9 3
3 10 4
2 11 1
8 12 9
2 13 4
12 14 3
2 15 5
7 16 10
10 17 4
13 18 6
8 19 2
1 20 62
9 21 18
9 22 5
11 23 10
1 24 7
3 25 6
21 26 64
26 27 11
4 28 54
8 29 25
29 30 54
17 31 7
9 32 10
30 33 7
32 34 9
20 35 62
2 36 57
30 37 64
20 38 9
9 39 1
1 40 7
31 41 5
35 42 4
6 43 10
41 44 6
29 45 29
39 46 7
12 47 4
44 48 9
17 49 7
41 50 3
7 51 3
48 52 10
22 53 5
36 54 5
53 55 2
39 56 8
44 57 13
44 58 8
58 59 4
37 60 12
7 61 65
51 62 8
53 63 1
6 64 5
13 65 5
35 66 48
7 67 5
58 68 7
42 69 10
9 70 3
26 71 15
21 72 1
21 73 6
73 74 5
27 75 16
74 76 6
15 77 9
23 78 10
72 79 6
75 80 7
39 81 9
46 82 7
14 83 9
71 84 30
39 85 9
11 86 7
65 87 7
48 88 10
65 89 5
66 90 21
34 91 5
60 92 12
34 93 9
30 94 10
92 95 9
68 96 5
33 97 9
65 98 5
1 99 8
49 100 8
16 101 10
68 102 15
44 103 6
59 104 9
43 105 2
13 106 3
71 107 3
52 108 10
66 109 59
6 110 10
21 111 1
24 112 8
112 113 6
92 114 9
61 115 6
1 116 7
83 117 4
99 118 9
87 119 7
3 120 3
37 121 6
88 122 1
61 123 4
70 124 3
120 125 6
107 126 1
100 127 1
98 128 7
90 129 7
16 130 6
13 131 1
11 132 4
59 133 7
44 134 15
16 135 10
4 34 10
32 39 7
26 41 8
8 45 3
24 50 3
17 53 2
49 55 10
45 58 9
51 59 1
26 65 52
36 65 57
20 68 14
25 75 6
35 75 12
56 76 12
75 76 60
44 86 3
28 90 5
57 90 16
48 91 3
5 92 12
44 92 8
27 98 7
10 99 3
68 100 3
85 102 1
5 104 24
12 110 2
62 110 5
102 119 14
109 119 21
36 122 5
9 124 3
56 124 8
51 129 6
26 132 9
71 134 15
94 135 10
159 168 9
171 193 3
157 195 7
147 198 8
147 208 8
153 208 1
240 267 8
241 269 5
254 274 6
190 277 2
225 291 8
289 293 1
192 294 4
147 298 3
276 312 9
260 321 10
193 335 7
248 336 10
321 338 1
239 357 9
270 357 2
356 357 6
158 359 3
352 359 9
213 361 1
316 369 3
228 378 9
242 380 4
169 382 10
227 389 8
315 391 10
173 400 1
391 402 8
154 407 5
223 407 8
355 409 4
184 410 6
299 410 8
137 421 6
309 422 4
260 428 10
304 428 10
212 429 6
148 431 6
159 438 4
291 438 6
363 439 5
352 441 10
306 442 1
328 444 1
161 445 7
353 445 7
340 446 4
292 448 2
412 449 1
203 456 9
249 464 7
465 469 3
267 476 8
405 481 7
147 487 5
468 490 4
343 491 1
185 496 4
410 496 8
232 500 4
228 501 1
294 503 5
367 509 1
146 519 4
232 520 1
512 521 9
168 536 1
149 537 10
156 539 3
335 540 5
258 541 4
338 541 4
203 542 5
503 543 5
501 545 6
413 551 7
355 554 2
371 556 6
267 558 9
355 559 7
431 559 3
219 566 6
342 566 8
502 566 8
273 570 9
457 570 6
160 574 7
397 576 2
387 577 9
243 579 1
292 592 2
338 594 6
100 45 76
1 35 50
4 104 24
4 61 65
3 109 80
4 84 30
2 108 10
4 28 59
1 48 1
2 2 80
4 57 3
3 37 76
1 21 87