591 293 50 5 12
1 2 84
1 3 87
3 4 88
4 5 38
4 6 49
6 7 10
2 8 9
4 9 86
4 10 8
5 11 44
6 12 22
1 13 7
5 14 10
2 15 76
7 16 11
4 17 10
4 18 10
8 19 9
9 20 82
12 21 22
1 22 70
20 23 82
23 24 9
16 25 8
5 26 5
10 27 8
5 28 7
27 29 72
19 30 9
30 31 3
9 32 9
5 33 1
7 34 10
10 35 4
27 36 31
17 37 73
29 38 9
5 39 5
25 40 8
27 41 40
17 42 83
21 43 67
16 44 8
31 45 6
4 46 4
6 47 4
30 48 1
45 49 6
28 50 7
15 51 76
1 52 81
21 53 88
22 54 19
22 55 7
49 56 3
18 57 1
53 58 56
1 59 9
58 60 81
7 61 2
53 62 32
41 63 40
62 64 32
27 65 73
3 66 33
60 67 81
39 68 5
2 69 1
68 70 9
63 71 1
3 72 3
40 73 8
15 74 10
16 75 19
75 76 19
42 77 83
20 78 4
63 79 10
49 80 5
77 81 7
36 82 23
31 83 1
72 84 3
58 85 9
28 86 3
57 87 4
84 88 8
60 89 4
22 90 52
23 91 85
54 92 10
63 93 40
7 94 7
65 95 76
15 96 30
78 97 2
30 98 9
83 99 7
94 100 7
36 101 8
37 102 8
87 103 2
64 104 32
65 105 8
49 106 84
73 107 12
69 108 7
60 109 7
67 110 10
8 111 3
106 112 67
67 113 9
11 114 6
92 115 3
106 116 10
96 117 9
21 118 10
49 119 5
72 120 5
102 121 7
21 122 5
48 123 7
20 124 9
12 125 5
43 126 67
98 127 52
15 128 1
91 129 2
116 130 10
41 131 9
123 132 5
49 133 90
12 134 10
24 135 8
1 136 82
119 137 9
25 138 8
98 139 44
37 140 5
13 141 4
89 142 6
85 143 8
82 144 23
4 145 3
14 146 3
18 147 6
96 148 66
71 149 5
9 34 9
9 37 7
37 65 3
52 67 81
38 70 1
73 77 20
21 79 6
50 81 7
34 83 4
44 84 10
66 90 33
76 90 19
57 93 12
88 93 87
88 94 1
51 95 76
58 101 8
3 104 32
84 106 19
57 107 12
74 117 7
24 119 10
34 121 10
112 126 67
23 133 34
60 136 75
77 136 87
116 137 9
11 139 44
38 143 8
54 144 19
116 144 19
68 147 9
152 163 9
156 197 1
188 198 4
201 211 5
172 222 3
181 238 1
181 244 9
184 249 2
236 268 4
237 285 1
190 288 6
202 288 10
185 292 8
219 292 6
174 293 3
168 294 5
261 295 3
286 296 1
259 298 3
276 314 8
175 320 8
188 320 5
209 323 5
227 325 1
291 327 7
218 335 2
285 336 1
199 340 4
172 341 1
297 344 8
164 345 5
303 346 4
169 352 3
352 357 4
245 358 8
199 362 3
318 367 2
325 370 8
376 379 1
202 385 10
377 387 10
190 391 2
164 394 5
182 398 8
360 402 7
253 405 3
336 406 1
237 411 6
189 414 10
270 414 2
287 417 2
368 421 1
372 422 3
375 423 4
191 424 8
404 425 6
172 427 1
180 429 4
203 430 1
247 434 2
429 435 10
404 439 6
415 439 9
220 445 7
442 446 3
189 452 4
176 453 7
431 456 8
454 460 10
226 474 2
371 475 7
199 479 7
473 479 8
269 480 9
358 486 3
295 489 4
153 496 8
266 499 4
307 500 3
208 501 4
406 508 4
261 510 1
428 511 8
318 512 6
248 513 8
302 514 7
166 515 1
399 523 7
250 524 5
237 525 3
521 525 7
186 526 1
351 528 3
384 533 7
305 535 7
327 536 2
478 540 9
431 543 5
283 546 8
312 556 3
406 557 9
280 559 1
405 563 6
301 564 3
306 573 6
554 576 1
342 578 6
199 580 5
389 581 2
188 582 4
358 585 1
295 590 10
18 11 54 28 25 106 88 12 68 84 94 6 116 30 31 21 96 8 136 23 38 83 63 22 20 34 5 77 2 10 119 53 7 67 90 9 37 16 144 15 60 4 41 17 65 3 98 93 73 24
3 144 5
5 6 98
5 49 96
1 91 85
3 88 87
1 60 84
1 18 11
1 133 91
3 148 66
1 29 81
1 127 52
2 37 80