593 384 61 8 19
1 2 98
1 3 71
3 4 47
3 5 76
3 6 22
3 7 10
1 8 85
7 9 9
4 10 50
7 11 4
2 12 6
1 13 9
8 14 10
3 15 8
14 16 16
4 17 2
16 18 10
3 19 3
6 20 36
1 21 6
1 22 10
11 23 2
5 24 20
22 25 4
17 26 9
26 27 8
3 28 69
24 29 20
5 30 76
7 31 6
10 32 1
30 33 10
31 34 8
34 35 8
34 36 6
1 37 56
13 38 5
8 39 33
2 40 9
37 41 56
16 42 8
15 43 7
40 44 3
11 45 2
34 46 10
5 47 6
19 48 4
18 49 8
6 50 75
5 51 10
45 52 51
36 53 6
53 54 8
44 55 3
35 56 4
49 57 1
37 58 9
39 59 33
19 60 5
42 61 10
13 62 10
13 63 4
10 64 52
23 65 7
14 66 6
37 67 6
15 68 9
14 69 8
43 70 5
10 71 2
35 72 5
23 73 7
60 74 3
59 75 59
42 76 9
45 77 5
4 78 10
43 79 9
48 80 9
61 81 6
16 82 5
66 83 7
6 84 6
53 85 1
45 86 51
13 87 4
42 88 7
7 89 6
59 90 4
71 91 4
32 92 10
40 93 3
53 94 1
53 95 4
47 96 7
24 97 3
66 98 5
20 99 36
7 100 10
92 101 8
78 102 7
50 103 75
95 104 1
40 105 7
27 106 8
16 107 7
21 108 8
48 109 9
1 110 30
8 111 39
100 112 3
97 113 9
70 114 2
103 115 1
99 116 99
69 117 4
9 118 3
52 119 10
119 120 8
88 121 1
3 122 5
120 123 1
111 124 39
99 125 61
80 126 10
122 127 9
89 128 6
44 129 7
125 130 5
33 131 10
124 132 9
71 133 7
116 134 7
117 135 10
46 136 10
37 137 8
41 138 56
5 139 7
128 140 3
136 141 1
41 142 6
74 143 9
19 144 9
121 145 2
129 146 5
77 147 5
2 148 7
71 149 2
46 150 9
137 151 9
98 152 5
65 153 8
13 154 2
108 155 5
50 156 5
62 157 10
145 158 8
25 159 3
45 160 7
131 161 10
62 162 7
10 163 3
95 164 3
37 165 10
37 166 7
69 167 8
83 168 9
144 169 2
76 170 6
52 171 5
67 172 3
125 173 1
161 174 8
64 175 48
6 176 84
41 177 10
76 178 9
114 179 1
59 180 5
62 181 2
36 182 5
75 183 3
9 184 6
148 185 3
126 186 8
176 187 80
78 188 3
86 189 61
124 190 5
17 191 26
73 192 4
79 193 9
153 194 5
178 195 9
124 196 5
99 197 7
157 198 25
193 199 2
109 200 6
69 201 9
83 202 97
110 203 30
159 204 6
172 205 5
80 206 3
171 207 9
104 208 1
207 209 8
107 210 2
198 211 10
135 212 2
180 213 8
17 214 3
89 215 7
24 216 5
202 217 5
39 218 2
94 219 6
31 220 8
135 221 10
187 222 20
79 223 6
111 224 7
188 225 9
83 226 3
168 227 3
88 228 3
48 229 2
172 230 3
18 231 9
32 232 11
229 233 5
149 234 9
21 235 2
142 236 2
227 237 5
28 238 69
37 239 9
17 240 26
60 241 7
173 242 2
115 243 8
234 244 4
201 245 4
3 49 2
44 62 2
14 74 9
68 76 4
53 87 5
15 91 8
63 100 4
16 101 8
90 105 4
8 117 7
92 121 2
64 125 4
79 126 4
63 129 4
102 129 9
39 135 5
86 138 56
13 146 7
6 147 5
85 149 8
1 155 3
27 167 8
131 171 2
106 174 8
11 176 4
9 181 8
108 184 4
8 191 26
151 192 3
26 194 3
148 196 10
169 197 4
188 197 9
86 199 6
112 200 8
2 202 98
157 203 30
152 207 6
187 213 5
72 215 2
29 222 20
22 223 6
167 226 6
30 232 11
145 233 8
37 236 4
121 237 10
142 237 6
168 238 2
187 238 28
217 238 5
122 240 2
129 240 5
167 241 7
21 244 10
105 244 7
295 303 1
264 312 7
322 324 2
285 328 9
313 332 3
305 344 4
349 365 9
362 376 8
264 378 6
360 381 10
347 384 7
280 387 6
352 388 2
334 389 9
288 390 2
320 390 9
375 390 3
246 392 3
368 406 4
289 409 8
263 411 5
278 411 3
381 416 4
248 418 5
261 421 7
289 424 4
337 424 2
338 424 1
311 425 7
337 426 3
391 428 6
259 432 3
377 432 9
409 433 3
288 435 2
280 443 3
254 445 10
258 446 1
247 450 3
408 450 2
392 454 9
418 455 2
353 459 3
301 464 9
273 469 1
247 471 1
303 475 1
481 482 1
440 485 3
323 486 8
345 486 7
422 502 2
317 503 7
351 508 5
293 510 7
441 512 1
255 518 8
394 519 10
413 520 6
276 524 5
424 524 7
398 525 2
406 526 1
426 530 4
522 530 3
484 534 5
254 538 6
295 540 1
363 542 10
440 543 3
283 547 8
256 566 2
442 566 2
404 568 1
410 569 6
326 571 3
319 577 3
395 581 8
346 583 6
334 584 10
471 585 1
302 589 8
490 589 1
406 593 10
60 48 63 37 197 13 79 131 244 36 59 30 18 149 74 16 53 34 21 44 2 32 157 40 78 121 89 5 10 135 237 105 92 240 19 187 4 145 42 23 125 24 100 117 122 124 66 69 17 86 45 62 176 167 71 80 126 207 27 52 202
1 195 7
2 157 60
4 52 51
7 116 99
4 83 100
4 240 46
2 195 9
4 175 48
5 89 2
5 238 79
1 83 92
6 33 7
3 189 61
3 75 59
5 124 94
1 30 96
5 59 25
8 198 25
7 103 75