593 540 102 7 14
1 2 73
2 3 61
3 4 10
3 5 21
5 6 7
1 7 20
5 8 5
2 9 4
8 10 8
3 11 37
1 12 93
6 13 1
3 14 25
7 15 7
15 16 7
1 17 88
12 18 35
6 19 14
10 20 29
7 21 2
3 22 10
15 23 7
6 24 7
19 25 41
23 26 6
13 27 5
15 28 2
26 29 4
22 30 5
7 31 18
14 32 5
16 33 4
14 34 20
34 35 50
16 36 1
3 37 3
17 38 21
23 39 6
19 40 27
36 41 7
27 42 10
41 43 5
26 44 7
41 45 1
44 46 38
9 47 9
25 48 69
44 49 6
40 50 2
23 51 7
40 52 29
7 53 8
6 54 4
51 55 8
42 56 3
10 57 36
2 58 4
35 59 50
52 60 6
56 61 4
61 62 3
36 63 9
11 64 37
59 65 7
9 66 11
25 67 6
38 68 21
10 69 2
68 70 23
37 71 2
17 72 93
16 73 4
22 74 2
67 75 4
12 76 38
40 77 10
55 78 2
32 79 1
61 80 9
37 81 4
34 82 88
52 83 26
51 84 8
1 85 8
12 86 9
42 87 1
63 88 3
53 89 4
27 90 8
64 91 8
3 92 7
17 93 1
58 94 12
87 95 3
69 96 10
40 97 2
57 98 58
91 99 2
49 100 8
63 101 3
15 102 6
7 103 10
94 104 7
75 105 2
59 106 4
75 107 3
21 108 8
88 109 9
93 110 2
94 111 9
57 112 10
28 113 1
48 114 3
2 115 66
9 116 2
8 117 7
4 118 7
95 119 3
34 120 8
95 121 9
14 122 1
37 123 10
112 124 8
55 125 9
60 126 7
24 127 4
73 128 8
22 129 10
72 130 55
95 131 8
66 132 20
44 133 35
106 134 6
70 135 23
88 136 6
101 137 7
3 138 10
82 139 10
123 140 3
54 141 17
58 142 9
61 143 7
134 144 2
102 145 6
27 146 34
84 147 5
103 148 4
111 149 5
6 150 10
25 151 8
124 152 6
57 153 96
127 154 1
135 155 7
59 156 8
149 157 9
135 158 24
78 159 9
60 160 1
153 161 8
13 162 8
137 163 7
83 164 1
20 165 7
120 166 5
94 167 7
163 168 10
133 169 8
167 170 2
96 171 3
23 172 3
14 173 4
63 174 1
92 175 9
54 176 21
118 177 10
126 178 4
53 179 8
28 180 4
53 181 2
159 182 5
128 183 8
150 184 6
149 185 4
101 186 4
18 187 3
125 188 5
96 189 5
150 190 33
68 191 30
136 192 9
27 193 7
9 194 5
131 195 6
62 196 5
22 197 16
125 198 9
109 199 7
112 200 1
71 201 9
105 202 6
40 203 29
197 204 9
27 205 7
92 206 4
130 207 10
162 208 9
76 209 38
65 210 3
118 211 6
64 212 13
83 213 4
163 214 10
143 215 10
27 216 44
87 217 7
46 218 2
38 219 4
148 220 3
149 221 10
178 222 8
218 223 9
86 224 8
191 225 30
2 226 4
95 227 2
193 228 3
150 229 6
87 230 6
207 231 9
203 232 29
106 233 5
9 234 9
21 235 9
74 236 3
202 237 1
166 238 2
48 239 69
103 240 9
91 241 3
95 242 5
52 243 20
133 244 4
57 245 75
50 246 3
233 247 4
212 248 8
59 249 10
241 250 1
13 251 9
202 252 6
236 253 7
118 254 4
49 255 9
25 256 2
64 257 19
115 258 66
228 259 2
55 260 10
73 261 7
190 262 8
199 263 6
174 264 7
65 265 4
258 266 66
158 267 24
155 268 3
121 269 8
207 270 10
205 271 8
36 272 10
87 273 10
10 274 7
126 275 2
272 276 1
47 277 10
210 278 7
105 279 9
278 280 2
17 281 9
103 282 3
269 283 8
248 284 4
188 285 6
238 286 10
57 287 5
99 288 3
155 289 7
22 290 6
155 291 7
87 292 6
221 293 3
254 294 8
232 295 57
241 296 10
170 297 8
147 298 7
149 299 8
260 300 10
164 301 2
224 302 7
184 303 4
183 304 1
289 305 10
241 306 8
12 307 21
166 308 2
31 309 18
202 310 6
156 311 9
224 312 3
259 313 4
22 314 9
261 315 5
37 316 3
307 317 5
263 318 9
41 319 7
52 320 6
126 321 10
164 322 6
168 323 10
115 324 9
320 325 5
293 326 2
72 327 10
296 328 1
229 329 3
23 330 7
128 331 10
63 332 3
122 333 10
150 334 3
143 335 4
29 336 2
28 337 9
133 338 35
19 339 4
60 340 9
196 341 10
279 342 9
155 343 10
60 344 2
87 345 3
335 346 10
20 347 6
39 348 9
15 349 2
274 350 7
77 351 10
344 352 9
176 353 21
68 354 3
184 355 10
82 356 50
245 357 6
341 358 2
5 359 3
14 360 1
26 361 1
127 362 4
59 363 35
250 364 5
135 365 4
359 366 2
219 367 4
174 368 1
29 369 3
128 370 1
157 371 10
278 372 4
52 373 2
149 374 4
165 375 4
70 376 10
271 377 7
21 378 1
319 379 7
362 380 4
120 381 10
235 382 3
267 383 24
18 20 29
29 50 3
52 58 10
44 64 38
55 67 3
52 75 4
25 83 26
81 87 8
69 90 10
77 102 9
27 104 7
102 108 1
95 112 6
21 118 2
5 141 17
130 142 77
32 145 5
117 146 7
52 156 7
108 156 6
91 157 6
99 163 3
128 167 7
150 174 3
58 177 2
94 180 4
44 183 8
128 186 7
99 189 2
109 195 8
146 196 34
38 197 16
55 205 8
59 205 9
196 209 38
192 210 8
66 212 9
145 213 5
178 213 7
64 217 9
69 218 5
69 223 3
84 225 30
38 228 10
80 228 5
117 232 14
102 242 9
98 243 58
46 245 49
226 247 1
160 250 7
25 251 8
159 256 2
241 261 5
193 264 5
28 267 8
72 277 44
195 285 4
109 288 3
257 294 10
12 295 57
252 296 8
162 299 9
235 300 10
106 301 4
190 307 21
59 309 44
12 310 1
84 312 53
130 312 53
281 312 3
43 313 8
165 320 10
99 322 4
266 323 66
69 324 6
194 324 9
250 326 5
101 331 7
299 335 8
277 338 35
192 341 7
126 345 3
147 345 6
159 347 9
305 350 7
307 353 21
280 358 5
93 359 6
140 359 6
29 361 1
18 363 35
69 367 10
352 372 2
86 378 10
150 379 3
230 379 9
241 381 8
239 383 24
384 389 2
424 431 9
388 432 6
421 443 6
419 446 9
435 446 5
389 450 4
424 455 5
418 461 2
460 470 5
397 477 1
468 479 4
466 482 2
478 484 5
450 487 5
444 489 3
429 498 9
400 499 9
431 500 7
448 500 2
490 501 2
388 508 9
499 509 3
459 515 1
454 521 3
406 524 3
424 526 8
406 527 6
419 533 5
501 536 2
441 538 6
400 540 9
452 541 4
491 541 6
507 543 5
540 543 5
470 544 9
538 547 9
501 551 9
544 554 2
470 556 8
522 556 1
466 561 3
509 561 10
413 562 6
554 562 6
492 563 8
413 566 3
547 567 9
549 567 2
492 570 8
539 573 9
546 575 5
572 578 7
435 580 10
385 584 2
408 584 8
384 590 9
529 593 3
2 7 196 345 65 92 143 26 146 59 379 19 296 164 324 64 167 54 3 37 101 77 174 61 41 197 118 213 36 91 205 125 5 135 112 40 202 178 53 73 67 15 63 34 22 278 105 21 312 16 115 109 103 145 27 72 28 58 48 13 87 133 84 241 108 130 99 52 93 245 102 46 232 96 193 299 150 75 23 83 190 184 126 42 94 50 183 86 212 162 335 69 14 44 156 250 51 12 117 147 157 17
3 323 76
1 356 50
6 142 77
4 82 88
7 153 96
2 309 61
6 257 19
2 216 44
6 243 77
5 150 33
4 132 20
3 239 93
1 225 60
2 338 69