592 560 150 3 9
1 2 10
1 3 78
3 4 15
2 5 3
2 6 7
2 7 10
2 8 8
5 9 18
1 10 54
10 11 21
4 12 3
1 13 69
8 14 40
7 15 4
13 16 3
5 17 2
13 18 67
11 19 3
10 20 8
12 21 3
14 22 8
15 23 3
9 24 1
8 25 6
23 26 10
26 27 1
7 28 6
19 29 1
2 30 1
12 31 33
31 32 2
31 33 3
14 34 10
22 35 8
33 36 4
15 37 7
17 38 8
13 39 4
22 40 3
8 41 6
34 42 1
3 43 10
33 44 8
43 45 1
3 46 8
39 47 9
8 48 3
26 49 3
10 50 54
31 51 4
25 52 5
10 53 8
9 54 1
16 55 2
7 56 9
51 57 5
43 58 5
38 59 4
12 60 2
29 61 7
33 62 2
4 63 6
39 64 5
35 65 61
1 66 3
14 67 4
58 68 6
36 69 3
39 70 2
31 71 1
30 72 1
2 73 3
22 74 5
36 75 5
53 76 8
23 77 8
14 78 58
15 79 9
16 80 4
12 81 10
4 82 6
26 83 1
22 84 2
69 85 10
55 86 10
40 87 1
54 88 3
5 89 18
7 90 3
47 91 3
10 92 33
4 93 6
70 94 6
75 95 2
93 96 5
87 97 6
89 98 10
49 99 3
25 100 5
82 101 8
14 102 10
98 103 5
18 104 3
72 105 7
3 106 72
26 107 10
106 108 2
47 109 1
49 110 8
43 111 5
91 112 3
9 113 3
57 114 4
6 115 3
42 116 3
56 117 5
72 118 3
59 119 5
26 120 8
102 121 8
11 122 1
79 123 10
117 124 8
117 125 8
121 126 3
102 127 64
59 128 7
115 129 5
87 130 4
105 131 4
67 132 5
19 133 1
12 134 9
82 135 10
121 136 1
107 137 10
84 138 8
60 139 9
129 140 6
25 141 3
69 142 10
123 143 8
30 144 2
19 145 9
10 146 4
19 147 3
47 148 1
85 149 3
104 150 4
86 151 3
104 152 3
10 153 10
73 154 7
79 155 22
68 156 4
33 157 3
141 158 9
105 159 2
158 160 10
151 161 3
99 162 4
85 163 4
42 164 1
111 165 9
109 166 6
50 167 10
27 168 7
95 169 7
40 170 3
59 171 5
82 172 8
36 173 9
67 174 9
81 175 7
85 176 7
60 177 4
101 178 7
69 179 8
52 180 7
134 181 10
68 182 10
59 183 9
152 184 1
36 185 1
77 186 8
35 187 2
157 188 10
14 189 1
81 190 6
106 191 1
125 192 6
162 193 4
134 194 3
122 195 8
138 196 8
115 197 7
90 198 8
10 199 7
99 200 1
153 201 3
63 202 10
92 203 33
86 204 1
48 205 3
60 206 9
51 207 4
82 208 2
130 209 1
170 210 8
12 211 5
198 212 7
63 213 3
11 214 3
127 215 5
88 216 10
58 217 4
150 218 10
149 219 3
2 220 5
205 221 10
200 222 3
36 223 8
10 224 4
174 225 2
15 226 3
200 227 4
73 228 4
195 229 3
141 230 8
22 231 5
215 232 4
76 233 5
23 234 8
206 235 4
190 236 8
135 237 6
9 238 56
86 239 6
227 240 6
34 241 3
239 242 34
35 243 10
3 244 3
156 245 3
1 246 6
215 247 7
156 248 2
163 249 10
74 250 1
42 251 9
84 252 3
163 253 10
106 254 10
247 255 3
170 256 5
54 257 6
186 258 8
26 259 2
11 260 21
8 261 1
117 262 1
233 263 5
155 264 9
232 265 8
259 266 1
134 267 5
245 268 4
224 269 10
269 270 3
144 271 4
239 272 40
120 273 2
178 274 6
92 275 10
30 276 2
116 277 9
102 278 55
269 279 3
206 280 3
206 281 3
16 282 7
115 283 8
134 284 8
265 285 9
156 286 10
14 287 7
273 288 2
237 289 7
192 290 1
127 291 74
133 292 2
271 293 8
71 294 6
11 295 9
283 296 9
31 297 33
65 298 61
82 299 5
235 300 2
218 301 10
278 302 3
266 303 7
135 304 7
236 305 8
191 306 10
293 307 5
103 308 8
287 309 2
9 310 33
169 311 2
126 312 4
290 313 5
26 314 1
18 315 6
48 316 10
84 317 10
42 318 10
72 319 4
170 320 8
147 321 6
164 322 4
160 323 8
110 324 8
146 325 10
34 326 7
237 327 4
130 328 5
257 329 1
78 330 58
96 331 4
114 332 4
172 333 5
221 334 3
166 335 2
276 336 10
53 337 2
274 338 1
210 339 4
28 340 1
241 341 4
3 342 4
279 343 1
131 344 3
234 345 3
30 346 6
228 347 10
190 348 8
285 349 5
5 350 8
202 351 2
262 352 8
110 353 2
97 354 5
67 355 7
249 356 7
229 357 10
148 358 7
78 359 5
183 360 2
182 361 4
97 362 9
298 363 10
215 364 7
176 365 5
148 366 10
303 367 9
256 368 7
131 369 1
303 370 5
47 371 8
270 372 5
233 373 1
168 374 9
312 375 5
163 376 6
173 377 8
324 378 3
289 379 1
3 380 7
322 381 7
229 382 5
257 383 1
264 384 4
282 385 6
238 386 56
84 387 4
202 388 9
219 389 3
299 390 1
122 391 7
56 392 8
48 393 8
386 394 56
17 395 5
3 8 32
24 40 1
12 50 33
14 54 2
1 63 6
72 89 1
79 89 22
35 106 53
2 110 1
105 111 5
91 122 5
61 126 7
9 127 6
102 131 5
122 131 6
147 149 6
40 150 4
123 157 6
155 161 2
95 162 1
97 162 4
88 170 2
127 172 4
105 177 1
144 185 6
113 187 1
11 189 7
93 190 8
108 191 7
122 191 9
100 193 8
47 195 6
26 196 8
92 197 8
116 205 2
43 207 9
109 209 6
93 210 4
165 211 4
173 216 3
63 218 5
7 219 5
58 219 9
88 219 10
106 223 3
95 227 4
108 230 5
34 232 1
64 233 4
2 236 4
4 242 9
83 243 8
216 243 1
107 244 7
195 244 5
193 246 3
50 251 34
17 252 2
149 258 3
205 259 1
17 263 10
140 264 7
92 266 3
184 266 3
142 267 5
215 270 7
39 274 5
113 276 4
223 276 2
106 278 55
134 279 4
27 280 8
88 289 10
53 290 10
98 290 6
190 293 3
226 293 4
89 297 33
18 298 61
67 300 6
250 300 7
7 304 1
33 305 8
225 309 3
203 310 33
214 314 10
239 315 6
146 319 7
42 328 10
136 328 2
94 333 7
214 338 6
273 342 10
10 352 8
242 352 8
242 360 5
174 361 9
44 364 1
59 364 9
83 365 7
228 365 7
287 365 7
260 368 2
161 371 1
216 372 10
242 377 9
366 377 6
90 384 6
300 393 7
401 419 8
429 447 10
429 450 2
452 453 6
400 454 1
405 458 3
412 469 7
440 470 7
431 474 6
447 475 7
402 481 3
419 481 3
447 482 2
399 483 10
484 487 10
397 490 7
416 498 9
405 503 5
472 507 10
485 512 5
406 517 9
494 518 6
461 522 5
502 537 8
511 537 8
420 539 2
438 540 8
396 541 4
411 541 7
466 544 5
528 544 6
539 544 2
401 546 6
485 547 10
396 557 4
441 558 5
535 562 3
543 562 4
499 563 8
531 563 10
506 564 2
541 564 3
454 566 8
526 566 3
566 567 9
477 568 1
427 571 7
446 571 4
422 574 2
456 575 9
466 576 4
492 580 3
428 585 8
545 586 4
508 588 9
584 589 10
520 592 3
73 233 109 228 102 111 25 270 215 91 130 85 148 174 172 232 90 126 244 278 27 69 146 92 127 155 202 287 237 134 88 364 264 162 34 11 82 40 5 214 200 43 298 99 227 170 35 290 87 104 121 122 22 97 293 276 47 266 223 67 58 131 173 60 161 50 51 123 42 17 26 259 59 117 110 216 195 4 2 269 54 12 98 9 149 116 56 78 156 273 68 135 10 279 328 48 229 219 93 86 377 365 8 147 36 31 79 23 15 236 105 205 239 39 193 14 95 300 257 206 163 13 30 191 289 190 107 81 303 33 72 53 19 218 18 7 210 352 108 243 157 144 49 115 106 141 89 274 113 242
1 35 66
1 330 58
3 394 56
3 260 21
2 106 69
2 291 74
2 272 40
3 155 44
2 251 34