601 306 29 12 15
1 2 6
1 3 62
1 4 56
3 5 2
1 6 58
6 7 58
4 8 37
8 9 37
4 10 7
7 11 4
5 12 10
12 13 4
11 14 8
7 15 39
3 16 9
8 17 5
1 18 54
1 19 54
11 20 8
9 21 37
18 22 35
9 23 14
4 24 56
4 25 1
12 26 53
22 27 35
13 28 1
16 29 7
24 30 6
20 31 5
6 32 7
22 33 3
12 34 4
16 35 15
21 36 37
27 37 4
15 38 54
34 39 4
36 40 7
1 41 5
25 42 9
22 43 4
42 44 15
14 45 22
13 46 10
36 47 1
26 48 10
35 49 2
16 50 7
7 51 16
12 52 54
38 53 54
20 54 7
15 55 15
38 56 22
38 57 7
7 58 26
17 59 9
51 60 10
19 61 55
61 62 7
3 63 8
46 64 2
64 65 5
34 66 4
58 67 26
14 68 23
14 69 9
27 70 8
18 71 23
27 72 34
1 73 10
55 74 15
27 75 6
16 76 1
19 77 9
61 78 55
72 79 34
75 80 2
51 81 4
68 82 25
29 83 5
80 84 3
27 85 2
60 86 5
31 87 3
84 88 3
30 89 10
64 90 9
36 91 6
4 92 5
53 93 7
19 94 10
64 95 6
5 96 3
50 97 3
91 98 6
35 99 6
82 100 25
31 101 4
55 102 2
89 103 3
103 104 8
44 105 15
50 106 7
35 107 9
36 108 5
8 109 5
51 110 9
53 111 54
14 112 2
88 113 6
98 114 8
7 115 1
55 116 6
67 117 10
113 118 6
4 119 25
119 120 25
26 121 17
98 122 6
43 123 1
55 124 6
1 125 6
82 126 8
5 127 7
105 128 9
37 129 6
47 130 5
35 131 4
64 132 3
76 133 6
56 134 22
26 135 9
86 136 7
23 137 8
46 138 9
70 139 3
64 140 5
84 141 3
67 142 3
125 143 1
11 144 8
25 145 4
106 146 3
114 147 5
23 148 6
46 149 6
52 150 53
90 151 6
63 152 6
94 153 9
99 154 7
20 155 4
27 156 4
134 157 22
28 158 4
18 159 2
3 160 62
64 161 8
77 162 7
46 163 7
50 164 2
119 165 1
160 166 60
74 167 15
24 25 15
13 29 7
36 37 5
18 40 9
30 42 7
26 51 53
3 60 7
25 61 15
54 68 9
65 70 7
78 79 55
14 84 10
20 89 3
42 89 6
19 90 2
44 96 7
100 120 25
113 122 10
54 124 5
45 127 22
51 127 13
80 127 5
41 128 1
39 131 4
88 135 2
116 137 8
24 139 39
68 141 7
38 148 4
79 150 53
49 152 8
92 153 7
26 157 22
5 161 2
140 161 1
134 162 7
78 163 7
132 164 8
71 166 23
105 167 15
213 230 2
172 234 6
172 250 8
223 281 5
215 288 2
283 290 7
229 297 10
234 300 8
223 307 2
295 311 3
220 317 4
190 318 8
265 319 5
282 323 6
211 329 1
248 329 2
258 329 10
175 335 2
228 347 10
305 353 9
248 359 8
320 360 8
340 378 3
173 383 10
347 391 8
281 394 7
297 394 7
267 401 1
258 404 10
357 404 9
233 406 1
275 407 1
322 409 3
400 410 7
196 411 5
269 416 1
231 422 1
410 425 2
194 426 4
271 431 9
278 431 10
349 431 5
319 434 10
306 436 8
267 440 1
279 443 4
288 450 9
361 450 5
418 458 7
267 459 10
224 460 9
395 467 7
335 471 7
331 476 1
447 476 3
415 478 1
311 479 2
267 484 4
209 489 9
197 497 5
431 497 5
493 497 2
191 498 1
396 499 2
247 500 2
172 503 9
213 506 1
443 507 3
436 509 3
178 514 3
197 515 9
443 515 8
324 516 8
447 520 9
294 523 5
230 525 1
378 530 3
446 535 4
314 536 4
182 546 7
358 552 7
222 553 8
245 554 10
320 559 4
191 560 5
399 565 10
410 567 5
319 570 2
550 570 3
409 581 2
222 583 7
503 583 1
347 584 1
339 587 7
305 589 4
350 590 3
583 597 10
219 600 2
249 600 7
256 600 1
23 50 12 25 127 29 88 55 14 70 61 64 19 51 36 54 79 31 67 20 161 26 4 34 11 24 35 27 18
10 96 10
11 8 73
4 52 73
1 15 15
6 139 39
4 18 94
2 117 10
10 121 17
10 111 54
6 110 9
9 51 91
9 166 83
6 35 31
10 4 5
12 100 30