600 432 88 6 10
1 2 73
2 3 45
3 4 40
1 5 80
5 6 74
1 7 76
7 8 6
7 9 9
6 10 74
5 11 6
10 12 8
2 13 10
4 14 21
13 15 21
1 16 9
7 17 6
2 18 29
7 19 4
4 20 9
5 21 10
2 22 5
6 23 7
4 24 1
22 25 4
2 26 9
9 27 9
2 28 7
28 29 6
25 30 8
25 31 4
17 32 8
10 33 74
16 34 6
4 35 7
13 36 9
20 37 1
14 38 9
15 39 53
35 40 1
2 41 7
9 42 3
20 43 3
10 44 2
11 45 6
19 46 6
34 47 10
43 48 6
13 49 10
39 50 62
44 51 3
19 52 7
41 53 6
32 54 3
5 55 74
33 56 9
19 57 1
41 58 10
25 59 7
3 60 5
53 61 8
35 62 5
45 63 9
49 64 6
63 65 4
20 66 4
28 67 2
30 68 5
68 69 1
10 70 9
70 71 3
34 72 7
72 73 2
22 74 7
66 75 4
31 76 25
46 77 7
38 78 2
61 79 6
20 80 5
4 81 52
70 82 5
61 83 2
14 84 8
80 85 4
1 86 8
13 87 12
49 88 1
45 89 7
67 90 7
60 91 10
54 92 2
50 93 6
23 94 6
15 95 30
8 96 3
43 97 8
16 98 1
32 99 4
63 100 7
37 101 3
34 102 9
14 103 19
51 104 6
69 105 10
26 106 8
67 107 6
40 108 4
57 109 8
66 110 7
84 111 1
4 112 7
52 113 8
78 114 3
82 115 8
9 116 5
111 117 4
112 118 1
12 119 9
79 120 7
80 121 6
101 122 3
104 123 2
85 124 5
104 125 1
116 126 3
15 127 4
58 128 6
126 129 3
42 130 2
35 131 10
131 132 10
76 133 56
44 134 2
120 135 10
90 136 5
36 137 2
45 138 8
45 139 8
41 140 6
140 141 6
11 142 8
18 143 5
107 144 3
23 145 4
17 146 7
72 147 5
138 148 9
91 149 2
84 150 7
47 151 4
39 152 9
127 153 3
87 154 6
61 155 1
144 156 9
7 157 80
31 158 6
77 159 4
94 160 6
83 161 2
52 162 5
3 163 23
154 164 3
85 165 2
75 166 4
33 167 15
32 168 10
133 169 8
119 170 8
44 171 6
56 172 1
131 173 6
70 174 3
19 175 7
31 176 2
29 177 4
63 178 19
48 179 6
69 180 7
16 181 6
113 182 7
94 183 7
22 184 7
83 185 5
49 186 1
156 187 6
103 188 7
93 189 7
18 190 11
187 191 8
135 192 1
59 193 6
130 194 5
120 195 9
181 196 8
173 197 9
62 198 7
5 199 2
131 200 6
137 201 6
194 202 5
106 203 3
149 204 9
55 205 2
202 206 8
52 207 7
137 208 9
79 209 6
49 210 8
47 211 5
172 212 4
89 213 1
173 214 5
213 215 7
170 216 8
183 217 2
12 218 9
4 219 7
211 220 2
129 221 7
28 222 7
53 223 3
6 224 4
212 225 1
62 226 6
112 227 1
201 228 7
53 229 7
115 230 1
74 231 9
171 232 5
10 233 1
70 234 6
68 235 4
56 236 5
47 237 8
28 238 3
36 239 9
11 240 9
31 241 7
102 242 7
220 243 2
99 244 7
11 245 7
95 246 2
29 247 4
228 248 8
106 249 7
103 250 6
170 251 6
31 252 5
154 253 6
30 254 6
133 255 54
205 256 2
193 257 1
88 258 7
84 259 7
179 260 5
91 261 1
83 262 10
69 263 5
250 264 6
238 265 3
173 266 9
190 267 6
108 268 10
66 269 2
96 270 10
190 271 7
139 272 9
145 273 4
131 274 8
197 275 5
131 276 8
258 277 9
36 39 9
7 48 6
25 49 7
2 52 3
25 53 4
2 60 5
18 63 19
50 82 18
77 86 2
18 89 5
58 93 3
55 95 30
20 102 6
8 107 6
19 117 2
67 122 5
103 122 3
61 158 6
92 159 6
54 160 7
13 162 7
80 164 10
28 165 6
137 165 5
79 167 5
124 176 7
27 178 55
34 178 10
13 188 4
149 191 6
133 195 4
182 197 10
43 200 8
36 203 4
188 209 8
186 210 8
139 216 8
178 223 4
191 232 1
30 233 3
167 238 9
138 242 8
176 243 5
152 245 4
52 247 7
31 248 15
141 248 1
239 248 9
181 249 8
40 250 8
217 250 4
46 251 3
141 254 8
192 254 3
95 257 5
139 258 6
191 258 2
189 262 8
87 264 6
248 266 9
237 270 8
55 272 45
255 272 54
21 277 2
305 325 9
317 334 4
311 344 7
306 345 8
309 349 8
320 362 7
322 362 10
355 362 6
319 386 1
386 390 9
313 392 4
301 394 4
322 407 8
309 408 8
322 409 1
341 411 2
332 412 8
336 420 7
391 421 5
409 423 9
342 437 4
342 439 2
367 441 5
303 444 3
289 445 4
447 449 5
424 450 4
286 452 1
394 453 5
351 454 6
288 456 1
363 458 9
376 459 4
457 461 5
456 463 7
353 468 10
394 475 8
448 476 10
363 478 3
315 479 3
447 480 2
447 482 4
369 483 4
411 485 8
420 488 1
444 492 10
347 496 3
415 501 3
484 501 8
498 502 2
406 507 6
429 508 3
413 517 2
447 517 5
484 518 7
422 522 4
337 525 5
443 527 9
435 530 5
494 531 10
343 534 9
509 534 10
420 537 2
324 539 4
347 539 2
448 539 9
370 540 7
292 541 5
429 542 9
452 544 3
529 544 7
458 545 3
536 546 7
354 547 2
389 560 3
388 561 3
379 564 3
365 565 2
537 568 4
503 575 3
534 575 3
452 576 10
436 578 7
547 580 2
445 582 3
488 583 7
310 586 4
314 588 7
402 591 4
553 592 9
459 593 2
587 600 4
49 45 141 238 85 48 5 23 167 52 8 50 47 84 103 32 53 95 17 82 176 173 197 28 72 3 31 12 133 30 15 19 70 55 190 11 10 178 29 94 89 137 106 58 102 104 181 77 83 93 54 69 154 33 18 272 25 68 258 131 254 138 170 67 149 122 63 87 44 139 39 80 188 35 91 41 6 107 250 191 9 34 13 20 4 7 120 43
6 133 59
3 163 23
1 76 81
5 27 63
2 157 80
6 50 79
4 33 88
1 81 52
1 5 37
6 15 33