600 539 139 7 13
1 2 47
2 3 16
1 4 6
1 5 53
5 6 3
4 7 10
6 8 5
5 9 7
8 10 6
10 11 10
10 12 10
3 13 9
1 14 55
5 15 7
8 16 2
13 17 7
10 18 9
3 19 9
13 20 11
13 21 5
20 22 4
16 23 5
17 24 2
13 25 2
25 26 2
5 27 48
12 28 6
28 29 3
5 30 7
14 31 48
23 32 7
5 33 37
28 34 7
20 35 9
16 36 10
12 37 17
23 38 7
28 39 9
35 40 7
16 41 3
26 42 6
36 43 1
11 44 10
27 45 49
11 46 1
37 47 17
1 48 7
33 49 7
24 50 10
5 51 8
7 52 2
11 53 4
2 54 4
27 55 5
5 56 16
33 57 37
5 58 8
46 59 43
5 60 9
28 61 3
60 62 3
48 63 5
45 64 8
26 65 7
41 66 10
44 67 8
61 68 1
38 69 2
11 70 6
26 71 8
4 72 4
7 73 5
18 74 8
62 75 5
28 76 4
35 77 5
6 78 2
71 79 7
35 80 2
60 81 6
59 82 21
46 83 44
52 84 7
10 85 3
52 86 4
33 87 21
73 88 25
73 89 2
66 90 7
89 91 5
84 92 6
90 93 7
55 94 9
12 95 10
83 96 54
65 97 1
25 98 10
32 99 8
51 100 3
75 101 4
30 102 7
10 103 3
42 104 7
70 105 4
27 106 8
37 107 6
29 108 6
86 109 8
88 110 25
107 111 8
92 112 6
52 113 9
4 114 9
64 115 3
83 116 2
69 117 6
43 118 10
118 119 10
108 120 7
77 121 3
22 122 10
80 123 3
9 124 10
34 125 9
105 126 10
1 127 55
12 128 7
7 129 1
50 130 2
32 131 5
66 132 8
87 133 4
118 134 10
82 135 21
110 136 10
86 137 8
44 138 4
92 139 5
10 140 24
3 141 10
33 142 3
57 143 53
104 144 10
19 145 7
112 146 8
96 147 20
46 148 2
9 149 8
13 150 6
135 151 1
36 152 10
114 153 7
18 154 9
140 155 1
53 156 7
45 157 2
57 158 6
140 159 24
7 160 8
74 161 10
70 162 9
35 163 4
146 164 6
99 165 8
38 166 8
14 167 8
100 168 5
152 169 7
89 170 7
104 171 27
64 172 7
5 173 14
134 174 1
113 175 1
155 176 7
158 177 8
22 178 9
39 179 3
110 180 46
10 181 35
51 182 10
135 183 21
169 184 4
50 185 8
37 186 9
92 187 9
127 188 6
115 189 7
88 190 24
35 191 6
31 192 48
185 193 3
126 194 7
147 195 5
167 196 4
78 197 8
68 198 8
149 199 2
100 200 8
177 201 4
157 202 4
163 203 5
133 204 9
149 205 8
203 206 3
113 207 9
14 208 37
189 209 4
149 210 3
63 211 2
2 212 21
94 213 9
156 214 8
15 215 8
148 216 7
154 217 9
140 218 9
81 219 3
125 220 14
216 221 9
168 222 7
217 223 5
223 224 3
162 225 9
129 226 5
27 227 39
90 228 9
202 229 5
113 230 8
162 231 9
170 232 10
134 233 9
95 234 3
209 235 9
47 236 17
101 237 3
63 238 3
212 239 5
33 240 35
172 241 3
160 242 9
213 243 6
231 244 9
8 245 9
61 246 5
79 247 3
127 248 53
147 249 17
96 250 6
83 251 8
224 252 6
106 253 4
142 254 10
203 255 4
16 256 8
120 257 9
2 258 3
186 259 8
252 260 6
147 261 7
110 262 21
164 263 5
51 264 8
228 265 10
11 266 2
168 267 2
127 268 8
228 269 1
220 270 14
145 271 56
68 272 8
252 273 4
107 274 7
56 275 16
121 276 6
194 277 1
180 278 10
215 279 2
27 280 19
226 281 6
267 282 4
133 283 7
234 284 4
271 285 56
66 286 6
243 287 5
175 288 9
242 289 9
115 290 8
142 291 7
144 292 4
288 293 8
27 294 3
98 295 8
163 296 5
85 297 9
73 298 14
42 299 10
113 300 7
105 301 1
16 302 10
171 303 9
287 304 2
86 305 3
101 306 8
208 307 29
170 308 3
255 309 8
20 310 6
124 311 9
153 312 6
46 313 8
9 314 5
254 315 2
183 316 3
121 317 1
179 318 8
164 319 11
37 320 5
28 321 9
167 322 3
287 323 9
124 324 7
296 325 21
309 326 8
266 327 2
110 328 7
70 329 6
149 330 8
39 331 2
137 332 7
88 333 3
170 334 9
315 335 6
147 336 10
86 337 3
243 338 10
130 339 1
48 340 9
306 341 8
130 342 3
171 343 2
62 344 7
212 345 21
295 346 3
255 347 8
61 348 3
98 349 4
312 350 6
14 351 8
139 352 6
329 353 9
339 354 10
301 355 6
284 356 6
39 357 3
84 358 9
247 359 8
136 360 3
289 361 7
343 362 2
129 363 1
351 364 7
169 365 8
247 366 10
267 367 6
186 368 2
36 369 2
161 370 3
265 371 3
304 372 10
166 373 7
105 374 3
164 375 6
137 376 2
109 377 3
223 378 9
270 379 9
282 380 3
324 381 4
214 382 7
142 383 2
207 384 9
341 385 6
163 386 1
172 387 6
289 388 48
349 389 9
280 390 19
54 391 1
334 392 8
236 393 7
286 394 20
109 395 8
273 396 10
22 54 6
26 67 7
32 73 38
52 76 7
50 79 5
26 86 8
42 89 4
27 101 6
23 121 3
47 134 2
68 138 4
45 145 49
130 145 1
111 151 4
104 162 8
2 168 7
33 170 3
110 172 1
72 196 7
114 199 6
50 204 6
93 206 1
133 208 8
7 215 3
160 217 9
207 219 2
155 226 9
93 230 6
67 235 8
12 240 17
181 240 35
32 248 38
84 248 38
236 249 17
67 254 9
250 254 6
55 257 10
198 264 6
40 265 10
17 268 2
156 268 7
229 269 6
190 270 47
236 283 7
49 284 5
173 286 14
183 287 21
84 296 25
125 298 14
201 303 2
144 304 2
91 305 4
244 306 10
11 307 9
104 307 29
287 307 21
247 316 9
272 316 4
227 319 39
289 319 56
180 327 8
168 329 6
79 330 5
6 335 7
244 335 1
164 336 17
204 336 9
155 337 1
324 340 8
262 342 21
325 342 21
87 345 21
190 347 47
84 348 9
312 349 6
338 352 6
117 356 6
326 358 8
355 364 8
59 368 8
198 368 5
191 371 2
278 373 7
364 373 3
167 382 3
47 383 7
194 383 1
20 384 15
362 385 2
192 388 48
4 389 5
187 389 4
50 390 7
230 390 4
347 390 39
158 392 3
104 394 20
423 424 3
412 434 1
422 437 2
411 441 4
436 480 4
435 484 10
400 488 5
409 489 6
438 490 8
490 491 4
481 503 7
468 504 3
500 510 1
511 522 6
443 530 1
443 535 3
489 541 7
525 544 9
448 546 9
533 547 7
519 555 6
486 557 4
472 558 2
522 559 9
418 560 7
556 564 1
398 567 10
399 570 6
534 576 10
549 577 2
442 578 1
397 579 2
422 580 5
440 580 6
530 583 2
441 584 3
494 584 4
409 593 1
411 593 4
488 593 1
496 593 9
500 597 3
507 597 9
529 597 9
586 597 4
527 598 3
456 600 5
113 96 100 347 11 51 158 336 28 164 240 33 335 3 118 368 247 186 92 373 2 109 145 254 14 223 46 59 88 133 42 44 226 289 306 105 89 35 155 70 17 137 37 268 48 9 207 4 170 10 20 18 50 312 130 63 198 144 26 129 228 110 180 212 47 383 142 349 389 90 98 208 67 149 38 171 22 390 62 204 84 172 79 168 167 7 255 252 307 124 243 125 23 319 296 127 160 147 364 86 54 217 64 104 342 73 12 32 286 55 114 66 316 60 121 156 244 25 267 87 135 115 93 57 284 61 16 324 215 265 101 39 52 5 68 36 270 169 6
1 227 78
7 143 53
6 275 16
5 171 60
6 10 65
7 83 98
6 159 24
4 270 60
7 180 94
4 285 56
1 158 8
4 31 15
1 384 24