596 359 82 9 12
1 2 42
2 3 45
2 4 5
3 5 39
5 6 6
5 7 39
7 8 11
6 9 17
1 10 41
6 11 11
10 12 39
8 13 18
3 14 7
12 15 41
10 16 9
3 17 10
8 18 13
7 19 36
14 20 8
18 21 11
19 22 4
22 23 2
13 24 10
19 25 36
24 26 8
21 27 3
5 28 25
27 29 2
9 30 7
25 31 9
5 32 9
28 33 25
21 34 11
4 35 42
8 36 10
26 37 8
23 38 1
23 39 7
35 40 30
40 41 9
17 42 10
11 43 3
18 44 24
5 45 4
45 46 30
11 47 8
43 48 4
34 49 2
31 50 8
44 51 10
10 52 1
2 53 3
26 54 8
36 55 9
25 56 6
1 57 3
20 58 5
50 59 8
25 60 30
56 61 3
13 62 9
39 63 7
16 64 1
9 65 7
33 66 7
55 67 4
5 68 6
15 69 10
36 70 1
19 71 5
7 72 8
20 73 6
2 74 10
12 75 9
49 76 2
27 77 10
33 78 25
38 79 2
19 80 5
29 81 4
74 82 6
4 83 3
46 84 5
78 85 8
17 86 9
49 87 4
25 88 9
41 89 4
46 90 7
68 91 4
17 92 8
22 93 4
85 94 8
9 95 41
43 96 7
42 97 4
2 98 4
92 99 10
17 100 1
74 101 10
42 102 4
5 103 9
67 104 34
27 105 4
26 106 6
42 107 7
51 108 8
7 109 11
91 110 2
16 111 9
54 112 2
86 113 7
20 114 6
101 115 4
16 116 6
97 117 4
74 118 2
45 119 41
34 120 7
1 121 10
106 122 5
73 123 2
78 124 2
12 125 10
11 126 4
63 127 7
105 128 8
38 129 4
92 130 13
48 131 7
31 132 1
42 133 1
107 134 5
10 135 8
123 136 3
73 137 42
22 138 2
132 139 7
61 140 1
102 141 4
54 142 2
96 143 8
114 144 6
24 145 7
96 146 12
109 147 41
141 148 6
49 149 3
18 150 6
61 151 4
88 152 1
80 153 4
113 154 3
37 155 4
103 156 1
78 157 24
154 158 4
95 159 39
126 160 6
48 161 8
126 162 5
119 163 1
107 164 6
145 165 3
4 166 30
154 167 10
49 168 5
40 169 27
33 170 2
91 171 6
139 172 2
125 173 2
30 174 8
12 175 10
97 176 1
40 177 3
73 178 2
156 179 2
38 180 4
141 181 4
9 182 4
172 183 7
60 184 39
17 185 9
51 186 3
71 187 7
140 188 3
50 189 3
89 190 7
60 191 7
179 192 7
50 193 9
165 194 3
17 195 3
169 196 27
113 197 4
119 198 9
117 199 8
40 200 8
78 201 7
40 202 45
94 203 2
184 204 1
24 205 3
65 206 8
39 207 4
64 208 10
85 209 7
15 210 1
4 10 41
9 33 25
30 71 2
47 92 8
11 105 4
12 106 6
67 109 13
73 111 9
103 117 32
15 119 41
104 124 2
9 125 2
35 130 13
80 130 5
128 130 8
96 132 9
46 137 30
76 141 3
96 141 9
17 144 9
137 146 12
73 147 41
44 157 24
125 162 10
28 164 9
46 164 9
101 167 7
8 171 8
31 173 8
86 173 1
171 175 1
14 177 7
40 178 10
111 178 9
118 178 9
134 180 1
159 184 39
42 187 10
158 190 5
127 191 7
28 196 21
62 196 9
162 197 2
31 198 9
37 199 8
89 201 3
104 202 41
126 206 6
138 210 6
232 236 4
214 265 6
220 269 10
228 286 4
227 287 6
228 289 5
282 289 2
262 291 5
259 294 10
296 306 7
267 310 1
266 327 9
247 328 2
248 335 1
308 339 7
221 344 7
296 344 1
322 345 7
278 349 3
241 350 9
219 351 9
245 352 2
321 352 3
346 352 1
273 383 6
232 384 10
317 388 10
249 392 7
225 401 2
300 404 6
363 417 6
249 424 3
417 424 7
366 425 5
422 425 4
363 428 7
285 430 4
367 432 3
359 438 10
274 439 8
396 440 6
430 446 3
307 448 3
436 452 1
265 456 8
346 462 3
225 470 6
273 476 5
314 476 6
266 477 6
471 477 7
297 479 9
473 482 2
432 485 8
314 488 3
255 491 6
401 492 6
236 495 7
251 499 6
270 502 8
386 502 9
422 502 2
411 503 6
292 505 2
428 507 4
243 514 10
374 515 5
409 515 10
340 516 8
260 517 4
328 517 9
360 519 6
250 522 5
266 523 9
283 523 2
252 524 8
297 524 10
494 530 6
380 531 4
224 536 1
418 537 1
530 539 7
257 546 9
407 549 3
221 550 9
380 550 3
265 551 1
318 555 2
525 556 8
453 558 4
396 566 9
304 568 4
507 570 9
451 575 3
377 579 10
426 579 3
353 581 4
372 587 9
452 589 8
223 592 5
418 593 2
74 97 111 196 109 61 12 132 16 43 30 38 106 34 17 13 96 28 141 89 104 50 25 86 154 5 36 101 9 6 45 137 31 126 8 71 119 22 85 35 27 14 54 48 51 173 3 2 164 15 171 11 117 105 162 92 130 46 78 67 80 42 7 4 24 10 40 39 44 178 91 125 19 21 107 113 103 33 26 60 49 73
3 45 36
3 164 25
2 202 86
7 34 12
7 95 80
9 117 52
2 25 16
6 18 43
5 166 30
3 28 62
9 45 78
6 73 96