604 646 183 4 6
1 2 9
1 3 78
3 4 75
3 5 20
5 6 1
5 7 6
2 8 7
6 9 10
5 10 2
8 11 1
11 12 7
6 13 6
5 14 9
14 15 7
9 16 7
10 17 4
16 18 6
1 19 33
17 20 1
9 21 65
3 22 8
4 23 11
21 24 65
17 25 8
4 26 10
3 27 5
19 28 26
1 29 9
10 30 3
5 31 8
26 32 8
29 33 6
31 34 6
19 35 2
17 36 6
14 37 9
24 38 2
15 39 5
2 40 10
31 41 4
18 42 4
42 43 6
35 44 4
14 45 2
22 46 5
43 47 2
5 48 10
4 49 9
27 50 9
45 51 4
25 52 9
30 53 7
20 54 2
34 55 5
45 56 9
37 57 8
57 58 17
24 59 65
44 60 7
5 61 4
33 62 9
57 63 10
39 64 7
4 65 71
37 66 6
19 67 7
16 68 10
64 69 6
32 70 8
66 71 9
56 72 7
17 73 5
66 74 8
25 75 6
13 76 7
71 77 2
12 78 5
12 79 2
52 80 4
5 81 8
73 82 6
2 83 9
18 84 3
57 85 6
23 86 2
40 87 6
15 88 10
16 89 2
67 90 9
57 91 2
44 92 4
78 93 7
48 94 2
75 95 5
89 96 5
43 97 5
52 98 3
85 99 2
5 100 5
26 101 10
67 102 3
37 103 6
63 104 4
70 105 10
55 106 5
3 107 3
82 108 8
58 109 10
63 110 9
68 111 1
49 112 1
50 113 1
85 114 2
43 115 9
82 116 1
84 117 8
81 118 6
37 119 9
98 120 4
89 121 2
85 122 1
89 123 6
106 124 5
90 125 2
40 126 5
91 127 10
77 128 8
120 129 4
14 130 5
81 131 9
91 132 9
92 133 1
5 134 2
75 135 3
9 136 71
25 137 9
52 138 7
78 139 7
41 140 2
25 141 3
66 142 17
26 143 6
77 144 5
46 145 3
59 146 7
51 147 7
104 148 9
6 149 7
3 150 5
62 151 8
87 152 8
111 153 4
66 154 6
54 155 2
34 156 1
85 157 10
123 158 3
76 159 10
64 160 6
157 161 9
110 162 1
161 163 10
160 164 1
17 165 8
116 166 2
129 167 26
163 168 5
57 169 3
102 170 10
60 171 3
102 172 3
7 173 9
31 174 4
66 175 9
53 176 8
104 177 4
77 178 3
128 179 6
82 180 4
157 181 6
138 182 1
60 183 1
59 184 10
181 185 1
85 186 2
147 187 3
150 188 6
107 189 7
136 190 74
106 191 8
2 192 2
141 193 10
166 194 1
73 195 6
62 196 10
149 197 2
76 198 5
18 199 4
43 200 1
10 201 6
29 202 4
44 203 6
16 204 8
152 205 5
148 206 8
68 207 6
203 208 7
195 209 5
100 210 6
177 211 1
153 212 8
144 213 2
45 214 7
158 215 3
179 216 6
121 217 6
109 218 10
109 219 10
173 220 1
52 221 7
168 222 7
117 223 4
190 224 7
57 225 8
143 226 2
116 227 6
119 228 9
8 229 3
18 230 71
7 231 2
58 232 27
56 233 5
149 234 3
1 235 65
39 236 7
123 237 3
201 238 10
6 239 5
118 240 2
159 241 4
9 242 4
71 243 5
2 244 9
75 245 2
151 246 5
235 247 3
203 248 3
19 249 5
168 250 1
189 251 7
14 252 10
180 253 3
185 254 5
143 255 9
110 256 6
38 257 2
159 258 10
155 259 4
92 260 8
188 261 2
45 262 6
219 263 1
258 264 6
150 265 1
191 266 2
20 267 5
137 268 7
169 269 6
172 270 3
211 271 2
14 272 4
81 273 2
12 274 7
189 275 2
94 276 1
149 277 6
202 278 10
115 279 1
17 280 4
245 281 3
13 282 6
73 283 9
35 284 9
77 285 1
246 286 9
201 287 6
110 288 5
136 289 6
22 290 6
40 291 8
245 292 8
147 293 7
64 294 2
11 295 6
289 296 9
231 297 1
242 298 8
191 299 10
118 300 3
208 301 9
217 302 8
235 303 2
42 304 8
303 305 4
304 306 6
104 307 7
248 308 6
291 309 4
118 310 2
50 311 9
214 312 1
70 313 10
213 314 1
266 315 10
120 316 9
232 317 27
222 318 1
118 319 8
150 320 7
134 321 10
118 322 1
308 323 6
136 324 9
166 325 1
66 326 4
55 327 4
123 328 8
155 329 5
158 330 3
59 331 9
40 332 9
305 333 10
273 334 3
174 335 3
304 336 2
98 337 4
117 338 5
60 339 10
20 340 8
228 341 9
81 342 7
322 343 10
297 344 4
187 345 1
254 346 6
8 347 7
109 348 8
25 349 10
262 350 7
39 351 5
228 352 10
214 353 2
159 354 2
72 355 6
26 356 2
231 357 6
52 358 4
56 359 8
337 360 2
227 361 7
264 362 3
250 363 6
6 364 5
103 365 2
179 366 7
277 367 3
337 368 6
305 369 4
154 370 2
178 371 8
214 372 4
369 373 8
170 374 10
243 375 10
1 376 4
201 377 3
289 378 4
282 379 2
294 380 4
266 381 5
313 382 6
80 383 7
304 384 10
61 385 8
103 386 10
119 387 4
17 388 1
262 389 3
100 390 7
330 391 6
40 392 1
249 393 10
130 394 3
316 395 5
293 396 3
247 397 1
335 398 6
4 399 7
276 400 6
144 401 1
336 402 7
38 403 8
152 404 3
343 405 3
259 406 3
155 407 2
327 408 6
257 409 9
61 410 5
7 411 3
236 412 8
53 413 6
43 414 9
212 415 5
3 416 4
67 417 8
137 418 2
35 419 9
191 420 6
353 421 5
369 422 2
25 423 8
363 424 3
129 425 26
73 426 5
371 427 1
379 428 10
72 429 3
295 430 5
398 431 3
330 432 1
420 433 5
305 434 9
283 435 5
308 436 7
164 437 1
22 438 7
127 439 5
349 440 2
310 441 3
405 442 2
404 443 1
64 444 5
300 445 2
408 446 10
437 447 2
8 448 10
64 449 7
107 450 10
174 451 9
376 452 4
2 453 9
453 454 5
22 455 4
305 456 4
191 457 1
323 458 2
283 459 10
70 460 3
357 461 7
139 462 6
167 463 5
394 464 3
84 465 6
360 466 8
120 467 5
148 468 5
154 469 8
258 470 1
28 471 2
328 472 10
197 473 7
225 474 4
17 475 5
254 476 6
121 477 9
171 478 10
461 479 5
163 480 5
338 481 2
445 482 9
470 483 10
262 484 10
14 485 2
53 486 8
146 487 2
228 488 2
329 489 4
316 490 10
122 491 9
194 492 2
282 493 8
380 494 9
307 495 10
162 496 4
294 497 6
85 498 4
15 21 7
18 65 71
23 66 11
16 73 1
48 104 7
99 105 4
5 119 7
18 130 10
127 133 1
53 134 2
128 134 2
99 146 10
28 164 8
131 166 1
28 167 26
153 169 10
3 170 4
154 172 2
64 173 8
19 176 1
67 180 10
38 181 10
23 184 6
41 200 9
169 201 3
32 203 1
43 211 1
61 213 6
67 218 10
73 219 3
178 222 9
108 225 9
188 225 6
216 225 5
59 235 65
161 244 5
135 246 4
77 252 1
125 255 3
246 256 9
183 257 5
51 259 3
116 260 4
128 268 3
142 283 6
120 295 1
192 295 5
7 298 4
172 303 6
4 306 7
109 308 9
171 310 3
125 311 4
165 311 6
163 315 3
10 318 8
274 321 8
263 326 1
217 327 5
2 328 9
88 333 8
199 339 6
36 342 6
253 345 2
321 345 3
146 346 1
98 349 8
99 355 2
99 361 4
282 363 9
302 364 9
57 365 2
166 365 2
280 365 1
33 367 2
220 368 1
349 380 1
90 384 7
139 386 1
250 388 4
114 396 9
225 408 8
344 408 7
87 410 10
29 414 6
369 414 6
360 416 2
378 416 3
141 417 10
197 419 2
8 420 7
238 427 6
426 427 3
7 428 2
180 428 7
272 433 9
247 434 2
37 435 5
158 435 8
19 437 4
382 440 1
393 440 8
165 442 3
77 446 4
133 448 7
338 448 3
185 451 4
134 452 1
287 455 3
12 459 9
108 460 4
214 462 8
309 464 5
395 469 4
415 470 5
258 473 6
322 473 6
431 474 5
358 475 6
395 476 7
210 477 5
201 478 2
235 479 4
251 479 9
258 481 3
477 484 10
443 487 2
421 490 6
161 494 10
24 496 50
287 496 2
30 497 5
503 535 6
525 539 7
517 541 1
523 544 10
504 545 4
519 545 8
510 554 8
503 560 2
524 560 9
504 577 3
556 582 7
542 583 9
569 587 1
582 587 4
571 588 10
582 594 5
537 595 10
349 303 408 8 38 245 294 48 304 152 13 235 16 3 20 76 287 416 52 295 246 225 217 55 219 257 231 64 311 128 164 328 130 168 305 262 188 56 179 395 345 109 84 258 51 118 250 82 30 25 165 155 117 9 150 148 170 203 479 119 81 43 137 44 19 107 15 121 289 197 63 470 496 102 78 228 17 87 31 322 172 448 337 440 23 310 120 282 127 60 32 5 75 59 7 14 213 123 136 181 129 103 89 99 92 33 72 159 189 2 106 18 259 414 161 29 40 149 143 66 68 58 473 6 321 477 308 254 53 166 50 169 146 174 153 420 98 144 316 369 327 125 35 73 180 10 171 365 26 90 338 100 28 62 154 39 70 157 133 141 435 173 108 214 45 34 428 85 427 266 139 77 380 24 158 21 191 104 110 61 12 247 360
3 425 26
1 230 71
2 142 16
2 317 27
1 190 74
4 496 53