602 586 87 12 16
1 2 17
1 3 47
1 4 90
1 5 95
4 6 90
6 7 9
4 8 25
5 9 6
8 10 55
9 11 6
6 12 8
8 13 19
7 14 7
11 15 9
15 16 8
5 17 85
10 18 8
6 19 40
5 20 8
3 21 3
1 22 98
16 23 10
7 24 3
5 25 10
6 26 48
6 27 26
5 28 10
7 29 1
14 30 4
17 31 4
23 32 1
16 33 10
24 34 8
33 35 8
35 36 4
28 37 3
32 38 6
30 39 9
9 40 4
17 41 8
12 42 6
33 43 6
27 44 4
11 45 8
39 46 3
36 47 5
27 48 8
45 49 7
22 50 94
42 51 7
1 52 93
17 53 2
32 54 3
52 55 93
24 56 8
35 57 6
38 58 7
13 59 19
6 60 6
36 61 9
10 62 31
10 63 25
19 64 5
63 65 26
17 66 6
49 67 4
49 68 80
57 69 4
8 70 8
59 71 38
71 72 1
71 73 46
38 74 7
12 75 7
55 76 47
3 77 42
16 78 6
77 79 42
7 80 8
21 81 5
12 82 71
40 83 10
63 84 40
8 85 1
28 86 4
51 87 2
65 88 10
78 89 9
25 90 2
85 91 5
43 92 10
54 93 5
19 94 31
70 95 6
12 96 8
89 97 3
97 98 8
49 99 94
81 100 8
17 101 2
93 102 4
91 103 3
52 104 6
77 105 1
62 106 9
50 107 4
99 108 7
18 109 8
6 110 9
69 111 4
25 112 5
84 113 35
43 114 2
46 115 2
31 116 8
27 117 7
33 118 9
98 119 6
36 120 82
25 121 8
112 122 7
112 123 3
123 124 1
29 125 8
38 126 7
9 127 9
80 128 8
111 129 10
49 130 7
51 131 1
87 132 10
111 133 2
19 134 26
93 135 4
22 136 5
45 137 3
77 138 7
121 139 5
33 140 9
86 141 5
124 142 3
65 143 26
8 144 2
106 145 9
119 146 6
81 147 8
19 148 54
62 149 4
80 150 6
25 151 2
70 152 6
151 153 8
17 154 9
142 155 5
84 156 2
12 157 8
129 158 5
60 159 11
99 160 94
43 161 10
2 162 17
23 163 1
27 164 26
17 165 85
113 166 8
23 167 8
131 168 4
128 169 8
15 170 8
166 171 10
14 172 8
70 173 6
25 174 1
19 175 9
32 176 5
2 177 4
100 178 8
12 179 5
23 180 7
105 181 7
178 182 4
51 183 10
50 184 50
25 185 9
81 186 8
53 187 2
5 188 10
162 189 17
95 190 8
139 191 8
60 192 6
63 193 6
58 194 2
191 195 15
62 196 10
130 197 7
138 198 7
68 199 80
118 200 4
139 201 10
66 202 5
37 203 5
194 204 6
6 205 9
15 206 10
31 207 4
185 208 10
59 209 6
80 210 8
193 211 6
81 212 9
134 213 9
155 214 9
174 215 5
147 216 5
86 217 6
126 218 4
10 219 2
19 220 10
11 221 8
5 222 4
129 223 2
157 224 3
46 225 1
195 226 1
69 227 4
66 228 4
119 229 7
197 230 14
156 231 2
177 232 3
82 233 8
34 234 3
15 235 2
122 236 5
149 237 4
12 238 4
195 239 95
100 240 10
223 241 10
95 242 9
199 243 38
134 244 8
50 245 44
116 246 7
117 247 9
197 248 7
230 249 14
76 250 5
1 251 8
4 252 4
97 253 7
200 254 5
131 255 5
231 256 7
42 257 6
218 258 5
21 259 2
109 260 7
103 261 9
8 262 31
102 263 8
22 264 3
84 265 8
129 266 6
75 267 3
84 268 3
121 269 9
73 270 3
87 271 8
190 272 5
164 273 4
10 274 55
81 275 10
5 276 1
256 277 6
249 278 22
186 279 7
228 280 7
218 281 3
22 282 6
202 283 3
132 284 8
123 285 7
208 286 3
278 287 22
273 288 3
224 289 2
134 290 3
201 291 9
82 292 12
39 293 6
168 294 8
42 295 3
229 296 5
193 297 5
10 298 3
138 299 2
31 300 2
191 301 4
25 302 6
86 303 6
252 304 9
99 305 9
228 306 2
294 307 9
174 308 9
105 309 1
179 310 6
181 311 4
43 312 3
287 313 22
148 314 69
159 315 11
173 316 3
70 317 4
14 318 5
118 319 10
274 320 2
79 321 42
248 322 6
68 323 2
284 324 4
112 325 1
105 326 8
124 327 10
119 328 3
100 329 1
34 330 6
307 331 3
218 332 8
15 333 3
307 334 1
122 335 1
6 336 55
331 337 3
283 338 2
165 339 85
32 340 9
87 341 9
313 342 44
76 343 48
102 344 4
320 345 10
87 346 7
263 347 4
262 348 31
197 349 14
126 350 2
311 351 7
312 352 5
146 353 6
272 354 9
166 355 4
129 356 4
118 357 6
65 358 2
338 359 10
204 360 9
314 361 26
339 362 85
237 363 7
36 364 6
246 365 9
185 366 2
95 367 6
38 368 9
136 369 7
139 370 3
289 371 1
116 372 4
105 373 1
263 374 3
86 375 1
39 376 5
105 377 10
47 378 3
26 379 44
154 380 1
119 381 9
292 382 12
216 383 9
204 384 9
56 385 3
102 386 10
296 387 7
76 388 5
199 389 1
14 390 2
209 391 2
152 392 1
242 393 5
313 394 4
23 395 5
166 396 6
379 397 6
96 398 1
180 399 8
399 400 4
177 401 3
239 402 95
70 403 6
234 404 6
382 405 9
206 406 3
42 407 6
320 408 7
74 409 4
124 410 1
97 411 1
263 412 7
40 413 3
161 414 5
324 415 6
239 416 6
246 417 2
119 418 10
184 419 7
320 420 4
291 421 1
135 422 6
155 423 3
18 424 4
351 425 5
314 426 43
164 427 26
187 428 6
113 429 7
279 430 1
375 431 10
413 432 9
8 433 8
314 434 2
199 435 3
423 436 8
303 437 2
299 438 9
350 439 9
418 440 6
22 26 4
40 63 32
62 74 8
58 81 6
55 82 83
61 92 9
60 109 5
5 133 10
134 143 26
62 148 31
128 178 8
66 181 3
166 187 5
13 189 17
171 192 6
111 195 3
77 198 3
172 207 5
174 213 9
190 214 9
153 215 1
201 215 7
95 217 10
15 223 1
121 224 5
17 238 4
74 241 2
12 243 45
139 243 10
249 254 8
215 256 7
11 260 7
28 286 9
66 288 9
116 291 1
163 296 1
114 300 9
163 301 8
91 304 5
44 309 10
117 310 7
124 310 1
141 311 10
71 312 8
4 315 76
3 316 8
54 316 6
36 321 42
283 325 6
227 327 4
222 331 10
325 332 10
274 336 55
136 338 3
317 346 4
340 346 4
94 348 31
33 349 9
132 349 8
91 350 6
147 352 8
308 352 9
110 353 2
286 353 8
251 360 9
152 365 2
231 366 5
310 366 1
183 367 1
306 367 2
121 368 7
250 369 5
355 374 4
192 375 1
300 377 8
295 378 5
245 379 44
132 382 12
188 384 3
377 384 9
125 388 5
131 388 2
301 390 10
283 396 7
32 400 10
66 401 3
40 407 6
244 409 2
344 410 2
406 411 1
344 416 3
349 418 10
29 423 9
210 423 7
195 427 26
160 431 5
398 435 5
239 437 8
304 438 3
446 457 6
458 464 2
450 476 6
455 478 10
460 478 8
454 487 5
486 487 9
482 488 4
474 492 7
495 497 9
444 498 7
487 503 9
467 504 5
450 505 10
490 506 6
472 520 10
518 520 5
517 522 6
447 524 5
468 530 8
509 540 3
504 541 3
526 544 7
483 546 9
536 546 9
520 550 9
492 553 1
514 554 3
522 558 4
514 563 10
480 564 6
479 566 8
541 566 5
460 576 1
503 578 5
455 579 1
562 585 5
570 585 5
464 587 6
567 588 9
513 590 8
530 593 10
577 594 1
463 595 10
585 595 1
506 597 8
555 598 6
525 599 7
124 113 320 195 136 34 36 76 26 43 388 70 152 11 69 22 223 40 353 38 14 91 121 147 123 77 193 185 12 174 199 21 27 16 313 367 191 310 204 31 312 377 344 82 384 331 148 131 117 129 35 349 105 63 59 187 5 97 81 93 224 8 164 304 28 42 86 418 352 126 119 87 423 60 181 84 263 33 300 112 132 286 62 25 74 24 249
9 315 87
11 113 99
6 362 85
1 343 48
5 12 25
5 423 3
10 73 46
6 342 44
3 361 26
4 120 82
3 426 43
6 184 50
9 160 94
8 210 13
12 402 95
9 40 81