608 438 33 13 25
1 2 47
1 3 71
3 4 28
1 5 9
4 6 9
2 7 35
5 8 10
3 9 40
9 10 9
7 11 1
1 12 73
4 13 46
13 14 20
10 15 5
13 16 10
8 17 9
14 18 5
1 19 69
15 20 5
9 21 40
7 22 5
3 23 58
7 24 34
1 25 42
9 26 7
1 27 81
20 28 50
1 29 6
25 30 37
14 31 3
31 32 7
20 33 2
13 34 5
17 35 7
8 36 5
34 37 8
19 38 7
9 39 40
10 40 5
9 41 26
28 42 10
41 43 26
17 44 8
36 45 21
1 46 5
13 47 15
27 48 5
6 49 7
13 50 8
19 51 5
46 52 6
38 53 2
20 54 7
27 55 63
55 56 59
7 57 43
43 58 3
1 59 4
57 60 9
43 61 21
53 62 2
50 63 7
62 64 31
63 65 7
19 66 67
12 67 7
21 68 73
56 69 9
9 70 10
29 71 6
43 72 7
36 73 29
31 74 5
67 75 10
7 76 1
2 77 52
16 78 10
40 79 5
2 80 5
8 81 5
27 82 31
39 83 40
28 84 9
84 85 8
80 86 5
51 87 5
83 88 3
62 89 33
38 90 8
64 91 10
25 92 3
22 93 5
45 94 2
4 95 46
21 96 5
15 97 6
56 98 40
37 99 10
38 100 9
99 101 4
74 102 8
52 103 10
12 104 60
3 105 5
95 106 34
34 107 10
25 108 3
24 109 5
93 110 7
25 111 30
28 112 2
94 113 50
56 114 4
89 115 25
20 116 76
28 117 48
78 118 5
113 119 57
25 120 10
30 121 37
25 122 7
77 123 52
114 124 6
23 125 10
110 126 10
119 127 2
120 128 5
123 129 30
9 130 3
71 131 8
123 132 4
50 133 2
69 134 10
9 135 5
110 136 7
83 137 41
109 138 6
45 139 38
102 140 1
87 141 14
20 142 1
73 143 4
113 144 1
24 145 6
116 146 2
104 147 55
51 148 5
70 149 8
63 150 4
44 151 7
42 152 6
15 153 2
129 154 10
23 155 73
12 156 6
154 157 2
66 158 5
124 159 9
98 160 40
123 161 7
126 162 7
160 163 6
143 164 7
153 165 1
68 166 73
78 167 76
50 168 5
24 169 9
82 170 31
137 171 41
126 172 8
113 173 50
84 174 10
7 175 77
95 176 9
165 177 4
22 178 5
78 179 6
23 180 1
123 181 5
15 182 6
107 183 5
57 184 43
36 185 9
19 186 4
166 187 25
140 188 5
145 189 1
2 190 3
185 191 8
103 192 1
171 193 40
7 194 46
160 195 40
17 196 4
36 197 38
197 198 10
19 199 7
179 200 3
141 201 6
128 202 5
156 203 7
117 204 48
94 205 5
111 206 4
89 207 10
105 208 1
95 209 48
18 210 5
72 211 5
147 212 76
102 213 9
43 214 3
88 215 3
77 216 10
197 217 38
204 218 48
47 219 5
13 220 6
49 221 2
199 222 4
122 223 10
175 224 8
21 225 9
107 226 9
142 227 7
168 228 10
175 229 26
214 230 3
147 231 39
121 232 3
38 233 2
188 234 7
49 235 9
216 236 1
187 237 26
21 238 4
139 239 5
31 240 9
30 241 7
217 242 38
117 243 3
83 244 5
238 245 10
90 246 7
7 247 21
210 248 9
70 249 7
51 250 10
139 251 38
94 252 8
213 253 8
179 254 5
144 255 3
212 256 5
123 257 10
68 258 5
55 259 24
236 260 7
247 261 9
229 262 26
209 263 48
174 264 6
187 265 5
136 266 6
262 267 76
131 268 7
38 269 2
71 270 5
27 271 2
68 272 1
150 273 4
121 274 48
157 275 6
210 276 42
155 277 73
253 278 9
173 279 2
178 280 8
56 281 50
109 282 6
236 283 2
10 284 2
130 285 5
1 286 10
144 287 1
198 288 10
19 289 10
242 290 7
125 291 6
232 292 9
270 293 7
126 294 7
144 295 6
294 296 1
79 297 7
90 298 8
234 299 21
205 300 3
42 301 2
262 302 73
242 303 76
212 304 10
182 305 10
100 306 7
89 307 58
52 308 4
20 23 58
15 42 10
35 54 7
5 59 2
7 66 77
26 66 6
66 73 29
10 87 9
12 87 14
18 90 5
14 104 20
60 110 1
86 110 5
47 112 2
3 115 25
73 124 29
94 124 47
66 126 39
131 151 5
116 156 6
64 170 31
55 173 50
159 173 4
33 176 9
2 183 5
46 186 3
110 192 1
113 194 46
193 195 40
34 198 10
138 202 7
33 203 10
191 205 1
15 210 47
79 211 5
178 211 6
213 215 7
71 216 6
141 218 14
151 218 41
99 219 4
114 219 4
16 221 6
106 226 6
21 228 73
24 228 34
231 234 21
117 237 50
212 237 76
61 247 21
203 250 4
2 251 38
121 254 5
174 260 7
111 264 7
261 273 10
263 274 48
123 276 42
233 285 5
174 293 1
216 293 6
3 299 21
245 301 2
277 302 73
167 303 76
310 328 6
323 343 2
360 364 9
349 390 1
322 391 6
349 395 5
315 403 6
349 409 1
337 414 4
396 417 4
325 418 1
344 424 1
347 424 8
377 424 9
328 426 8
345 433 10
421 436 5
417 438 3
311 441 1
347 445 8
351 449 9
411 460 3
321 477 3
398 487 9
485 497 8
338 500 6
327 503 7
459 503 4
493 504 4
413 506 8
355 508 7
466 509 2
378 512 10
497 517 2
404 520 4
331 521 2
524 525 5
414 527 5
481 531 1
393 535 7
438 537 6
534 540 4
477 545 9
490 550 4
495 550 6
474 554 4
343 555 8
418 558 1
537 563 3
328 564 2
344 566 9
412 567 8
393 570 10
543 572 4
570 575 3
411 581 1
415 587 10
323 588 8
488 588 1
574 588 2
351 589 8
383 590 3
504 593 1
587 597 4
545 601 4
315 608 7
52 5 78 141 77 45 9 3 126 124 15 71 18 70 87 187 219 25 64 110 27 36 212 56 10 23 131 117 174 151 13 228 63
3 259 9
3 90 7
2 116 52
5 166 91
4 242 90
13 166 25
7 47 21
9 267 76
8 281 50
1 171 41
13 106 40
10 119 57
4 257 10
11 139 25
2 231 60
7 129 30
12 175 85
3 184 43
7 69 9
6 121 84
4 307 58
13 277 99
8 251 60
3 111 30
10 259 24