598 699 55 11 19
1 2 62
1 3 64
3 4 10
2 5 1
3 6 42
4 7 10
1 8 5
3 9 14
3 10 11
3 11 7
7 12 10
4 13 6
9 14 16
9 15 7
6 16 18
12 17 15
6 18 11
10 19 10
8 20 4
20 21 4
3 22 9
8 23 5
20 24 8
7 25 9
15 26 7
13 27 8
16 28 6
19 29 2
1 30 3
23 31 10
7 32 9
26 33 35
24 34 7
28 35 8
18 36 32
6 37 38
14 38 6
5 39 6
18 40 8
29 41 10
36 42 18
28 43 3
33 44 15
44 45 33
22 46 10
25 47 1
33 48 51
3 49 8
31 50 8
26 51 35
29 52 8
44 53 6
6 54 5
16 55 10
54 56 4
36 57 14
55 58 1
47 59 10
59 60 16
46 61 6
43 62 3
47 63 2
24 64 10
14 65 16
58 66 1
53 67 3
45 68 4
63 69 6
16 70 24
49 71 10
61 72 4
15 73 8
1 74 9
43 75 1
14 76 10
50 77 6
50 78 8
1 79 65
1 80 57
77 81 4
44 82 9
60 83 1
58 84 5
53 85 7
42 86 39
4 87 7
54 88 8
43 89 4
5 90 1
36 91 5
37 92 38
14 93 4
79 94 5
94 95 9
11 96 5
47 97 9
84 98 10
78 99 27
1 100 3
94 101 13
13 102 5
86 103 6
79 104 6
15 105 8
96 106 9
60 107 3
90 108 1
102 109 5
59 110 5
36 111 64
74 112 5
8 113 5
51 114 61
88 115 8
112 116 10
45 117 6
95 118 60
78 119 11
1 120 60
9 121 20
41 122 7
80 123 4
63 124 58
77 125 10
13 126 6
98 127 8
45 128 9
57 129 1
82 130 1
126 131 8
106 132 9
84 133 10
2 134 18
13 135 1
94 136 5
136 137 9
44 138 32
18 139 10
60 140 10
38 141 7
78 142 10
130 143 4
133 144 6
71 145 60
82 146 9
28 147 23
24 148 4
147 149 23
128 150 7
121 151 3
14 152 8
54 153 1
140 154 6
84 155 7
27 156 3
25 157 3
10 158 8
112 159 9
70 160 5
45 161 4
136 162 6
45 163 4
86 164 39
32 165 8
17 166 1
151 167 1
152 168 8
150 169 3
132 170 1
134 171 4
51 172 6
145 173 40
116 174 5
37 175 7
121 176 18
107 177 7
177 178 9
31 179 8
91 180 8
127 181 10
167 182 9
82 183 5
162 184 2
25 185 10
44 186 10
82 187 6
14 188 51
61 189 9
72 190 3
129 191 9
1 192 9
32 193 4
83 194 3
145 195 8
80 196 8
19 197 7
65 198 7
95 199 3
141 200 9
177 201 7
80 202 3
92 203 6
41 204 2
59 205 4
71 206 2
45 207 9
194 208 9
31 209 10
123 210 1
180 211 7
140 212 4
62 213 10
30 214 8
110 215 4
24 216 5
173 217 62
179 218 2
194 219 10
88 220 9
79 221 9
33 222 10
106 223 4
45 224 5
179 225 9
13 226 3
219 227 1
155 228 2
184 229 5
118 230 9
144 231 1
222 232 3
200 233 6
32 234 2
137 235 10
125 236 10
115 237 4
148 238 53
169 239 9
83 240 5
200 241 2
4 242 3
213 243 3
203 244 8
229 245 7
235 246 4
168 247 6
205 248 10
211 249 10
63 250 6
174 251 10
34 252 8
208 253 5
40 254 8
188 255 61
40 256 2
70 257 24
95 258 10
88 259 2
85 260 7
180 261 10
35 262 1
169 263 5
196 264 9
66 265 5
73 266 1
38 267 5
131 268 7
254 269 9
160 270 9
36 271 6
123 272 6
199 273 10
218 274 1
44 275 6
101 276 4
56 277 4
230 278 6
192 279 4
118 280 58
278 281 2
175 282 4
236 283 6
73 284 10
228 285 6
267 286 7
153 287 9
106 288 9
225 289 7
65 290 12
22 291 10
12 292 15
148 293 4
63 294 1
110 295 7
47 296 9
63 297 60
253 298 8
56 299 10
83 300 8
125 301 4
183 302 5
120 303 50
28 304 10
110 305 7
111 306 64
73 307 4
112 308 4
39 309 7
90 310 8
118 311 3
61 312 10
216 313 5
266 314 1
280 315 58
160 316 7
251 317 5
263 318 3
127 319 9
262 320 8
48 321 51
308 322 8
229 323 1
185 324 9
125 325 2
299 326 6
102 327 3
154 328 2
228 329 6
167 330 6
263 331 3
152 332 3
219 333 7
199 334 2
157 335 5
164 336 7
334 337 2
161 338 10
6 339 5
149 340 9
242 341 5
332 342 4
137 343 10
6 344 32
73 345 6
176 346 3
275 347 7
45 348 18
17 349 14
149 350 57
71 351 6
11 352 10
344 353 8
88 354 2
113 355 4
141 356 9
72 357 3
317 358 4
350 359 9
158 360 1
183 361 5
60 362 16
344 363 2
156 364 2
173 365 43
164 366 53
205 367 9
254 368 12
134 369 18
364 370 1
262 371 8
43 372 7
342 373 5
108 374 4
265 375 8
166 376 3
225 377 3
320 378 5
153 379 5
378 380 8
244 381 2
368 382 5
319 383 4
217 384 4
35 385 6
64 386 10
281 387 6
294 388 5
382 389 5
5 390 3
322 391 10
186 392 2
40 393 3
247 394 5
387 395 10
191 396 4
64 397 7
10 398 8
194 399 4
340 400 1
206 401 1
371 402 5
36 403 2
19 404 1
273 405 8
70 406 3
27 407 7
154 408 3
407 409 7
380 410 5
99 411 18
11 412 1
32 413 5
217 414 27
71 415 7
194 416 4
115 417 7
40 418 7
119 419 9
164 420 14
202 421 7
407 422 2
259 423 1
168 424 2
393 425 7
132 426 5
156 427 2
422 428 8
404 429 1
346 430 1
76 431 10
257 432 1
42 433 6
49 434 1
349 435 14
233 436 7
411 437 18
429 438 7
36 439 2
10 440 3
265 441 1
436 442 8
134 443 7
184 444 6
228 445 10
327 446 7
99 447 47
176 448 3
188 449 6
4 450 10
197 451 4
183 452 4
120 453 51
151 454 7
138 455 10
114 456 4
239 457 8
288 458 3
16 459 3
372 460 3
52 461 8
218 462 1
24 463 11
217 464 50
353 465 7
10 466 6
380 467 2
381 468 7
204 469 3
309 470 2
121 471 3
379 472 5
337 473 3
245 474 5
229 475 6
314 476 3
47 477 10
79 478 7
28 479 10
78 480 27
274 481 10
79 482 10
39 483 6
189 484 9
102 485 2
28 486 1
18 487 10
448 488 9
362 489 16
21 490 8
319 491 11
228 492 9
98 493 6
145 494 9
230 495 7
92 496 53
453 497 51
372 498 5
347 499 2
239 500 4
420 501 9
239 502 3
300 503 3
290 504 10
131 505 8
135 506 10
179 507 4
306 508 2
485 509 4
332 510 5
316 511 7
151 512 10
281 513 2
42 514 2
217 515 57
45 516 6
437 517 41
63 518 12
475 519 27
292 520 15
30 521 2
209 522 10
173 523 7
276 524 5
8 525 1
242 526 10
348 527 3
169 528 5
459 529 8
401 530 3
398 531 6
45 532 6
267 533 8
237 534 9
371 535 3
311 536 2
95 537 60
535 538 2
254 539 2
351 540 6
298 541 6
232 542 1
197 543 1
420 544 3
269 545 9
327 546 1
301 547 9
516 548 2
24 49 8
7 52 8
42 80 63
28 86 23
25 106 1
65 106 9
10 120 10
7 124 57
110 127 1
66 132 2
75 148 8
92 148 53
57 169 14
79 173 65
29 176 18
97 180 8
148 181 4
46 207 10
117 210 7
183 212 10
24 213 7
51 218 2
194 224 7
96 234 7
47 235 11
120 235 11
225 235 6
174 237 5
3 248 1
62 249 7
146 258 9
150 261 4
116 263 5
211 265 6
98 272 2
254 290 12
142 291 10
186 297 10
253 297 60
80 298 3
114 299 10
9 304 3
34 304 5
260 305 6
17 309 1
2 315 60
253 317 60
99 318 6
188 324 8
168 326 1
119 330 9
79 332 1
53 334 3
82 334 6
197 336 7
257 336 7
7 338 3
71 344 64
219 346 10
181 350 14
94 355 6
27 357 5
207 360 10
54 361 3
106 362 3
339 363 7
348 369 18
86 371 25
168 371 10
23 375 2
62 380 6
299 386 10
259 388 1
165 390 6
180 397 6
216 404 3
373 407 5
98 408 5
243 414 27
188 419 9
152 421 6
162 423 10
301 423 6
32 425 8
172 431 10
275 433 6
420 435 14
380 437 8
216 439 9
166 442 1
257 446 6
278 448 4
13 449 3
27 454 9
25 463 11
303 464 50
367 465 8
104 466 6
239 466 6
212 467 10
370 467 3
454 468 8
243 475 27
381 484 5
119 491 11
204 493 9
389 494 6
288 495 8
366 496 53
485 496 2
114 497 51
301 500 7
172 502 7
356 502 9
361 502 3
148 507 9
268 509 2
391 509 7
329 514 6
124 515 57
365 517 43
371 517 23
171 518 4
368 518 12
480 519 27
317 520 15
155 527 3
238 528 9
273 535 10
319 536 6
138 537 61
518 537 1
528 540 5
14 542 9
75 542 8
405 542 9
150 543 7
251 547 9
553 557 10
551 561 4
555 567 1
566 575 10
555 577 8
576 587 5
580 588 2
588 591 10
590 594 3
591 594 2
556 597 7
581 597 9
588 597 3
552 598 5
8 27 80 437 18 19 317 257 211 288 121 72 33 136 518 263 154 344 7 58 368 94 132 56 229 542 77 243 454 213 51 207 96 120 9 239 152 205 259 43 150 350 16 3 467 41 118 59 148 73 30 26 194 112 219
5 447 47
9 238 53
7 65 25
2 253 82
8 255 61
8 477 8
11 138 93
11 164 80
8 149 79
7 101 13
2 321 51
5 464 43
6 489 16
9 45 60
7 114 70
3 145 95
1 257 24
2 306 64
7 10 28