599 259 35 5 9
1 2 4
1 3 53
1 4 39
4 5 8
1 6 4
2 7 1
2 8 8
3 9 2
6 10 4
7 11 1
3 12 9
3 13 53
2 14 8
3 15 8
14 16 8
9 17 6
1 18 2
13 19 1
1 20 61
16 21 61
12 22 5
2 23 9
14 24 5
2 25 1
8 26 3
11 27 6
21 28 10
12 29 9
18 30 7
18 31 4
29 32 4
12 33 3
13 34 3
1 35 39
31 36 5
8 37 8
5 38 2
1 39 8
16 40 10
32 41 10
7 42 3
17 43 8
42 44 7
21 45 71
21 46 10
16 47 73
18 48 3
34 49 3
12 50 5
50 51 3
21 52 10
12 53 3
24 54 9
44 55 3
39 56 8
24 57 8
10 58 4
9 59 2
9 60 6
31 61 1
4 62 9
57 63 1
5 64 10
42 65 8
37 66 1
41 67 1
11 68 6
43 69 6
24 70 1
42 71 1
9 72 9
47 73 73
42 74 2
14 75 9
64 76 2
4 77 40
67 78 5
23 79 3
30 80 3
56 81 10
77 82 40
4 83 39
25 84 3
47 85 10
53 86 5
83 87 6
54 88 7
28 89 6
20 90 9
4 91 4
45 92 2
8 93 3
70 94 1
69 95 4
79 96 9
66 97 8
85 98 2
85 99 3
74 100 10
95 101 6
97 102 3
81 103 2
29 104 8
7 105 3
76 106 3
54 107 7
98 108 4
86 109 1
20 110 61
103 111 1
17 112 7
15 113 5
64 114 10
69 115 78
19 116 5
19 25 1
25 45 1
21 49 3
46 54 4
28 56 8
43 60 8
37 63 3
21 64 61
12 65 4
63 65 1
58 69 72
16 72 8
17 74 4
39 80 2
32 83 9
73 85 9
63 86 4
25 87 5
20 97 10
86 97 6
80 100 2
96 100 10
6 103 1
42 103 2
51 104 3
100 105 3
64 110 61
24 111 5
93 111 4
40 112 2
35 115 39
83 115 39
125 153 5
134 171 10
213 227 8
209 229 1
130 232 7
234 240 8
156 242 8
229 251 5
118 267 1
139 294 7
207 295 10
223 296 10
170 299 6
237 301 4
234 302 2
247 304 10
254 306 4
269 308 6
225 312 10
314 322 10
139 323 10
265 326 7
162 327 8
288 334 3
122 337 8
130 337 10
169 342 9
249 348 7
323 352 9
350 356 8
222 361 7
244 361 2
319 373 2
293 385 7
154 389 7
317 393 7
292 402 10
351 406 9
140 411 9
165 420 6
121 431 2
287 432 10
324 434 4
176 435 3
335 442 4
363 446 9
289 450 5
396 451 10
338 457 4
183 459 3
284 459 9
300 460 8
392 461 2
192 463 7
292 464 2
379 465 2
226 469 8
407 473 8
199 478 7
323 478 6
469 480 7
346 482 7
408 484 7
375 487 4
465 489 1
386 493 6
394 499 9
140 504 2
500 504 2
403 513 1
435 513 5
246 517 2
352 526 8
383 527 4
171 529 4
264 531 4
388 531 8
321 532 6
489 533 1
350 536 10
164 540 3
514 540 6
526 540 3
127 541 5
138 542 10
162 550 9
278 550 5
282 550 4
387 550 4
298 552 4
528 552 3
185 554 2
178 555 9
372 563 7
512 564 7
409 566 5
425 567 7
238 569 5
137 571 1
416 573 2
435 574 5
123 575 5
119 578 3
375 583 4
544 583 3
268 584 10
351 585 9
254 588 7
335 590 8
230 594 9
454 596 7
414 597 8
16 65 25 86 31 85 64 42 19 39 97 12 29 18 8 83 43 32 28 5 111 69 20 6 45 100 14 37 74 9 24 11 17 4 7
1 73 73
4 77 15
2 13 51
4 41 10
4 45 80
2 83 38
5 83 30
2 82 40
1 58 76