595 304 34 3 8
1 2 80
2 3 78
1 4 82
4 5 42
2 6 2
3 7 10
3 8 10
6 9 1
1 10 8
10 11 1
4 12 1
7 13 8
5 14 42
3 15 84
15 16 78
15 17 4
11 18 4
13 19 1
6 20 7
4 21 1
12 22 10
7 23 7
2 24 10
24 25 9
4 26 6
14 27 1
9 28 6
1 29 8
14 30 42
16 31 80
25 32 8
17 33 4
13 34 5
23 35 7
28 36 8
9 37 8
28 38 4
12 39 8
11 40 9
4 41 10
16 42 7
5 43 2
32 44 9
3 45 27
15 46 3
28 47 1
10 48 6
23 49 7
22 50 8
21 51 1
13 52 8
1 53 5
52 54 3
45 55 7
40 56 4
1 57 87
19 58 8
45 59 6
4 60 41
51 61 1
30 62 7
14 63 4
12 64 8
45 65 35
15 66 7
42 67 6
31 68 10
16 69 1
9 70 10
8 71 6
57 72 81
59 73 9
26 74 4
28 75 3
57 76 25
24 77 2
50 78 4
29 79 7
18 80 5
19 81 2
25 82 5
36 83 4
77 84 9
28 85 6
11 86 8
86 87 9
42 88 2
45 89 10
38 90 10
46 91 5
51 92 3
61 93 2
91 94 3
36 95 2
37 96 1
40 97 4
3 98 31
87 99 4
67 100 7
91 101 4
87 102 1
53 103 2
15 104 8
64 105 9
25 106 41
73 107 9
54 108 5
51 109 3
82 110 10
49 111 7
34 112 7
14 113 9
60 114 10
30 115 7
112 116 3
17 117 10
41 118 8
30 119 9
106 120 2
34 121 2
34 122 10
65 123 8
65 124 46
36 125 3
78 126 4
28 127 1
45 128 2
109 129 8
59 130 7
121 131 3
84 132 6
112 133 1
101 134 2
17 135 4
23 136 10
19 137 4
86 138 1
97 139 2
58 140 8
15 141 3
109 142 8
18 143 6
121 144 3
57 145 7
22 146 5
98 147 31
52 148 8
31 149 80
105 150 8
49 151 8
111 152 1
106 153 1
116 154 9
135 155 81
75 156 6
26 157 4
40 158 3
120 159 10
77 160 1
75 161 2
159 162 10
145 163 5
68 164 4
82 165 3
116 166 3
62 167 9
18 168 8
25 57 41
45 60 41
59 61 7
4 73 7
34 84 7
8 95 5
23 95 8
88 95 7
94 97 10
25 104 8
70 111 2
81 116 9
90 121 5
10 123 8
122 124 10
79 125 3
101 127 10
65 129 12
62 131 3
49 132 9
56 134 5
39 135 8
19 138 5
91 140 2
77 146 5
129 148 6
142 150 8
72 155 81
89 156 1
147 165 1
83 166 1
188 208 5
232 259 9
240 269 3
258 271 4
174 273 1
271 274 9
238 275 2
178 282 5
197 285 9
270 285 9
202 292 4
177 307 7
179 309 4
210 316 3
201 319 2
230 320 9
295 323 1
170 325 6
317 329 1
326 329 4
266 335 4
182 350 3
236 353 2
293 354 2
317 355 9
241 360 8
277 372 10
355 372 8
360 372 4
322 374 4
192 391 7
342 391 1
347 393 7
208 396 5
318 398 1
275 405 9
294 408 3
231 413 2
290 417 4
272 420 5
252 421 7
414 421 2
272 424 4
205 428 9
200 436 5
273 437 7
425 443 3
400 447 10
235 453 3
368 457 3
301 463 4
224 465 8
424 465 1
315 469 1
268 473 8
216 476 7
306 478 4
424 479 2
196 480 6
257 480 4
400 482 4
275 485 3
381 486 8
378 488 2
428 494 9
414 497 2
214 499 3
173 501 4
235 501 8
436 502 7
346 507 9
504 507 3
342 515 2
398 516 3
256 517 6
321 518 8
358 518 8
208 519 10
177 522 3
389 524 6
400 525 6
445 527 6
437 528 9
337 530 4
363 537 3
496 551 1
368 554 5
467 555 7
216 559 3
539 561 8
183 562 10
264 562 9
299 566 9
554 566 2
547 570 4
466 575 8
497 577 7
355 580 8
379 582 2
172 588 7
401 589 2
193 592 3
220 592 3
369 592 6
458 592 3
431 594 3
97 9 12 52 77 87 57 28 2 116 18 24 59 22 19 62 30 101 40 106 5 95 91 129 11 13 31 111 73 8 23 26 36 17
1 147 31
1 135 93
2 106 41
3 30 83
2 121 2
2 124 56
3 76 25
1 149 80