598 566 60 12 21
1 2 96
2 3 34
1 4 90
3 5 18
1 6 94
6 7 91
6 8 10
1 9 21
6 10 21
6 11 20
9 12 6
3 13 5
8 14 45
12 15 31
15 16 7
11 17 6
9 18 6
7 19 18
7 20 53
3 21 9
15 22 42
1 23 6
18 24 3
24 25 10
9 26 1
18 27 10
25 28 1
25 29 50
17 30 8
2 31 3
1 32 92
16 33 19
5 34 1
3 35 1
14 36 45
7 37 35
19 38 18
20 39 5
25 40 10
29 41 44
14 42 8
11 43 14
6 44 5
37 45 21
40 46 2
31 47 10
27 48 1
22 49 10
39 50 9
17 51 3
51 52 8
26 53 8
28 54 1
45 55 21
37 56 8
16 57 10
39 58 9
50 59 3
36 60 45
13 61 5
23 62 5
34 63 10
5 64 72
43 65 14
3 66 1
21 67 2
37 68 9
60 69 6
4 70 6
24 71 2
40 72 7
61 73 8
5 74 90
3 75 17
4 76 48
13 77 3
8 78 6
59 79 6
14 80 1
72 81 1
10 82 97
78 83 10
64 84 92
29 85 6
67 86 5
79 87 10
32 88 33
57 89 7
87 90 4
72 91 10
86 92 7
55 93 20
16 94 20
84 95 1
57 96 6
11 97 3
76 98 48
4 99 9
88 100 8
93 101 6
49 102 3
58 103 8
54 104 5
19 105 2
37 106 10
8 107 3
57 108 10
22 109 7
22 110 8
105 111 9
106 112 1
107 113 8
6 114 8
102 115 5
95 116 2
22 117 78
88 118 33
112 119 6
9 120 5
48 121 4
104 122 6
11 123 3
79 124 5
60 125 45
72 126 3
117 127 78
21 128 10
85 129 8
31 130 4
4 131 5
106 132 10
12 133 37
43 134 1
64 135 20
4 136 88
85 137 3
69 138 5
9 139 7
50 140 1
43 141 4
130 142 8
137 143 10
113 144 8
73 145 3
21 146 5
59 147 8
10 148 76
15 149 9
137 150 10
94 151 95
99 152 8
123 153 6
66 154 8
132 155 9
6 156 4
42 157 1
135 158 9
90 159 13
15 160 6
25 161 50
26 162 1
133 163 9
151 164 95
38 165 2
63 166 4
20 167 3
142 168 8
93 169 4
118 170 9
103 171 3
47 172 5
67 173 10
71 174 7
162 175 10
15 176 35
125 177 45
32 178 4
168 179 9
36 180 7
4 181 10
18 182 9
163 183 8
56 184 6
93 185 63
112 186 3
38 187 18
69 188 2
11 189 1
98 190 10
85 191 9
111 192 4
124 193 8
128 194 6
157 195 3
42 196 2
97 197 8
161 198 50
72 199 10
167 200 6
98 201 9
170 202 7
63 203 8
129 204 1
58 205 5
90 206 6
8 207 55
104 208 9
207 209 58
51 210 10
85 211 6
198 212 50
95 213 3
115 214 10
10 215 8
68 216 43
148 217 22
171 218 6
168 219 8
57 220 10
30 221 8
16 222 39
76 223 3
1 224 10
176 225 25
51 226 3
136 227 1
70 228 2
94 229 3
51 230 7
74 231 90
121 232 7
94 233 2
177 234 71
114 235 3
70 236 6
177 237 10
148 238 7
109 239 1
118 240 33
87 241 9
54 242 6
133 243 37
31 244 8
147 245 7
161 246 4
238 247 63
135 248 20
98 249 48
192 250 1
161 251 1
222 252 5
41 253 7
206 254 9
8 255 6
33 256 74
193 257 5
219 258 16
232 259 9
180 260 6
13 261 3
122 262 6
159 263 9
206 264 6
160 265 8
208 266 9
106 267 8
137 268 10
26 269 4
97 270 9
110 271 9
193 272 10
210 273 7
269 274 10
242 275 5
245 276 1
111 277 10
169 278 6
159 279 2
58 280 2
236 281 2
274 282 9
244 283 4
33 284 7
99 285 7
190 286 5
9 287 13
153 288 6
7 289 2
144 290 9
207 291 58
105 292 2
75 293 10
289 294 7
138 295 7
249 296 3
25 297 10
165 298 7
208 299 5
281 300 8
121 301 9
62 302 1
186 303 1
245 304 9
267 305 7
166 306 10
177 307 16
114 308 9
39 309 5
25 310 3
109 311 8
295 312 6
76 313 7
11 314 10
309 315 9
287 316 9
136 317 4
270 318 4
318 319 4
254 320 4
48 321 1
155 322 7
231 323 2
215 324 10
232 325 2
7 326 8
92 327 1
42 328 3
191 329 2
219 330 9
176 331 1
164 332 95
324 333 9
154 334 2
37 335 10
62 336 2
308 337 8
249 338 8
187 339 53
338 340 1
77 341 6
230 342 6
3 343 10
215 344 1
155 345 5
300 346 6
15 347 9
245 348 6
112 349 5
62 350 3
238 351 7
234 352 8
314 353 4
243 354 10
353 355 2
173 356 6
265 357 7
55 358 10
274 359 5
307 360 10
39 361 9
316 362 10
146 363 8
30 364 8
126 365 3
287 366 4
20 367 8
237 368 10
147 369 5
304 370 8
342 371 4
230 372 10
333 373 3
307 374 6
220 375 2
155 376 10
116 377 22
376 378 7
282 379 6
373 380 3
192 381 10
282 382 2
93 383 8
281 384 9
380 385 8
374 386 7
13 387 8
132 388 5
335 389 6
261 390 3
346 391 6
176 392 8
258 393 3
135 394 5
222 395 2
34 396 10
304 397 7
359 398 5
8 399 6
253 400 4
110 401 3
388 402 5
10 403 6
208 404 7
57 405 7
175 406 3
282 407 5
132 408 10
404 409 4
90 410 2
333 411 3
362 412 7
66 413 8
272 414 8
25 415 7
153 416 4
162 417 9
410 418 3
408 419 6
306 420 1
329 421 4
179 422 1
334 423 6
139 424 7
25 425 10
104 426 2
380 427 7
349 428 5
383 429 3
109 430 2
19 431 3
311 432 2
265 433 5
383 434 35
29 435 4
70 436 4
340 437 3
366 438 1
35 439 6
29 440 7
18 59 6
20 68 58
32 84 92
18 103 7
55 103 2
110 130 8
65 140 14
113 140 5
119 148 47
140 148 15
98 150 48
120 154 3
119 159 13
154 169 6
53 172 4
166 182 9
173 183 4
185 191 9
40 195 7
62 198 3
209 212 50
75 218 7
136 222 39
213 225 25
187 226 1
213 241 7
201 242 4
37 243 33
41 243 44
139 246 6
4 247 63
143 248 10
114 258 8
22 264 6
196 269 3
221 269 5
6 270 4
253 270 4
220 274 10
176 275 8
257 281 8
136 291 58
109 292 5
116 293 12
99 296 9
135 296 3
221 296 6
165 299 5
258 300 8
283 300 5
260 309 5
148 311 8
166 315 9
176 321 8
286 322 4
199 328 5
185 337 12
319 342 9
337 342 8
37 351 7
55 355 2
295 358 10
355 358 1
24 359 7
248 360 10
291 362 9
119 366 34
293 368 10
213 377 22
244 378 6
26 381 3
2 383 63
150 383 15
212 388 4
223 389 2
9 404 6
107 404 9
375 404 10
263 405 10
374 408 10
312 411 9
209 413 8
401 413 3
75 414 5
392 415 4
335 416 2
109 419 7
78 430 10
332 433 6
366 434 30
384 434 5
376 436 10
345 439 1
111 440 9
128 440 7
459 461 5
446 485 4
447 493 10
444 496 8
476 499 6
460 500 7
461 503 3
478 508 3
468 514 9
489 515 5
451 517 9
459 520 4
448 521 8
510 521 1
514 530 4
459 531 5
484 531 4
483 539 10
456 544 7
542 544 7
545 551 6
450 560 7
532 560 10
529 572 7
524 579 1
499 581 5
471 585 10
512 587 5
454 592 3
532 592 2
475 597 10
550 598 7
130 230 136 287 55 69 110 282 37 32 161 68 22 133 3 176 383 6 94 43 293 139 132 38 150 121 166 75 380 243 90 29 333 33 20 220 93 359 147 388 374 300 206 42 87 17 281 440 19 97 253 165 58 191 245 128 9 116 187 162
3 240 33
8 423 1
8 217 22
10 82 97
7 219 19
7 234 71
1 238 70
5 397 6
5 339 53
5 185 6
9 216 43
10 249 51
12 256 74
8 185 84
1 231 90
8 136 10
7 332 94
6 252 3
7 364 6
6 127 78
1 68 58