601 525 93 11 31
1 2 103
1 3 66
3 4 101
2 5 28
1 6 104
6 7 102
7 8 48
6 9 2
9 10 30
1 11 74
6 12 8
12 13 15
4 14 61
1 15 61
13 16 24
7 17 5
15 18 36
13 19 9
4 20 10
11 21 64
16 22 63
1 23 9
22 24 83
16 25 60
11 26 7
7 27 5
8 28 48
23 29 8
14 30 91
12 31 6
3 32 1
23 33 9
2 34 96
32 35 8
35 36 1
3 37 11
9 38 10
16 39 10
13 40 3
34 41 54
38 42 10
14 43 6
16 44 74
27 45 6
28 46 2
4 47 41
3 48 5
25 49 39
41 50 8
28 51 31
35 52 14
21 53 7
49 54 27
10 55 10
27 56 8
3 57 10
17 58 8
39 59 6
12 60 15
20 61 12
7 62 7
21 63 64
33 64 9
38 65 10
24 66 9
11 67 71
8 68 30
27 69 9
29 70 4
14 71 6
49 72 9
43 73 10
49 74 31
69 75 10
51 76 5
20 77 21
66 78 10
50 79 3
16 80 3
43 81 10
63 82 64
39 83 7
35 84 18
40 85 63
61 86 10
40 87 57
76 88 5
48 89 1
28 90 9
82 91 8
29 92 10
74 93 9
91 94 2
37 95 5
92 96 10
47 97 41
62 98 7
44 99 13
98 100 10
81 101 6
4 102 3
15 103 43
95 104 4
37 105 5
12 106 2
43 107 5
44 108 6
105 109 5
61 110 5
30 111 91
97 112 41
96 113 7
24 114 8
5 115 28
111 116 5
77 117 26
64 118 32
12 119 5
42 120 12
33 121 9
115 122 2
17 123 6
80 124 5
104 125 6
4 126 11
110 127 8
68 128 30
77 129 79
119 130 4
100 131 8
7 132 57
102 133 9
41 134 82
43 135 7
30 136 9
97 137 42
86 138 10
80 139 5
64 140 6
66 141 73
22 142 15
112 143 66
82 144 97
85 145 7
46 146 6
61 147 3
120 148 8
116 149 4
60 150 10
86 151 5
34 152 37
114 153 8
75 154 10
127 155 4
1 156 2
43 157 6
9 158 16
126 159 5
116 160 4
93 161 4
74 162 13
86 163 6
32 164 6
9 165 5
128 166 9
21 167 5
4 168 7
44 169 22
104 170 3
32 171 8
113 172 9
126 173 6
37 174 9
152 175 37
44 176 6
33 177 9
122 178 5
41 179 9
32 180 9
59 181 5
110 182 3
159 183 8
28 184 7
183 185 3
91 186 5
158 187 9
169 188 25
46 189 8
102 190 5
151 191 3
14 192 8
120 193 6
126 194 7
81 195 10
51 196 55
109 197 4
178 198 7
15 199 7
106 200 8
146 201 9
162 202 13
128 203 30
51 204 7
10 205 5
170 206 26
20 207 7
75 208 6
103 209 8
87 210 20
29 211 1
49 212 5
14 213 50
107 214 8
5 215 6
166 216 1
113 217 2
107 218 9
155 219 5
142 220 15
10 221 2
28 222 6
67 223 56
168 224 10
52 225 9
174 226 3
40 227 54
91 228 3
126 229 7
162 230 4
183 231 1
172 232 7
124 233 8
63 234 6
220 235 12
19 236 10
28 237 20
39 238 7
181 239 5
112 240 25
181 241 1
12 242 10
154 243 1
122 244 9
57 245 26
69 246 5
159 247 4
22 248 2
155 249 7
162 250 4
227 251 3
142 252 8
207 253 7
67 254 28
139 255 98
160 256 5
185 257 4
254 258 15
53 259 5
247 260 4
22 261 10
56 262 7
200 263 9
73 264 9
149 265 9
9 266 5
169 267 26
190 268 2
35 269 9
243 270 6
214 271 2
13 272 9
87 273 80
201 274 4
106 275 10
215 276 7
159 277 9
259 278 8
182 279 2
52 280 14
158 281 9
32 282 6
43 283 2
27 284 5
25 285 1
97 286 8
15 287 10
132 288 57
141 289 84
209 290 4
207 291 8
72 292 18
229 293 2
91 294 8
194 295 3
94 296 3
54 297 5
69 298 5
84 299 9
219 300 6
232 301 9
117 302 10
143 303 81
64 304 8
137 305 42
1 306 100
292 307 18
292 308 8
224 309 2
214 310 6
203 311 5
206 312 22
235 313 6
182 314 10
59 315 5
284 316 3
10 317 10
254 318 13
84 319 3
117 320 26
160 321 7
24 322 92
158 323 7
10 324 30
236 325 2
100 326 9
280 327 14
124 328 1
79 329 1
143 330 12
16 331 4
103 332 62
259 333 8
237 334 4
18 335 8
254 336 7
99 337 1
315 338 6
243 339 3
40 340 4
45 341 8
87 342 6
27 343 30
333 344 3
215 345 10
58 346 10
8 347 10
116 348 2
169 349 3
206 350 5
66 351 9
269 352 3
24 353 9
169 354 13
222 355 2
147 356 8
194 357 9
143 358 1
339 359 1
258 360 10
132 361 10
42 362 12
280 363 6
3 7 8
17 32 6
11 36 65
20 44 28
25 54 40
42 68 4
66 74 42
17 105 10
96 109 6
4 115 42
18 118 33
60 118 33
74 124 7
110 135 1
7 139 90
19 150 9
89 151 6
131 154 8
50 156 5
122 156 3
64 170 23
28 176 10
172 178 6
115 180 9
165 182 5
59 186 8
96 187 4
182 193 10
189 200 3
23 211 3
198 211 10
4 213 5
90 213 9
126 216 9
29 218 6
9 220 12
84 222 8
49 223 56
116 226 9
81 231 1
53 232 7
199 235 6
216 236 9
188 240 25
134 244 2
233 248 8
81 251 4
176 252 8
45 253 7
163 253 6
202 253 13
37 259 1
157 260 14
210 260 20
175 267 26
121 281 10
3 282 5
206 285 3
227 288 57
131 292 9
154 292 9
61 295 9
57 300 9
72 301 9
99 302 10
69 303 7
153 304 8
112 306 97
245 307 26
220 310 3
287 311 8
6 318 13
134 320 84
258 323 9
112 324 34
5 325 9
129 327 79
71 330 6
175 330 6
311 333 4
239 342 5
203 343 30
15 345 8
68 346 2
46 348 8
147 349 3
323 350 10
69 351 9
144 354 13
335 356 8
157 357 8
325 357 5
212 359 6
344 359 3
306 360 6
141 362 12
371 373 5
365 378 3
390 393 6
384 397 2
388 414 3
371 420 6
409 425 1
416 428 8
395 430 8
427 435 10
437 443 8
426 445 10
364 446 5
381 454 7
368 455 9
434 456 4
376 465 4
398 469 1
416 471 4
428 473 1
464 478 6
389 480 2
381 482 1
404 495 10
460 495 9
420 498 6
488 503 3
469 504 6
380 506 6
383 519 3
468 519 5
387 520 6
494 521 9
514 522 10
461 524 8
438 526 8
392 532 10
509 532 5
509 533 10
530 534 10
531 544 7
417 548 8
527 549 4
406 550 7
504 554 1
426 556 9
420 559 7
496 561 5
452 562 2
434 563 9
386 565 5
368 573 4
419 573 1
409 575 3
484 576 5
490 580 6
545 580 2
401 581 3
579 582 7
502 585 10
517 588 9
432 590 7
526 594 2
424 595 9
488 596 5
419 598 7
365 601 7
200 227 39 72 160 41 330 23 109 82 115 10 75 34 49 15 100 157 142 52 28 17 151 99 59 60 222 69 176 215 235 333 87 66 122 105 357 260 147 81 9 236 64 42 44 11 6 74 12 207 8 57 2 203 181 29 50 359 232 116 5 54 67 13 128 139 126 22 103 143 131 107 175 14 156 154 16 86 37 7 35 77 214 172 106 211 45 258 120 43 3 51 27
8 36 65
1 324 63
1 237 20
11 27 40
11 320 58
2 85 63
2 213 54
7 255 98
2 196 55
10 289 84
9 111 96
1 204 7
2 121 9
10 93 9
4 332 62
11 305 42
6 307 44
2 84 24
1 312 22
6 44 98
1 273 80
3 2 87
11 260 22
4 206 10
9 144 84
11 322 92
11 327 79
2 3 57
4 301 9
2 303 88
9 13 20