603 665 13 6 6
1 2 23
1 3 6
2 4 10
2 5 18
2 6 4
3 7 6
3 8 2
5 9 10
2 10 5
1 11 87
2 12 8
6 13 2
10 14 6
13 15 9
3 16 1
9 17 5
4 18 10
2 19 4
19 20 7
16 21 4
20 22 5
1 23 36
15 24 10
23 25 1
21 26 3
13 27 9
16 28 8
28 29 61
29 30 10
6 31 8
25 32 1
28 33 5
31 34 7
32 35 6
27 36 9
27 37 5
20 38 8
1 39 10
18 40 7
30 41 8
13 42 9
15 43 1
11 44 46
13 45 9
42 46 10
38 47 4
35 48 8
1 49 3
47 50 8
20 51 5
46 52 2
4 53 8
36 54 5
47 55 5
55 56 4
12 57 1
11 58 9
52 59 10
5 60 16
18 61 3
39 62 8
50 63 8
24 64 10
62 65 10
50 66 1
51 67 5
20 68 5
47 69 3
4 70 6
9 71 4
48 72 3
24 73 2
2 74 1
71 75 9
66 76 7
47 77 4
51 78 10
9 79 10
68 80 2
75 81 3
65 82 6
20 83 9
61 84 4
47 85 8
27 86 1
40 87 4
27 88 9
9 89 7
67 90 2
45 91 3
26 92 8
41 93 3
29 94 61
16 95 7
20 96 7
80 97 4
47 98 4
44 99 1
91 100 10
77 101 4
63 102 6
69 103 1
23 104 10
21 105 8
63 106 2
14 107 8
20 108 7
3 109 10
94 110 20
21 111 6
97 112 2
97 113 4
1 114 6
63 115 6
83 116 9
53 117 9
26 118 7
58 119 8
1 120 9
41 121 8
26 122 1
28 123 6
60 124 92
94 125 9
122 126 4
36 127 4
1 128 2
32 129 4
63 130 9
83 131 3
11 132 6
75 133 6
107 134 1
44 135 2
59 136 4
105 137 10
88 138 10
53 139 5
51 140 9
42 141 4
28 142 6
131 143 1
28 144 23
5 145 6
144 146 2
4 147 2
1 148 1
86 149 3
125 150 1
22 151 6
92 152 5
151 153 9
15 154 7
48 155 1
14 156 3
88 157 4
54 158 8
87 159 10
19 160 7
34 161 10
69 162 10
156 163 3
145 164 10
125 165 3
107 166 1
151 167 9
126 168 9
23 169 5
160 170 7
139 171 5
136 172 9
2 173 10
127 174 8
36 175 7
27 176 7
7 177 10
130 178 9
170 179 4
11 180 9
107 181 10
131 182 6
130 183 6
98 184 10
13 185 4
86 186 4
168 187 9
39 188 10
101 189 3
20 190 9
90 191 7
38 192 6
7 193 3
44 194 5
172 195 3
66 196 3
70 197 3
197 198 4
52 199 7
193 200 1
179 201 9
83 202 7
117 203 10
196 204 4
44 205 52
132 206 4
68 207 10
67 208 7
166 209 7
43 210 1
11 211 69
19 212 6
140 213 2
24 214 7
106 215 6
105 216 6
134 217 4
169 218 6
206 219 9
218 220 4
7 221 3
131 222 10
85 223 11
121 224 9
34 225 2
212 226 1
134 227 8
44 228 1
63 229 8
96 230 7
89 231 7
219 232 1
90 233 2
206 234 5
33 235 1
149 236 3
160 237 7
154 238 7
214 239 6
52 240 7
50 241 2
125 242 7
129 243 3
123 244 6
61 245 10
217 246 4
34 247 4
15 248 6
217 249 7
87 250 9
16 251 4
141 252 8
208 253 9
57 254 7
55 255 10
245 256 5
14 257 9
50 258 3
2 259 2
249 260 4
231 261 1
124 262 7
141 263 10
244 264 10
119 265 6
33 266 10
21 267 3
96 268 3
205 269 3
80 270 6
174 271 3
117 272 4
33 273 4
125 274 7
260 275 8
73 276 9
93 277 7
106 278 8
80 279 9
107 280 2
124 281 69
60 282 5
134 283 4
176 284 5
163 285 3
36 286 9
240 287 1
280 288 5
40 289 6
154 290 5
38 291 10
246 292 7
180 293 2
252 294 9
160 295 5
132 296 2
167 297 2
289 298 10
115 299 4
203 300 6
161 301 5
194 302 10
210 303 6
34 304 8
65 305 4
45 306 8
23 307 3
187 308 8
301 309 3
11 310 6
60 311 10
213 312 3
250 313 7
240 314 10
129 315 4
216 316 7
110 317 11
21 318 10
138 319 6
28 320 29
282 321 7
124 322 84
211 323 6
56 324 10
236 325 3
157 326 1
38 327 7
303 328 3
29 329 4
177 330 3
168 331 6
177 332 6
164 333 4
148 334 5
285 335 10
148 336 6
65 337 9
253 338 7
80 339 5
177 340 8
322 341 84
123 342 9
1 343 3
218 344 3
115 345 2
199 346 2
276 347 5
255 348 1
226 349 8
207 350 3
50 351 2
264 352 1
334 353 2
110 354 9
208 355 5
273 356 6
342 357 6
17 358 9
151 359 9
157 360 2
309 361 1
294 362 1
168 363 1
186 364 3
320 365 7
313 366 1
116 367 6
219 368 4
288 369 10
248 370 4
35 371 6
320 372 4
134 373 9
244 374 6
171 375 7
156 376 5
354 377 3
162 378 10
202 379 7
78 380 8
335 381 95
211 382 9
133 383 6
307 384 2
144 385 10
327 386 7
306 387 1
297 388 1
371 389 3
334 390 1
112 391 6
231 392 3
62 393 2
281 394 69
2 395 2
10 396 6
283 397 6
390 398 1
379 399 8
111 400 5
224 401 1
363 402 6
397 403 6
300 404 2
183 405 10
201 406 6
30 407 10
21 408 9
249 409 10
27 410 10
403 411 4
404 412 6
258 413 9
248 414 6
230 415 7
192 416 8
130 417 3
350 418 3
97 419 2
344 420 3
150 421 5
211 422 7
91 423 5
295 424 6
380 425 7
163 426 3
1 427 10
392 428 5
177 429 5
365 430 1
265 431 7
85 432 19
191 433 10
76 434 1
417 435 2
308 436 4
251 437 10
92 438 2
137 439 4
364 440 1
159 441 2
200 442 7
155 443 8
90 444 7
407 445 4
272 446 7
289 447 9
208 448 8
150 449 1
185 450 10
378 451 7
308 452 2
340 453 6
418 454 5
185 455 6
289 456 7
455 457 8
125 458 7
264 459 5
369 460 6
190 461 6
216 462 10
141 463 10
119 464 9
246 465 9
243 466 4
446 467 6
208 468 6
77 469 5
80 470 1
20 471 7
312 472 10
197 473 6
193 474 4
103 475 4
249 476 8
66 477 10
425 478 3
449 479 4
232 480 1
458 481 5
214 482 2
11 483 8
45 484 5
397 485 9
2 486 7
183 487 2
367 488 6
479 489 4
26 490 10
245 491 10
208 492 4
264 493 8
472 494 10
327 495 1
353 496 3
98 497 4
112 498 9
281 499 6
101 500 8
150 501 8
240 502 9
184 503 10
311 504 5
19 23 36
24 60 76
46 83 3
18 112 9
39 112 7
51 113 3
104 121 5
90 124 69
116 135 1
37 141 9
19 144 23
75 147 9
139 151 8
92 159 5
95 166 4
153 169 8
154 169 9
30 181 2
52 184 5
133 189 6
43 193 2
65 197 10
13 200 7
105 200 7
192 204 10
120 205 9
121 205 5
46 207 6
24 211 69
14 216 5
97 221 3
147 221 2
132 222 7
117 223 6
143 239 4
92 240 9
145 240 10
93 242 10
230 246 9
183 247 4
119 254 1
128 257 4
196 266 4
249 272 8
65 273 5
164 277 5
223 277 10
172 279 6
190 285 5
12 286 5
3 290 5
115 290 3
24 299 1
5 302 9
77 304 4
260 309 1
99 310 7
146 310 6
83 315 6
308 320 29
78 326 2
101 327 4
312 327 10
288 330 2
94 335 87
277 345 3
177 347 1
317 348 11
287 350 6
232 352 5
171 353 7
79 356 6
91 358 10
316 358 7
348 362 11
230 363 9
269 366 10
173 367 6
102 374 10
308 374 29
214 376 8
61 377 4
27 378 7
190 380 1
275 382 4
79 389 6
383 392 7
261 393 8
354 396 6
58 399 6
81 399 4
31 401 8
400 401 5
170 403 4
329 404 1
399 406 10
127 407 2
168 407 7
378 407 6
26 409 10
65 409 10
78 413 7
14 415 4
401 419 10
353 425 3
352 427 2
72 429 10
374 432 21
92 435 4
362 435 7
420 435 9
220 436 7
432 438 8
56 442 5
282 442 9
346 443 2
391 450 9
241 452 2
345 454 4
174 456 7
221 456 2
260 458 3
159 459 10
328 464 1
13 468 3
103 471 2
260 471 9
64 479 5
220 480 7
462 482 9
448 484 7
440 485 6
190 486 10
319 486 7
380 486 2
398 487 10
410 492 3
19 494 10
405 496 7
427 496 10
362 500 8
180 502 9
216 504 7
510 525 9
521 535 2
523 535 1
534 535 8
530 538 5
506 546 4
531 562 2
506 564 3
517 564 10
543 568 2
516 575 5
541 579 7
512 590 4
547 591 9
552 591 3
565 597 4
533 601 2
540 601 4
595 601 2
55 289 150 170 35 174 48 310 352 218 374 184 90
6 394 69
3 381 95
2 205 66
6 302 1
3 341 84
6 374 63