590 328 67 12 13
1 2 46
1 3 10
3 4 5
1 5 36
5 6 35
6 7 10
7 8 83
7 9 1
5 10 45
2 11 7
8 12 4
6 13 3
1 14 21
2 15 1
5 16 18
3 17 2
4 18 8
3 19 10
10 20 4
19 21 10
19 22 9
17 23 6
10 24 6
24 25 8
15 26 8
18 27 8
2 28 7
7 29 74
26 30 3
14 31 13
20 32 8
6 33 9
32 34 9
24 35 6
22 36 8
31 37 2
31 38 6
1 39 25
1 40 74
31 41 6
3 42 8
37 43 8
17 44 9
34 45 4
23 46 6
45 47 37
45 48 4
39 49 3
6 50 1
24 51 1
4 52 7
21 53 35
45 54 45
21 55 5
29 56 74
24 57 9
6 58 8
44 59 19
8 60 10
38 61 5
46 62 9
36 63 7
53 64 35
64 65 35
30 66 10
31 67 26
38 68 5
3 69 6
8 70 83
19 71 3
36 72 2
36 73 4
52 74 9
68 75 3
37 76 3
67 77 6
14 78 21
17 79 9
16 80 10
10 81 45
32 82 2
16 83 9
75 84 5
24 85 8
85 86 7
83 87 3
85 88 3
26 89 2
37 90 7
68 91 4
83 92 10
87 93 5
91 94 2
19 95 3
15 96 6
86 97 8
23 98 1
39 99 25
77 100 7
92 101 10
65 102 70
12 103 10
82 104 7
9 105 4
91 106 7
27 107 10
85 108 1
28 109 1
42 110 1
52 111 4
16 112 47
77 113 8
9 114 2
16 115 3
94 116 8
91 117 1
18 118 9
2 119 1
80 120 2
36 121 8
15 122 2
92 123 42
57 124 7
102 125 70
77 126 1
119 127 5
49 128 1
95 129 8
56 130 4
118 131 8
27 132 10
5 133 5
124 134 9
111 135 1
94 136 8
122 137 6
114 138 1
67 139 26
11 140 6
122 141 9
33 142 5
16 143 2
40 144 6
83 145 8
78 146 2
27 147 9
45 148 9
88 149 2
81 150 45
89 151 10
1 152 9
99 153 8
62 154 7
76 155 7
121 156 7
1 157 3
20 158 9
10 159 3
86 160 2
21 161 10
65 162 5
40 163 6
158 164 1
95 165 9
21 166 5
74 167 3
46 168 6
43 169 6
77 170 9
132 171 10
13 172 1
23 173 4
124 174 5
86 175 5
108 176 7
33 177 9
163 178 8
78 179 2
166 180 7
6 181 9
41 182 10
150 183 19
171 184 2
6 21 25
24 31 1
13 45 1
40 56 74
13 79 4
44 79 8
16 85 9
33 89 3
86 89 10
47 99 37
51 107 3
60 107 9
82 108 6
55 113 8
107 116 9
78 123 21
46 127 6
10 131 3
15 132 4
118 141 2
80 144 4
17 145 4
6 146 7
48 150 4
136 150 7
115 152 10
51 153 7
30 154 3
119 154 3
144 158 6
48 164 10
112 164 4
69 167 7
163 167 10
116 170 1
111 171 2
160 172 7
27 182 1
143 182 5
59 183 19
198 203 7
211 215 9
214 230 1
185 232 4
232 238 10
228 257 6
220 260 7
205 267 9
266 282 2
226 284 5
290 295 8
195 305 9
301 307 5
189 315 10
315 328 1
248 330 7
266 339 10
218 342 9
310 344 1
212 349 8
295 355 1
189 361 5
267 367 7
347 377 2
293 383 6
231 384 9
348 385 4
245 390 8
255 402 4
263 402 2
383 405 1
328 408 5
375 409 4
292 410 6
374 414 3
195 420 4
267 421 2
308 423 2
282 429 7
297 431 9
254 432 5
336 437 10
296 438 5
433 438 2
325 439 3
319 440 4
284 441 3
196 443 4
214 443 2
217 444 3
319 444 2
357 445 4
310 447 2
313 449 5
350 452 4
246 453 3
263 453 9
259 464 7
448 469 6
299 472 5
333 475 10
463 475 7
244 476 5
290 477 7
470 477 2
403 479 3
261 481 5
420 481 2
265 486 10
336 486 1
479 486 3
280 487 4
333 495 4
264 500 6
466 501 2
353 504 9
186 515 6
281 516 6
419 516 7
434 524 2
199 534 10
185 537 3
452 540 9
463 542 4
191 548 9
543 552 9
509 555 5
372 557 9
489 557 6
204 558 1
396 558 5
229 562 1
256 564 2
408 565 6
380 566 8
459 566 4
186 570 4
274 570 4
253 573 9
362 573 2
404 573 9
370 575 6
349 578 3
514 581 2
546 585 5
79 167 132 8 36 24 89 30 111 144 80 33 14 56 2 86 4 182 37 122 46 7 154 27 44 20 78 85 39 65 91 68 83 15 32 77 94 158 164 82 95 45 119 52 23 19 9 3 48 51 118 171 99 31 116 124 13 67 6 40 107 16 150 5 92 108 10
9 123 62
11 139 26
7 118 4
4 7 64
9 150 98
6 150 71
1 70 83
6 56 47
10 2 46
4 54 45
3 125 70
8 112 47
4 39 8