604 185 9 12 18
1 2 4
1 3 7
2 4 2
2 5 2
1 6 2
1 7 2
1 8 18
3 9 7
2 10 3
1 11 2
1 12 3
1 13 3
8 14 18
2 15 3
5 16 2
9 17 3
9 18 1
1 19 7
1 20 2
11 21 2
12 22 3
2 23 6
3 24 1
10 25 3
23 26 4
1 27 2
5 28 2
8 29 3
3 30 3
13 31 2
6 32 2
21 33 6
8 34 3
2 35 1
3 36 3
24 37 1
33 38 7
2 39 1
23 40 1
22 41 8
8 42 2
28 43 3
42 44 1
14 45 18
12 21 6
19 23 2
1 32 18
17 33 3
2 34 4
13 34 3
31 34 11
1 38 7
4 38 2
18 40 3
1 43 14
16 43 14
41 43 12
10 44 1
69 104 3
73 112 2
99 114 1
46 123 3
92 138 2
140 151 1
107 164 1
146 186 2
133 191 1
149 195 2
160 221 3
222 231 1
126 243 2
124 256 3
228 258 2
109 269 3
91 274 3
203 275 1
229 275 1
206 282 1
284 287 3
72 291 2
89 296 1
151 304 1
134 309 3
285 317 3
286 318 1
75 319 2
160 325 2
164 330 3
241 330 3
133 337 2
269 338 1
76 342 3
173 342 3
54 343 3
259 344 2
47 349 1
203 350 3
336 351 3
232 352 1
194 354 3
287 363 3
229 378 3
370 381 1
75 382 3
282 395 1
235 403 3
329 406 1
86 414 3
290 417 3
101 421 3
379 421 2
151 422 2
293 426 1
241 431 2
210 432 1
356 432 2
245 433 1
178 435 2
276 436 1
330 437 1
74 444 2
293 446 1
225 454 3
352 457 2
344 460 2
272 461 3
327 461 2
147 465 1
321 470 1
224 473 2
261 473 1
170 474 3
431 477 2
409 482 3
218 483 2
376 486 2
449 486 1
443 488 3
453 498 1
362 500 2
480 500 2
418 501 1
477 501 3
264 507 1
454 507 2
184 508 3
273 510 3
511 513 2
241 517 1
394 523 1
248 525 2
130 527 3
334 530 1
94 532 3
217 533 3
94 538 2
120 539 3
73 540 2
112 540 3
178 542 2
453 551 3
233 553 1
154 554 3
315 558 3
267 559 1
68 565 2
120 566 2
435 568 3
536 570 2
183 572 2
275 575 1
467 575 2
475 579 3
388 581 3
572 581 1
273 582 3
538 586 3
239 593 3
488 593 2
207 598 2
471 598 1
520 599 2
200 601 1
133 603 2
328 604 3
9 33 38 21 13 5 3 34 23
1 26 4
10 9 12
12 16 2
12 21 18
6 41 11
2 32 20
11 3 12
12 13 2
8 22 11
8 36 3
10 16 16
7 45 18
9 31 13
7 32 12
10 33 15
11 19 9
12 8 18
12 41 9