606 573 140 13 21
1 2 14
1 3 12
2 4 15
3 5 12
5 6 3
2 7 2
5 8 12
2 9 3
8 10 2
2 11 3
10 12 1
4 13 2
1 14 2
2 15 5
1 16 7
15 17 2
4 18 2
8 19 3
16 20 7
2 21 1
1 22 15
6 23 3
4 24 4
1 25 5
13 26 2
9 27 3
12 28 3
12 29 3
15 30 2
21 31 3
4 32 2
14 33 2
10 34 2
22 35 2
24 36 2
9 37 1
4 38 6
38 39 1
6 40 3
19 41 3
17 42 1
25 43 3
42 44 1
16 45 3
42 46 2
28 47 3
10 48 10
10 49 3
31 50 3
38 51 3
12 52 3
28 53 2
27 54 1
38 55 5
43 56 2
50 57 1
41 58 1
34 59 6
22 60 4
11 61 2
30 62 1
52 63 1
10 64 6
42 65 2
17 66 2
28 67 2
7 68 1
52 69 3
9 70 1
33 71 2
14 72 3
13 73 2
53 74 2
64 75 2
74 76 3
62 77 2
75 78 1
48 79 3
8 80 14
34 81 3
2 82 3
77 83 1
80 84 14
73 85 1
31 86 3
38 87 13
43 88 2
23 89 1
76 90 2
22 91 9
52 92 3
59 93 2
83 94 3
47 95 2
8 96 11
49 97 3
30 98 2
70 99 1
9 100 1
13 101 1
25 102 3
100 103 3
24 104 4
27 105 2
51 106 1
40 107 2
96 108 1
2 109 2
17 110 2
109 111 3
95 112 2
47 113 3
74 114 3
51 115 2
76 116 2
112 117 2
19 118 2
84 119 3
115 120 3
86 121 3
55 122 3
34 123 3
44 124 1
37 125 1
91 126 1
63 127 3
20 128 2
15 129 3
8 130 3
72 131 3
94 132 1
105 133 3
48 134 14
101 135 1
76 136 1
83 137 3
74 138 1
110 139 1
124 140 2
40 141 1
42 142 1
53 143 3
63 144 2
13 145 3
139 146 3
85 147 2
66 148 2
67 149 3
103 150 3
127 151 2
27 152 2
139 153 2
57 154 1
74 155 1
18 156 2
139 157 1
4 158 2
121 159 1
28 160 2
89 161 3
128 162 1
32 163 3
8 164 4
55 165 2
20 166 11
43 167 2
144 168 2
27 169 3
75 170 2
58 171 1
105 172 3
28 173 1
132 174 1
127 175 1
4 176 8
140 177 3
151 178 1
109 179 3
89 180 1
108 181 1
23 182 2
143 183 2
56 184 2
76 185 2
57 186 1
73 187 2
155 188 2
175 189 2
188 190 2
28 191 3
113 192 3
59 193 6
97 194 3
4 195 7
188 196 7
10 197 2
143 198 2
170 199 2
23 200 2
157 201 2
148 202 1
82 203 3
57 204 3
58 205 2
199 206 2
193 207 3
34 208 2
71 209 1
110 210 1
101 211 1
102 212 2
40 213 2
117 214 2
40 215 2
203 216 1
175 217 2
173 218 2
77 219 3
156 220 2
100 221 2
52 222 2
36 223 1
25 224 2
131 225 3
58 226 3
188 227 3
99 228 3
222 229 2
95 230 2
56 231 2
45 232 3
214 233 1
219 234 3
135 235 3
156 236 1
130 237 1
98 238 1
51 239 3
188 240 2
46 241 3
116 242 2
118 243 2
192 244 8
225 245 3
136 246 2
60 247 4
192 248 1
218 249 3
111 250 2
43 251 3
243 252 3
180 253 3
199 254 2
141 255 3
56 256 3
167 257 1
26 258 1
27 259 3
10 260 1
208 261 1
238 262 2
169 263 1
29 264 3
33 265 2
257 266 3
142 267 3
91 268 9
47 269 1
101 270 1
184 271 3
227 272 3
90 273 2
94 274 3
243 275 1
50 276 3
268 277 3
152 278 1
44 279 3
80 280 1
96 281 14
191 282 3
110 283 3
107 284 3
230 285 1
119 286 3
205 287 1
173 288 3
35 289 1
51 290 3
282 291 2
62 292 1
210 293 3
49 294 1
17 295 1
106 296 3
285 297 1
286 298 3
284 299 3
207 300 9
204 301 1
225 302 3
286 303 2
136 304 2
69 305 2
273 306 2
291 307 3
11 308 1
205 309 1
276 310 3
13 311 1
23 312 2
177 313 1
302 314 1
228 315 2
83 316 2
10 317 3
86 318 2
21 319 2
176 320 2
193 321 2
159 322 3
12 323 3
8 324 2
245 325 3
169 326 2
15 327 3
136 328 3
97 329 2
70 330 1
253 331 2
285 332 2
28 333 3
245 334 1
142 335 2
9 336 1
290 337 3
275 338 2
33 339 2
193 340 13
156 341 3
6 342 1
176 343 3
290 344 1
188 345 2
315 346 1
152 347 2
42 348 3
167 349 3
235 350 2
185 351 3
122 352 1
82 353 2
263 354 1
17 355 3
206 356 1
107 357 2
45 358 3
282 359 4
278 360 2
66 361 1
214 362 2
27 363 3
265 364 3
46 365 1
40 366 2
337 367 1
274 368 3
210 369 2
271 370 2
41 371 1
8 372 5
2 373 2
19 374 3
120 375 3
216 376 3
87 377 13
146 378 3
33 379 3
305 380 3
379 381 1
93 382 3
152 383 1
362 384 2
359 385 3
108 386 3
196 387 1
241 388 1
68 389 2
325 390 1
312 391 2
330 392 2
107 393 3
194 394 2
115 395 3
21 396 3
319 397 1
289 398 3
380 399 2
57 400 3
365 401 1
162 402 1
268 403 2
131 404 2
9 36 1
31 68 3
14 74 1
80 105 1
77 110 3
108 117 2
22 122 3
92 131 2
24 132 2
46 132 1
50 137 1
75 139 2
74 152 1
17 157 1
77 162 3
104 164 4
135 165 2
90 173 3
61 176 1
40 184 2
158 185 2
110 190 2
170 190 3
139 193 5
165 194 3
139 195 7
181 200 1
85 203 1
130 207 3
15 226 2
188 229 2
194 230 3
64 233 1
63 238 1
23 239 3
120 241 1
164 242 4
173 242 2
199 243 3
218 243 2
38 245 2
47 246 2
82 247 3
128 248 1
9 249 2
46 249 3
74 251 3
34 252 4
45 252 3
158 256 2
110 259 1
114 260 3
132 260 2
216 265 1
222 265 3
48 271 3
163 272 3
165 277 3
24 278 3
211 278 2
187 279 1
162 283 1
8 292 2
155 296 2
53 297 3
267 299 2
14 302 1
142 308 3
64 313 2
88 318 1
52 321 3
231 324 2
186 326 3
317 327 3
189 329 1
319 329 1
159 330 2
170 332 3
190 333 3
128 334 3
145 337 3
64 343 3
139 347 2
18 357 3
298 357 3
134 359 13
174 361 3
295 364 2
282 368 3
25 372 5
13 374 3
179 377 3
148 379 1
4 384 2
9 387 2
120 389 3
227 393 2
73 398 3
324 402 2
255 404 1
419 421 3
436 454 3
426 457 3
446 475 2
405 477 2
412 477 2
414 489 1
468 491 2
471 494 1
478 494 1
465 495 3
473 496 1
463 498 1
447 503 1
502 507 1
501 511 2
413 514 2
446 514 2
467 514 3
423 516 2
413 517 1
468 518 2
475 518 3
492 518 1
480 521 1
485 522 3
518 530 2
528 535 3
408 539 1
476 549 1
445 550 2
483 550 2
499 551 1
416 552 2
514 556 2
453 558 2
470 559 3
430 560 1
429 561 3
442 563 2
462 567 2
486 567 1
559 567 1
476 568 1
494 569 3
503 569 1
438 570 2
444 570 3
537 571 2
495 574 1
556 574 2
501 577 3
525 579 2
570 579 1
554 580 3
469 586 1
499 590 1
451 592 1
478 593 2
406 594 2
550 594 2
509 595 3
584 595 2
483 596 2
530 596 3
564 597 1
578 597 1
581 597 3
518 598 3
440 600 1
122 44 56 156 230 175 33 109 90 242 241 64 20 73 135 130 49 152 77 222 302 243 24 42 25 38 329 190 330 176 337 94 167 185 285 218 265 59 170 214 278 324 115 58 357 319 30 48 379 62 95 86 47 157 108 100 290 194 105 192 101 12 80 142 238 205 139 40 127 36 8 21 271 23 245 18 286 57 46 252 89 45 10 162 184 11 74 143 148 70 75 13 41 66 4 216 136 50 43 27 131 83 225 76 28 169 207 210 260 203 173 31 107 155 85 68 132 19 188 227 55 159 96 97 22 14 53 5 91 120 110 9 268 16 128 158 165 52 63 164
6 244 8
8 249 1
2 96 9
13 59 2
8 300 9
9 196 8
7 281 14
3 268 14
12 359 16
4 134 18
5 247 7
1 340 13
3 84 17
7 363 3
10 292 2
10 376 3
2 377 16
12 120 3
8 166 11
2 310 3
4 76 7