303 177 8 7 11
1 2 4
1 3 17
2 4 1
3 5 13
1 6 3
2 7 4
5 8 1
2 9 3
8 10 7
8 11 4
9 12 4
7 13 4
11 14 2
13 15 4
8 16 7
6 17 3
1 18 13
11 19 4
11 20 2
5 21 2
17 22 2
5 23 11
11 24 3
18 25 13
21 26 3
24 27 3
12 28 3
20 29 2
10 30 3
7 31 2
22 32 3
5 33 3
9 34 3
22 35 2
31 36 1
33 37 3
36 38 3
8 39 7
39 40 4
31 41 2
23 42 1
30 43 3
34 44 3
2 45 6
16 46 7
8 47 3
6 48 3
47 49 2
7 50 1
15 51 4
21 52 2
12 53 4
30 54 2
18 55 3
34 56 1
24 57 3
39 58 7
54 59 3
36 60 1
40 61 4
1 62 19
41 63 1
24 64 3
5 65 3
9 66 1
64 67 2
46 68 6
58 69 19
55 70 3
18 71 1
53 72 4
5 73 2
54 74 3
54 75 3
52 76 3
57 77 3
4 78 1
54 79 1
8 80 1
2 81 1
53 82 1
40 83 3
60 84 1
18 85 1
57 86 2
48 87 2
49 88 2
9 89 2
11 90 1
26 91 3
64 92 2
14 93 1
3 94 3
32 95 2
60 96 1
60 97 1
92 98 4
73 99 9
43 100 2
43 101 3
23 102 16
61 103 3
23 104 1
26 105 1
73 106 2
12 24 3
12 46 4
10 59 2
44 60 3
58 62 19
19 70 4
32 70 3
17 71 1
46 73 9
36 79 3
3 92 7
17 96 2
64 99 1
98 99 4
92 101 3
76 102 11
93 106 3
114 125 1
117 126 2
113 137 3
107 143 1
139 144 1
127 147 3
143 147 2
110 150 1
115 152 3
153 154 2
159 163 2
151 168 1
114 177 1
151 181 1
117 187 3
149 189 2
149 204 3
203 209 3
207 210 1
113 212 2
212 214 1
155 217 3
122 219 3
126 221 3
150 223 2
131 227 1
166 229 1
110 231 1
153 237 2
129 238 1
147 239 3
167 243 2
200 244 1
119 246 3
191 250 2
191 251 1
132 252 2
228 252 1
119 263 1
214 265 2
236 265 3
136 271 2
132 274 1
184 277 3
215 277 3
213 281 3
116 287 3
120 289 3
119 291 1
121 293 1
193 293 2
192 295 1
234 296 3
177 297 1
150 301 2
17 64 5 23 99 60 36 54
5 10 11
5 69 19
1 76 13
3 68 6
2 65 3
5 45 6
5 61 4
2 51 4
7 72 4
4 25 13
3 102 16