590 314 18 14 39
1 2 17
2 3 8
3 4 3
2 5 7
1 6 15
3 7 9
6 8 8
4 9 3
4 10 3
6 11 8
11 12 8
7 13 4
13 14 3
12 15 6
12 16 3
8 17 12
6 18 13
7 19 5
8 20 2
18 21 15
1 22 17
12 23 3
13 24 4
20 25 2
6 26 6
10 27 1
1 28 13
3 29 1
8 30 15
23 31 16
30 32 7
29 33 2
12 34 1
7 35 9
31 36 5
8 37 5
24 38 3
33 39 2
7 40 12
5 41 2
28 42 13
41 43 2
22 44 3
4 45 3
19 46 3
7 47 6
23 48 1
18 49 9
23 50 1
2 51 10
22 52 2
19 53 1
6 54 2
26 55 2
30 56 9
41 57 14
56 58 14
6 59 3
2 60 3
55 61 2
8 62 3
26 63 9
61 64 2
4 65 3
5 66 3
12 67 17
47 68 9
12 69 4
7 70 2
65 71 3
67 72 9
20 73 6
15 74 3
27 75 1
70 76 14
46 77 10
61 78 3
47 79 14
56 80 10
12 81 2
11 82 2
12 83 3
46 84 11
51 85 2
41 86 5
3 87 2
76 88 14
22 89 3
27 90 2
70 91 4
17 92 8
31 93 3
46 94 3
57 95 3
60 96 2
91 97 4
11 98 3
31 99 1
60 100 3
25 101 6
6 102 7
33 103 3
57 104 1
16 105 3
88 106 1
5 107 5
20 108 9
92 109 8
58 110 14
85 111 1
72 112 2
65 113 1
42 114 2
6 115 16
50 116 2
75 117 3
104 118 3
80 119 1
2 120 2
36 121 2
12 122 11
22 123 1
28 124 1
97 125 3
30 126 1
53 127 3
28 128 1
37 129 14
38 130 3
64 131 3
70 132 1
2 133 3
84 134 6
22 135 2
129 136 14
60 137 3
118 138 3
46 139 6
138 140 2
19 141 1
4 142 2
137 143 1
25 144 3
102 145 13
49 146 2
115 147 16
67 148 2
17 149 2
8 25 4
1 26 8
26 31 12
11 35 4
15 49 9
9 55 3
22 58 13
35 66 2
41 69 4
27 70 3
33 71 2
22 74 3
29 75 3
68 77 2
76 79 3
68 80 9
51 81 2
3 83 3
40 84 12
19 89 3
36 90 5
41 97 17
88 97 14
7 101 4
98 101 1
73 102 4
46 103 3
35 108 9
72 109 9
84 109 7
105 127 1
22 129 15
43 130 1
15 134 6
22 134 6
51 135 10
101 135 10
122 135 11
57 136 14
19 137 2
111 141 2
45 142 3
90 144 3
74 145 1
152 201 2
185 206 1
189 226 2
212 228 1
152 230 3
176 240 2
186 244 2
176 249 2
219 250 1
245 253 3
229 266 1
266 276 3
197 279 3
220 280 2
210 288 3
197 292 3
219 297 1
256 308 3
266 313 3
166 315 3
285 315 2
227 317 2
167 318 1
290 326 3
287 337 1
217 339 2
246 340 3
242 341 1
265 352 2
188 361 3
336 364 3
158 365 2
189 365 2
180 387 1
305 397 1
298 398 2
236 405 2
288 406 1
314 412 2
278 416 3
358 416 3
396 416 3
155 422 2
379 424 1
193 428 1
395 429 2
420 431 1
378 433 1
179 435 2
328 437 3
435 443 2
432 444 2
218 447 3
214 448 3
373 448 2
392 449 1
406 453 1
194 458 1
410 461 1
293 467 1
327 469 2
400 472 3
364 474 1
441 480 3
177 481 1
183 482 1
408 482 3
330 486 3
359 490 1
287 493 2
196 494 1
420 494 2
453 503 1
396 505 2
211 506 1
450 507 3
501 507 2
508 510 2
357 513 2
507 513 3
208 515 2
365 518 3
242 525 1
437 527 3
226 529 1
425 529 2
419 531 1
490 532 1
423 533 2
169 536 2
364 536 2
392 537 3
481 539 3
191 540 3
340 540 3
409 541 1
232 543 1
311 543 3
364 546 1
534 548 1
385 549 3
536 549 3
230 551 1
413 552 1
516 552 1
460 553 2
311 554 3
528 556 2
191 563 2
437 563 1
450 568 3
471 570 3
254 571 2
157 573 1
258 576 1
485 576 1
342 577 2
234 578 1
562 580 3
424 582 3
543 582 2
234 584 2
70 28 20 129 102 29 23 80 22 26 137 109 56 17 51 18 74 84
7 107 5
3 80 2
10 63 9
11 133 3
11 12 20
5 12 5
4 6 7
3 88 16
10 31 11
4 110 14
14 23 19
2 39 1
5 86 5
8 72 5
9 38 3
4 67 8
9 24 1
13 139 6
2 37 17
1 21 7
3 68 18
7 21 15
8 17 4
3 77 8
14 145 13
1 56 11
11 73 9
10 35 8
14 109 19
3 32 7
3 147 16
13 8 12
10 28 11
7 3 10
3 30 11
6 79 15
12 42 13
8 37 9
2 109 2