292 242 57 5 10
1 2 4
1 3 11
1 4 10
3 5 2
5 6 3
5 7 3
7 8 2
2 9 1
9 10 1
6 11 2
3 12 7
1 13 6
2 14 2
3 15 11
12 16 2
12 17 4
12 18 5
10 19 2
3 20 4
20 21 4
15 22 2
12 23 3
15 24 10
10 25 2
23 26 1
13 27 2
10 28 2
17 29 4
21 30 2
4 31 4
2 32 3
14 33 3
27 34 1
19 35 3
6 36 3
33 37 2
24 38 1
32 39 4
18 40 1
19 41 3
6 42 2
10 43 1
34 44 2
37 45 3
28 46 2
10 47 1
32 48 2
10 49 3
43 50 1
29 51 4
21 52 2
51 53 4
38 54 1
18 55 1
24 56 1
6 57 2
23 58 2
36 59 3
18 60 3
41 61 2
18 62 11
45 63 2
49 64 3
4 65 2
44 66 3
7 67 2
38 68 3
4 69 4
53 70 3
69 71 2
33 72 1
13 73 6
62 74 3
53 75 3
28 76 1
22 77 2
36 78 1
27 79 2
31 80 4
34 81 3
56 82 1
71 83 2
70 84 3
23 85 2
52 86 3
1 87 2
36 88 2
55 89 3
31 90 3
23 91 3
57 92 1
16 93 3
12 94 3
84 95 1
13 96 1
39 97 3
6 98 2
60 99 2
73 100 6
27 101 2
2 102 3
81 103 8
7 104 2
69 105 2
51 106 3
23 107 1
104 108 2
56 109 3
12 110 3
73 111 2
12 112 3
95 113 2
28 114 3
45 115 3
26 116 1
108 117 3
4 118 1
110 119 2
5 120 3
24 121 1
68 122 5
40 123 1
53 124 2
94 125 1
68 126 3
90 127 1
120 128 3
107 129 2
25 130 2
39 131 4
109 132 2
28 133 2
65 134 1
47 135 1
9 136 3
41 137 3
31 138 3
55 139 2
119 140 1
13 141 2
108 142 3
81 143 2
45 144 3
136 145 3
36 146 2
117 147 2
36 148 3
97 149 1
21 150 10
105 151 1
71 152 2
58 153 3
28 154 1
68 155 3
84 156 3
136 157 2
39 158 12
57 159 1
150 160 8
18 38 2
24 41 3
34 42 1
31 46 2
6 49 3
33 49 3
4 51 6
34 52 2
20 56 1
22 57 2
15 61 1
6 68 2
24 68 3
15 72 3
48 73 1
58 74 5
55 77 1
57 79 1
12 81 5
46 81 2
63 83 1
26 85 2
3 90 1
55 91 2
17 94 2
11 95 1
7 99 3
74 100 6
91 100 2
60 105 2
53 108 3
83 111 3
110 113 2
73 122 5
67 124 2
78 124 3
88 125 1
93 127 3
95 129 3
26 131 3
37 132 3
85 135 2
67 137 3
121 139 3
132 144 2
14 151 3
145 151 2
66 152 2
103 154 1
131 155 3
30 159 2
58 160 8
168 177 1
191 204 3
172 208 1
192 215 3
209 216 3
204 218 1
181 219 2
184 219 2
192 219 3
169 221 2
194 245 2
221 245 2
167 253 2
250 253 2
161 254 2
191 254 2
195 257 2
219 257 3
246 258 1
166 260 2
256 268 3
229 269 2
210 270 3
219 270 2
228 273 1
188 277 3
261 280 1
245 284 2
266 284 1
181 288 3
179 290 2
73 4 53 45 17 13 67 21 108 132 36 18 27 14 6 74 69 94 84 151 22 41 34 31 60 81 26 46 37 10 3 20 38 23 90 131 56 124 95 110 55 2 28 5 52 58 105 33 39 32 24 9 7 136 19 68 49
4 158 12
4 103 9
5 150 18
5 33 2
1 24 18
2 80 4
1 72 3
3 103 5
2 21 4
5 62 14