2006 1609 217 9 18
1 2 18
1 3 1
1 4 5
2 5 16
5 6 1
5 7 4
2 8 4
6 9 3
4 10 4
6 11 1
8 12 2
9 13 3
13 14 4
10 15 4
4 16 1
12 17 3
9 18 2
2 19 2
5 20 6
16 21 1
16 22 1
9 23 1
23 24 5
15 25 2
21 26 3
5 27 15
7 28 3
15 29 1
10 30 3
23 31 2
14 32 2
14 33 4
3 34 1
13 35 3
8 36 4
15 37 2
1 38 17
32 39 1
37 40 2
6 41 1
21 42 1
19 43 3
21 44 3
17 45 2
18 46 2
25 47 1
18 48 3
34 49 2
14 50 3
6 51 3
23 52 2
23 53 2
5 54 1
25 55 3
38 56 15
12 57 1
46 58 2
32 59 3
20 60 7
38 61 15
52 62 3
44 63 2
11 64 3
57 65 2
6 66 2
61 67 18
44 68 3
22 69 1
6 70 2
44 71 1
25 72 2
63 73 6
47 74 2
56 75 4
65 76 2
74 77 3
42 78 2
13 79 3
67 80 4
70 81 1
42 82 2
1 83 12
74 84 3
67 85 18
18 86 3
60 87 2
58 88 3
71 89 3
50 90 1
8 91 1
65 92 3
60 93 3
57 94 1
21 95 2
33 96 7
20 97 2
37 98 3
17 99 1
13 100 6
45 101 3
22 102 2
63 103 3
100 104 6
31 105 1
69 106 1
56 107 1
18 108 1
23 109 1
6 110 2
13 111 5
72 112 2
14 113 3
48 114 2
112 115 3
27 116 1
61 117 1
83 118 3
115 119 2
66 120 3
59 121 3
21 122 2
83 123 6
122 124 3
119 125 2
102 126 1
23 127 1
74 128 2
105 129 1
35 130 3
101 131 1
65 132 1
1 133 1
18 134 2
29 135 2
122 136 2
80 137 8
105 138 1
82 139 3
94 140 3
73 141 3
67 142 2
102 143 2
65 144 3
119 145 2
76 146 1
101 147 3
78 148 3
114 149 1
136 150 1
121 151 1
2 152 7
144 153 2
46 154 1
95 155 3
115 156 3
132 157 1
112 158 1
25 159 1
28 160 2
36 161 3
89 162 2
149 163 1
136 164 3
75 165 4
152 166 3
84 167 1
62 168 1
78 169 1
84 170 3
76 171 2
61 172 1
98 173 3
89 174 2
117 175 2
145 176 1
174 177 1
19 178 2
37 179 1
51 180 1
55 181 3
168 182 3
78 183 1
72 184 3
159 185 2
39 186 2
23 187 6
66 188 1
55 189 3
189 190 3
113 191 3
117 192 2
142 193 1
50 194 1
33 195 3
36 196 3
70 197 1
112 198 2
170 199 3
95 200 3
160 201 3
71 202 2
60 203 1
86 204 3
85 205 3
188 206 2
12 207 2
41 208 1
144 209 3
120 210 3
88 211 1
35 212 1
86 213 2
166 214 3
33 215 4
69 216 3
68 217 1
89 218 2
148 219 2
34 220 1
32 221 3
203 222 2
32 223 2
119 224 3
160 225 3
60 226 3
65 227 1
182 228 1
193 229 3
120 230 3
80 231 3
113 232 2
183 233 2
98 234 1
111 235 10
123 236 3
173 237 3
184 238 2
40 239 1
32 240 3
6 241 3
216 242 1
127 243 1
240 244 3
55 245 1
48 246 1
70 247 3
135 248 1
191 249 2
99 250 1
69 251 2
137 252 8
38 253 2
44 254 3
33 255 2
195 256 3
218 257 2
153 258 3
89 259 2
146 260 7
144 261 4
145 262 2
83 263 8
103 264 3
97 265 2
212 266 2
61 267 1
156 268 2
41 269 3
192 270 2
129 271 1
7 272 1
215 273 4
134 274 1
110 275 3
224 276 7
199 277 2
207 278 3
44 279 3
65 280 1
264 281 3
220 282 5
19 283 1
159 284 1
252 285 1
211 286 3
156 287 2
60 288 1
209 289 2
104 290 9
15 291 2
248 292 3
220 293 6
130 294 3
47 295 3
28 296 1
70 297 3
73 298 3
117 299 3
71 300 1
200 301 2
216 302 2
146 303 7
29 304 1
123 305 1
88 306 1
77 307 3
212 308 1
42 309 1
53 310 2
52 311 3
120 312 2
75 313 2
221 314 3
248 315 1
293 316 1
231 317 2
241 318 3
151 319 3
80 320 8
78 321 1
312 322 2
282 323 2
161 324 2
150 325 2
297 326 7
122 327 3
231 328 3
210 329 3
322 330 2
82 331 3
83 332 3
104 333 11
293 334 1
125 335 2
26 336 2
281 337 1
127 338 3
223 339 3
48 340 3
112 341 3
56 342 4
19 343 1
296 344 3
47 345 2
168 346 3
138 347 1
13 348 1
348 349 3
2 350 1
114 351 2
236 352 3
98 353 2
222 354 2
328 355 2
73 356 2
188 357 1
89 358 3
37 359 1
189 360 1
330 361 1
252 362 7
86 363 1
69 364 1
258 365 2
338 366 1
6 367 3
28 368 1
260 369 1
242 370 2
315 371 3
292 372 3
270 373 4
54 374 3
284 375 2
266 376 2
313 377 2
301 378 2
185 379 3
163 380 3
68 381 1
171 382 1
292 383 1
210 384 1
245 385 2
183 386 2
8 387 3
30 388 3
44 389 2
92 390 3
363 391 1
106 392 3
331 393 3
313 394 2
99 395 3
380 396 1
79 397 2
169 398 2
196 399 3
1 400 1
309 401 3
44 402 3
242 403 2
299 404 1
142 405 1
83 406 3
290 407 13
325 408 3
69 409 1
3 410 2
64 411 1
303 412 7
325 413 2
35 414 1
405 415 1
311 416 2
353 417 2
110 418 1
384 419 3
372 420 2
334 421 1
240 422 2
71 423 1
255 424 2
404 425 3
355 426 2
115 427 1
213 428 3
328 429 1
391 430 1
95 431 2
130 432 2
77 433 2
318 434 3
335 435 2
421 436 3
202 437 2
211 438 2
150 439 2
236 440 2
422 441 2
174 442 1
324 443 1
50 444 3
292 445 3
288 446 1
164 447 3
52 448 1
313 449 3
353 450 2
129 451 2
32 452 2
12 453 3
16 454 3
132 455 2
106 456 2
61 457 1
49 458 1
432 459 1
53 460 2
310 461 3
117 462 3
336 463 2
235 464 2
273 465 4
66 466 3
400 467 2
402 468 2
125 469 1
258 470 1
77 471 3
394 472 3
353 473 1
140 474 1
169 475 1
35 476 2
217 477 1
475 478 3
196 479 3
226 480 3
402 481 2
66 482 2
265 483 1
193 484 3
137 485 2
56 486 2
471 487 1
126 488 3
13 489 3
267 490 3
65 491 1
243 492 2
38 493 1
262 494 2
174 495 3
186 496 3
69 497 3
242 498 2
90 499 1
363 500 3
473 501 1
354 502 2
53 503 1
98 504 1
391 505 1
193 506 1
258 507 1
395 508 1
440 509 3
254 510 2
326 511 2
203 512 2
132 513 1
480 514 2
389 515 1
260 516 7
105 517 2
344 518 1
235 519 1
284 520 2
258 521 1
317 522 2
27 523 2
45 524 1
148 525 3
339 526 3
339 527 2
388 528 1
495 529 2
509 530 2
58 531 1
270 532 1
105 533 2
5 534 1
520 535 3
198 536 1
329 537 2
413 538 1
218 539 2
429 540 2
477 541 2
340 542 3
403 543 1
250 544 3
17 545 3
518 546 1
302 547 2
378 548 2
343 549 3
20 550 2
310 551 3
383 552 2
43 553 2
455 554 1
303 555 2
496 556 3
355 557 2
8 558 3
506 559 2
467 560 1
373 561 4
508 562 3
189 563 1
314 564 3
54 565 2
345 566 2
233 567 2
529 568 1
183 569 3
411 570 2
467 571 3
231 572 3
307 573 2
499 574 2
546 575 3
155 576 2
456 577 1
73 578 2
415 579 3
343 580 1
155 581 1
191 582 3
267 583 2
240 584 2
494 585 2
155 586 2
226 587 3
452 588 1
390 589 1
4 590 3
459 591 1
81 592 2
583 593 3
436 594 1
481 595 1
258 596 1
473 597 2
94 598 2
2 599 2
398 600 2
269 601 2
66 602 1
148 603 2
109 604 2
110 605 3
392 606 1
74 607 3
257 608 1
3 609 1
353 610 3
108 611 1
326 612 7
453 613 3
405 614 1
440 615 2
106 616 3
149 617 3
402 618 1
322 619 2
289 620 1
105 621 1
560 622 3
292 623 3
176 624 3
436 625 2
446 626 3
525 627 2
38 628 1
188 629 2
283 630 3
161 631 2
579 632 1
297 633 7
137 634 1
242 635 2
384 636 2
274 637 2
63 638 2
105 639 3
191 640 1
260 641 3
49 642 3
341 643 3
387 644 1
130 645 3
357 646 3
370 647 2
259 648 2
376 649 1
37 650 2
187 651 3
436 652 1
169 653 2
383 654 1
485 655 1
153 656 3
135 657 3
642 658 1
231 659 3
152 660 7
412 661 11
492 662 3
92 663 1
363 664 1
151 665 3
419 666 3
432 667 2
564 668 3
196 669 1
539 670 1
190 671 3
366 672 3
426 673 1
582 674 3
230 675 1
87 676 3
66 677 1
661 678 3
109 679 3
27 680 16
131 681 3
18 682 2
247 683 3
564 684 3
24 685 1
434 686 14
677 687 2
393 688 3
539 689 3
517 690 2
77 691 1
243 692 1
192 693 3
313 694 3
608 695 1
530 696 2
457 697 2
21 698 1
342 699 3
77 700 4
83 701 3
550 702 2
295 703 3
573 704 2
259 705 1
32 706 1
217 707 1
171 708 3
391 709 3
362 710 7
575 711 2
346 712 1
485 713 2
592 714 1
553 715 1
469 716 2
584 717 3
693 718 2
371 719 1
502 720 3
15 721 1
680 722 3
216 723 1
374 724 1
433 725 3
675 726 2
270 727 2
10 728 3
707 729 1
630 730 3
17 731 2
304 732 1
327 733 3
562 734 3
530 735 1
719 736 2
669 737 1
335 738 2
134 739 3
465 740 4
376 741 2
241 742 3
39 743 1
685 744 2
659 745 1
552 746 2
510 747 2
633 748 3
403 749 1
473 750 1
577 751 3
46 752 2
546 753 2
751 754 2
597 755 2
446 756 3
299 757 3
169 758 1
26 759 3
405 760 1
261 761 11
319 762 1
762 763 3
121 764 2
204 765 2
632 766 2
114 767 2
732 768 2
563 769 1
502 770 2
108 771 1
75 772 1
619 773 2
39 774 1
211 775 3
261 776 4
625 777 3
614 778 2
435 779 1
108 780 1
581 781 1
599 782 2
486 783 1
175 784 3
263 785 1
678 786 1
17 787 1
428 788 2
625 789 3
502 790 2
207 791 2
282 792 3
263 793 2
135 794 3
326 795 2
261 796 1
197 797 3
497 798 1
151 799 1
436 800 3
99 801 3
591 802 2
228 803 1
40 804 3
597 805 3
414 806 1
548 807 3
723 808 1
194 809 1
155 810 1
344 811 2
471 812 1
180 813 1
550 814 3
322 815 3
59 816 2
19 817 3
521 818 1
577 819 2
111 820 2
687 821 2
726 822 1
790 823 1
763 824 1
461 825 1
660 826 3
11 827 2
686 828 14
683 829 3
537 830 1
258 831 3
151 832 1
235 833 16
800 834 2
671 835 1
469 836 3
200 837 1
703 838 1
658 839 2
233 840 11
346 841 2
679 842 2
91 843 2
648 844 1
755 845 1
97 846 2
433 847 3
639 848 3
452 849 2
12 850 3
37 851 1
271 852 1
574 853 1
27 854 1
247 855 1
650 856 2
788 857 3
746 858 1
499 859 3
633 860 2
597 861 1
435 862 1
14 863 3
483 864 1
42 865 3
202 866 3
213 867 2
539 868 3
82 869 2
839 870 2
415 871 3
505 872 2
620 873 1
620 874 1
664 875 1
734 876 3
492 877 1
426 878 3
842 879 2
494 880 3
632 881 3
612 882 1
749 883 2
195 884 3
178 885 3
499 886 1
399 887 2
594 888 3
817 889 1
825 890 1
791 891 1
456 892 2
230 893 1
274 894 2
567 895 1
332 896 3
876 897 3
28 898 1
822 899 2
581 900 3
394 901 3
504 902 2
293 903 7
873 904 2
619 905 1
517 906 2
789 907 2
666 908 2
352 909 2
813 910 3
803 911 2
135 912 2
409 913 1
786 914 1
191 915 11
493 916 1
675 917 2
617 918 1
868 919 2
785 920 3
544 921 3
476 922 1
802 923 2
209 924 1
560 925 1
586 926 1
426 927 3
740 928 2
57 929 3
417 930 1
839 931 3
831 932 1
581 933 1
724 934 2
12 935 2
714 936 1
803 937 2
537 938 1
887 939 1
727 940 2
753 941 3
441 942 3
74 943 3
292 944 2
671 945 3
863 946 1
502 947 1
921 948 2
390 949 3
109 950 1
817 951 2
66 952 2
496 953 2
207 954 2
49 955 1
593 956 3
199 957 3
645 958 3
954 959 2
599 960 1
956 961 2
236 962 2
545 963 1
710 964 2
5 965 3
162 966 2
383 967 2
554 968 1
182 969 3
22 970 2
606 971 1
157 972 2
217 973 2
485 974 3
494 975 3
738 976 2
864 977 1
609 978 1
803 979 2
55 980 1
438 981 3
180 982 3
927 983 2
753 984 2
914 985 1
342 986 2
453 987 2
299 988 1
3 989 1
517 990 1
401 991 2
356 992 2
581 993 2
670 994 2
445 995 1
275 996 1
903 997 1
281 998 1
571 999 2
915 1000 2
874 1001 3
311 1002 3
546 1003 3
419 1004 3
444 1005 1
245 1006 3
38 1007 2
61 1008 1
910 1009 1
777 1010 1
944 1011 2
154 1012 3
256 1013 1
444 1014 3
985 1015 3
799 1016 3
35 1017 3
489 1018 3
168 1019 1
18 1020 1
949 1021 2
442 1022 1
517 1023 2
888 1024 2
471 1025 1
855 1026 3
746 1027 1
554 1028 3
870 1029 2
690 1030 2
290 1031 1
103 1032 2
21 1033 3
232 1034 3
529 1035 1
564 1036 1
88 1037 2
72 1038 1
923 1039 1
89 1040 1
109 1041 2
759 1042 2
1015 1043 3
656 1044 2
248 1045 3
584 1046 1
161 1047 1
1037 1048 1
1013 1049 3
967 1050 3
969 1051 2
522 1052 1
537 1053 3
90 1054 1
840 1055 11
314 1056 3
674 1057 1
135 1058 1
649 1059 2
388 1060 2
928 1061 3
432 1062 3
190 1063 2
223 1064 1
420 1065 1
881 1066 2
994 1067 3
284 1068 1
305 1069 2
318 1070 3
735 1071 3
224 1072 3
95 1073 1
36 1074 2
660 1075 1
771 1076 1
954 1077 2
461 1078 2
922 1079 2
88 1080 3
634 1081 2
559 1082 1
340 1083 3
377 1084 2
60 63 7
77 87 3
56 89 1
81 92 2
99 109 3
115 117 2
139 141 2
96 191 7
60 195 2
190 200 1
3 211 1
44 212 2
39 225 1
46 233 5
230 242 2
130 244 2
179 244 3
105 258 2
234 260 3
194 262 3
286 291 2
148 298 1
128 301 3
287 301 2
123 313 5
221 313 3
263 320 8
154 321 3
197 345 2
175 355 3
249 356 2
241 369 2
124 370 3
351 375 1
218 376 2
179 379 3
49 382 2
257 387 2
220 388 1
371 390 3
162 402 2
74 405 3
56 407 13
342 411 3
262 416 3
240 420 2
387 424 3
230 428 3
47 429 3
333 434 11
302 440 2
218 450 2
241 452 3
355 452 2
15 453 2
26 455 2
286 462 3
82 467 3
396 468 2
301 475 3
51 482 3
217 482 2
104 485 2
176 487 3
375 488 1
480 494 3
44 501 3
131 503 2
147 507 1
192 510 3
232 515 1
226 516 1
424 526 3
103 531 2
219 537 2
423 539 3
332 540 1
254 542 3
275 546 2
349 546 1
443 546 2
89 551 3
118 551 3
118 558 3
106 560 1
272 560 3
376 561 3
429 562 2
309 575 1
208 576 3
382 578 1
211 580 3
382 583 2
470 584 2
580 587 2
282 589 1
241 592 1
502 593 2
232 596 2
368 602 3
405 602 3
129 611 1
337 611 1
516 612 7
224 619 4
106 620 2
71 630 3
14 632 3
187 633 7
10 638 2
316 648 2
201 650 3
233 650 3
569 650 3
265 653 3
169 654 1
344 655 2
174 656 2
633 660 7
160 661 7
179 661 2
134 670 1
171 670 3
509 670 3
79 671 2
489 674 3
300 681 1
524 681 2
193 689 3
586 689 3
613 692 2
615 695 1
505 699 3
73 710 7
588 712 2
204 724 1
507 726 3
59 730 1
115 730 1
286 730 2
76 731 2
100 731 2
405 731 2
554 737 2
165 740 4
213 745 2
42 747 1
507 751 2
167 752 2
493 752 1
301 754 3
419 763 1
60 765 2
338 765 3
405 765 3
617 770 2
564 773 1
5 776 4
281 778 2
395 781 1
53 782 2
80 783 2
590 785 2
633 787 2
33 788 3
581 791 1
426 792 1
247 803 3
302 805 2
406 811 3
633 811 3
330 812 1
504 813 3
651 819 3
796 819 3
374 820 1
338 822 3
581 824 3
172 825 3
561 828 14
8 829 3
692 841 3
5 842 3
112 851 1
312 853 3
20 854 5
747 854 2
819 854 4
549 856 1
600 858 2
52 859 1
147 861 1
349 868 3
412 872 1
153 873 2
501 873 2
473 875 1
445 876 2
711 876 3
97 877 1
119 884 3
103 887 3
230 887 2
725 887 2
697 894 3
804 895 3
24 897 3
358 897 2
552 899 1
276 903 7
479 903 3
524 909 3
452 911 2
424 914 1
730 914 3
839 916 3
111 922 1
820 922 1
305 927 1
619 927 3
563 928 3
891 929 1
272 932 1
456 940 3
502 940 3
352 944 1
819 944 2
86 948 2
338 948 1
431 948 2
804 949 1
8 950 3
506 952 1
678 956 3
599 961 2
888 962 1
46 965 3
36 970 3
118 974 3
422 975 2
82 977 1
69 978 1
24 980 13
318 982 3
854 983 3
139 984 1
774 984 3
557 985 1
658 985 2
476 987 2
190 990 2
572 990 3
327 991 1
912 991 3
787 995 3
112 1000 2
706 1000 2
945 1002 3
440 1003 2
629 1003 1
418 1004 2
110 1006 3
254 1008 1
317 1008 2
510 1012 2
88 1013 2
136 1014 1
952 1017 3
991 1017 2
528 1018 3
912 1018 3
176 1022 3
1010 1022 2
44 1028 1
252 1032 1
319 1033 1
550 1034 3
647 1035 2
28 1038 3
860 1043 1
568 1044 3
672 1045 2
888 1049 2
528 1053 3
934 1053 2
979 1053 2
117 1058 3
404 1058 2
731 1058 2
725 1060 2
806 1061 2
665 1062 3
536 1063 1
892 1066 2
978 1068 3
557 1073 1
990 1073 2
574 1078 2
284 1080 3
919 1080 1
994 1080 1
732 1082 2
505 1083 1
521 1084 2
1117 1134 3
1124 1141 3
1125 1187 2
1160 1209 3
1137 1220 2
1164 1256 3
1171 1272 3
1246 1272 1
1229 1300 3
1245 1300 3
1102 1301 3
1279 1308 2
1247 1313 1
1209 1339 3
1091 1360 3
1102 1360 3
1114 1362 1
1181 1374 3
1106 1391 1
1227 1410 2
1351 1415 2
1133 1424 3
1134 1436 3
1286 1453 2
1218 1460 1
1342 1463 1
1132 1472 3
1285 1475 2
1163 1477 2
1141 1478 3
1303 1479 2
1190 1481 3
1229 1484 2
1205 1493 1
1095 1496 3
1445 1501 2
1380 1503 3
1176 1506 3
1442 1507 2
1110 1510 1
1473 1522 1
1255 1523 3
1086 1525 3
1521 1526 2
1097 1530 1
1454 1535 1
1178 1543 3
1108 1545 2
1098 1547 3
1139 1552 3
1114 1553 2
1499 1553 3
1317 1555 2
1238 1556 3
1510 1559 1
1260 1562 3
1306 1562 1
1350 1569 2
1242 1570 1
1489 1575 2
1283 1577 3
1406 1577 1
1574 1581 1
1464 1587 3
1493 1588 2
1126 1598 2
1118 1607 2
1156 1608 2
1340 1608 3
1234 1610 1
1400 1610 1
1105 1611 3
1225 1611 1
1598 1614 3
1594 1616 3
1559 1618 1
1224 1623 1
1159 1624 2
1266 1629 3
1146 1632 2
1490 1634 2
1318 1639 3
1222 1640 3
1211 1641 2
1484 1641 2
1106 1644 1
1618 1646 2
1502 1654 1
1161 1656 1
1310 1659 2
1543 1671 2
1397 1672 1
1406 1679 3
1559 1680 2
1422 1683 3
1146 1692 2
1576 1696 2
1180 1701 2
1405 1701 3
1125 1703 2
1396 1705 2
1554 1706 1
1299 1709 1
1133 1710 1
1668 1711 2
1275 1716 3
1422 1716 2
1157 1718 2
1246 1718 1
1492 1719 3
1589 1721 2
1693 1724 3
1513 1728 3
1701 1734 1
1286 1735 1
1119 1737 2
1583 1737 1
1586 1737 3
1614 1737 1
1613 1738 2
1692 1738 1
1341 1740 2
1246 1746 2
1602 1752 3
1274 1762 3
1430 1764 1
1661 1765 2
1213 1766 3
1296 1767 2
1115 1774 1
1380 1774 3
1640 1780 3
1572 1783 3
1121 1786 3
1412 1788 1
1292 1790 3
1555 1792 2
1115 1798 1
1599 1799 1
1512 1805 3
1487 1807 1
1614 1807 3
1468 1809 1
1517 1810 2
1710 1810 1
1233 1816 1
1335 1821 3
1594 1824 2
1790 1827 1
1109 1830 3
1798 1838 2
1701 1839 3
1221 1843 2
1597 1843 1
1773 1844 2
1386 1849 3
1555 1856 3
1213 1860 3
1300 1860 1
1706 1860 2
1809 1860 3
1268 1871 1
1741 1873 3
1309 1874 1
1453 1879 1
1295 1881 2
1761 1882 2
1502 1889 2
1303 1890 2
1753 1895 3
1302 1896 2
1678 1897 1
1268 1901 3
1772 1901 3
1559 1902 2
1873 1902 3
1252 1903 3
1547 1908 3
1735 1910 2
1473 1924 2
1676 1924 2
1420 1925 2
1751 1926 3
1806 1927 3
1537 1928 2
1478 1929 2
1844 1935 1
1238 1939 1
1096 1948 1
1179 1949 1
1269 1950 2
1212 1952 3
1515 1953 1
1509 1957 2
1540 1958 3
1114 1960 3
1556 1961 3
1138 1962 3
1320 1964 2
1188 1965 2
1445 1967 2
1195 1968 1
1622 1970 3
1783 1972 1
1536 1973 3
1546 1973 2
1542 1974 3
1401 1976 2
1329 1978 3
1204 1980 3
1825 1984 3
1652 1988 3
1921 1989 1
1768 1991 2
1111 1994 3
1561 1995 1
1418 1996 1
1505 1997 3
1548 2003 2
1087 2005 3
1540 2006 3
1696 2006 2
371 912 476 426 650 752 200 262 231 311 232 24 489 428 51 991 38 887 765 104 233 13 440 60 245 87 335 199 123 235 593 110 66 137 586 98 299 261 72 4 58 985 563 53 139 505 21 319 154 747 317 25 48 282 122 44 155 272 55 102 14 791 661 432 411 97 92 599 49 726 252 254 174 592 550 263 444 274 70 732 188 382 152 130 785 1000 376 175 159 873 3 343 648 897 1008 297 147 506 75 751 37 469 842 309 301 940 83 731 115 259 1053 994 560 446 207 326 41 710 521 59 90 344 46 763 554 57 394 192 142 11 100 257 19 121 496 820 825 375 429 692 84 144 187 125 422 383 29 47 34 221 551 404 318 583 150 539 473 482 746 363 99 111 160 286 914 33 305 211 189 888 356 15 436 876 788 290 819 338 461 5 136 12 575 302 602 32 2 190 625 658 197 922 678 310 839 149 77 345 65 94 822 1003 42 169 161 134 45 240 753 395 424 61 223 1018 27 494 74
4 137 14
6 290 20
5 412 18
7 761 11
4 559 1
7 915 11
2 85 18
3 113 4
8 980 13
9 1055 11
3 660 2
1 680 16
7 61 20
8 903 14
7 1066 2
2 700 4
7 561 18
4 833 16