610 534 35 9 20
1 2 14
2 3 12
2 4 2
4 5 2
3 6 10
6 7 1
7 8 3
4 9 2
6 10 3
6 11 1
11 12 1
3 13 1
11 14 2
9 15 3
9 16 2
5 17 6
7 18 2
14 19 2
6 20 3
20 21 3
9 22 1
14 23 2
17 24 6
21 25 2
25 26 2
3 27 7
13 28 2
21 29 3
23 30 2
2 31 12
15 32 2
1 33 13
8 34 2
34 35 1
5 36 2
13 37 6
36 38 2
19 39 3
33 40 8
33 41 6
4 42 2
31 43 12
17 44 3
15 45 12
19 46 1
39 47 1
30 48 1
3 49 3
40 50 3
21 51 2
20 52 3
38 53 1
45 54 10
17 55 6
16 56 2
51 57 3
6 58 2
8 59 3
41 60 3
30 61 2
8 62 3
52 63 1
43 64 6
11 65 3
36 66 3
10 67 3
45 68 11
6 69 2
14 70 2
57 71 6
56 72 1
28 73 2
32 74 2
57 75 6
50 76 3
23 77 3
41 78 4
4 79 2
45 80 2
14 81 3
26 82 2
43 83 2
45 84 2
35 85 1
25 86 1
52 87 3
87 88 3
41 89 2
82 90 2
16 91 1
67 92 3
35 93 3
84 94 3
62 95 1
6 96 2
11 97 2
64 98 3
70 99 1
10 100 1
81 101 2
47 102 3
37 103 6
24 104 3
71 105 3
99 106 3
31 107 1
46 108 3
35 109 5
92 110 3
2 111 12
91 112 1
81 113 2
51 114 1
70 115 2
38 116 3
57 117 6
114 118 3
99 119 3
65 120 2
7 121 2
96 122 2
94 123 3
45 124 1
43 125 3
25 126 11
103 127 12
34 128 1
30 129 2
121 130 3
74 131 1
111 132 2
99 133 3
35 134 3
85 135 1
15 136 1
55 137 2
14 138 1
101 139 10
117 140 6
5 141 2
6 142 13
117 143 2
36 144 3
22 145 1
24 146 6
104 147 2
2 148 4
46 149 3
6 150 3
22 151 1
139 152 13
124 153 1
38 154 2
143 155 2
36 156 3
143 157 2
105 158 3
55 159 5
10 160 3
159 161 3
36 162 1
35 163 3
142 164 2
140 165 6
157 166 1
102 167 3
16 168 2
125 169 2
164 170 3
75 171 2
161 172 3
11 173 3
61 174 1
39 175 3
25 176 13
36 177 4
105 178 3
87 179 1
15 180 3
17 181 1
61 182 2
43 183 1
126 184 11
157 185 5
76 186 3
91 187 2
165 188 2
176 189 13
155 190 3
111 191 2
154 192 2
100 193 2
140 194 3
20 195 2
174 196 2
3 197 1
74 198 2
35 199 2
158 200 1
176 201 2
82 202 3
63 203 3
2 204 7
202 205 12
130 206 4
94 207 4
81 208 2
127 209 6
190 210 1
163 211 2
16 212 2
114 213 2
18 214 2
199 215 2
40 216 8
55 217 1
37 218 2
99 219 3
150 220 3
107 221 1
91 222 2
33 223 1
205 224 3
16 225 2
118 226 1
118 227 1
133 228 9
66 229 6
184 230 11
43 231 3
109 232 5
163 233 3
126 234 1
5 235 2
166 236 3
104 237 1
66 238 2
152 239 2
211 240 1
93 241 3
219 242 2
9 243 2
77 244 2
35 245 3
142 246 10
204 247 7
167 248 1
45 249 3
192 250 2
92 251 3
161 252 1
236 253 2
213 254 2
127 255 3
123 256 3
36 257 1
173 258 1
117 259 1
143 260 3
123 261 3
161 262 1
189 263 3
192 264 2
178 265 3
56 266 3
120 267 1
98 268 1
71 269 3
214 270 2
121 271 2
261 272 2
230 273 11
15 274 5
241 275 3
213 276 1
257 277 3
123 278 2
123 279 2
72 280 2
177 281 2
138 282 2
98 283 3
182 284 2
111 285 2
197 286 1
207 287 4
247 288 1
208 289 6
19 290 3
262 291 2
238 292 3
247 293 4
143 294 3
146 295 3
261 296 3
33 297 1
88 298 3
211 299 1
89 300 2
35 301 2
143 302 1
247 303 4
151 304 2
156 305 3
117 306 1
108 307 2
84 308 2
293 309 4
199 310 3
118 311 1
186 312 3
47 313 11
173 314 1
193 315 3
235 316 1
185 317 1
204 318 1
208 319 6
251 320 2
315 321 2
78 322 4
216 323 8
23 324 10
163 325 1
94 326 3
305 327 2
307 328 2
25 329 1
177 330 3
193 331 1
279 332 1
273 333 3
104 334 2
149 335 1
241 336 1
79 337 3
205 338 1
260 339 3
325 340 2
14 341 2
1 342 12
255 343 3
282 344 1
311 345 1
123 346 2
156 347 3
314 348 1
148 349 4
131 350 3
225 351 2
274 352 2
276 353 2
26 354 2
308 355 2
161 356 3
25 357 1
181 358 2
17 359 2
27 360 1
325 361 2
46 362 3
145 363 2
284 364 2
170 365 1
167 366 3
128 367 2
255 368 2
236 369 1
152 370 13
189 371 4
93 372 4
245 373 1
363 374 3
37 375 1
331 376 1
131 377 1
233 378 2
177 379 3
328 380 1
292 381 1
138 382 3
149 383 2
131 384 2
59 385 4
2 15 12
3 47 12
19 63 3
57 64 6
59 71 4
47 93 3
16 95 2
56 98 1
73 102 3
59 116 2
52 118 1
106 122 1
8 129 2
32 131 1
42 134 2
39 144 3
92 157 5
141 157 3
13 165 6
113 170 1
66 172 3
95 177 2
171 185 2
157 202 4
75 203 6
111 205 12
139 206 4
146 209 6
52 211 3
151 224 2
79 225 3
101 228 9
133 229 6
190 233 2
43 241 12
102 243 2
141 245 3
219 251 3
14 256 3
72 260 3
153 265 2
27 270 3
11 271 3
110 272 3
23 273 11
67 274 6
79 274 2
112 275 1
263 276 1
5 281 2
231 285 2
203 289 6
249 298 3
73 300 2
73 301 3
122 302 3
168 302 2
9 303 5
131 303 3
30 307 1
265 309 3
211 311 1
64 314 3
67 314 3
287 322 4
319 323 8
246 324 10
182 326 3
216 330 3
231 331 3
169 335 1
69 341 2
103 342 12
310 343 3
54 345 1
19 346 1
312 350 3
153 355 2
226 356 1
283 356 3
137 362 1
160 368 2
3 372 4
220 376 3
247 379 3
232 384 1
130 385 4
387 411 2
409 436 3
393 437 3
400 445 3
387 449 1
387 452 3
402 458 1
457 467 3
406 470 1
394 474 1
445 479 1
404 483 2
403 487 2
457 490 3
401 491 1
435 492 1
473 496 3
424 497 2
464 497 2
424 498 1
442 499 1
412 503 3
422 505 3
515 517 2
460 531 2
409 532 2
415 537 1
420 544 2
510 552 1
466 557 3
494 561 1
387 563 3
431 563 3
556 564 1
495 566 1
451 567 1
553 567 3
448 568 2
564 569 3
396 577 2
401 578 2
493 578 3
456 582 3
444 584 1
526 589 3
561 589 2
463 591 3
512 591 1
426 592 2
438 594 3
465 594 1
450 595 2
501 595 2
571 595 1
467 597 2
488 597 2
596 597 2
584 600 3
512 601 1
526 601 3
600 604 1
552 608 2
592 608 1
143 4 15 104 103 7 192 81 35 98 52 114 8 307 71 199 63 260 241 82 23 66 131 167 152 185 79 153 356 302 33 276 189 161 51
5 202 17
1 127 17
4 349 4
8 232 5
1 27 8
2 265 3
7 142 12
1 370 13
6 54 9
2 309 4
7 205 9
7 319 13
3 371 4
3 159 8
3 263 2
9 241 10
9 185 14
6 176 13
9 313 11
5 68 11