1992 1557 194 4 6
1 2 5
1 3 8
1 4 1
1 5 1
1 6 2
4 7 1
4 8 2
1 9 3
2 10 5
10 11 1
11 12 2
10 13 1
11 14 2
5 15 2
12 16 2
3 17 2
17 18 3
10 19 3
13 20 3
19 21 4
12 22 3
8 23 1
14 24 1
23 25 3
3 26 8
22 27 2
7 28 2
24 29 3
26 30 2
8 31 3
12 32 1
8 33 2
21 34 3
19 35 2
16 36 2
19 37 3
23 38 1
10 39 3
28 40 2
23 41 1
22 42 1
36 43 2
16 44 3
26 45 3
23 46 1
20 47 3
22 48 1
10 49 3
36 50 4
50 51 3
47 52 3
38 53 1
36 54 12
54 55 4
12 56 1
31 57 2
19 58 1
45 59 1
58 60 3
43 61 3
56 62 1
17 63 2
60 64 3
4 65 3
56 66 3
33 67 2
40 68 1
54 69 2
23 70 2
9 71 2
47 72 1
25 73 3
46 74 1
9 75 3
35 76 3
7 77 1
28 78 1
32 79 2
45 80 1
71 81 2
38 82 1
13 83 1
83 84 1
13 85 2
68 86 3
14 87 1
58 88 2
47 89 3
65 90 3
85 91 2
35 92 3
81 93 1
84 94 3
16 95 3
79 96 3
12 97 3
35 98 3
5 99 1
89 100 2
96 101 3
98 102 1
38 103 2
53 104 1
66 105 2
78 106 3
17 107 1
47 108 3
10 109 1
45 110 2
32 111 1
1 112 2
4 113 1
91 114 2
83 115 2
92 116 3
30 117 1
72 118 2
49 119 3
102 120 3
115 121 1
81 122 2
106 123 2
24 124 1
36 125 1
66 126 1
50 127 3
2 128 2
47 129 1
48 130 3
46 131 1
113 132 2
19 133 1
57 134 2
96 135 1
86 136 3
31 137 3
94 138 2
55 139 4
127 140 1
112 141 3
79 142 1
81 143 2
90 144 1
71 145 1
144 146 1
121 147 1
47 148 2
6 149 1
78 150 2
53 151 3
26 152 3
119 153 2
40 154 1
141 155 1
67 156 3
4 157 1
147 158 2
57 159 3
69 160 3
92 161 2
26 162 4
87 163 2
155 164 1
70 165 2
120 166 2
162 167 3
145 168 2
168 169 2
9 170 1
64 171 2
144 172 1
15 173 2
81 174 3
147 175 2
16 176 3
93 177 2
82 178 1
136 179 1
80 180 1
45 181 1
136 182 3
74 183 1
139 184 3
17 185 2
1 186 3
128 187 1
163 188 2
136 189 1
147 190 3
48 191 2
77 192 3
18 193 3
124 194 3
39 195 3
43 196 1
58 197 1
95 198 2
21 199 4
110 200 3
88 201 3
90 202 2
147 203 3
126 204 3
134 205 3
16 206 3
68 207 3
22 208 3
100 209 1
70 210 1
9 211 2
8 212 3
174 213 2
145 214 2
56 215 1
82 216 3
110 217 3
156 218 3
66 219 2
121 220 1
44 221 1
95 222 3
50 223 3
90 224 3
98 225 2
134 226 3
59 227 1
11 228 1
96 229 3
80 230 1
195 231 1
226 232 2
49 233 2
105 234 3
139 235 1
234 236 1
22 237 2
140 238 2
201 239 2
233 240 1
106 241 3
192 242 3
234 243 1
1 244 2
213 245 2
225 246 3
76 247 1
121 248 1
173 249 1
60 250 1
169 251 3
155 252 2
199 253 1
22 254 2
37 255 2
248 256 3
166 257 3
221 258 3
233 259 3
162 260 1
199 261 9
168 262 1
171 263 3
139 264 2
158 265 1
42 266 2
63 267 1
126 268 3
144 269 1
10 270 3
268 271 2
264 272 2
128 273 1
160 274 3
161 275 3
251 276 1
244 277 2
18 278 2
32 279 3
181 280 1
75 281 2
259 282 3
3 283 2
129 284 3
269 285 2
170 286 1
286 287 2
211 288 2
88 289 1
172 290 1
218 291 1
276 292 1
190 293 3
244 294 1
11 295 2
172 296 2
10 297 2
262 298 3
273 299 2
43 300 1
31 301 1
272 302 2
169 303 1
57 304 1
184 305 3
58 306 3
153 307 3
103 308 2
256 309 3
192 310 1
178 311 3
148 312 2
162 313 3
1 314 12
101 315 3
138 316 1
67 317 1
167 318 1
249 319 2
171 320 3
303 321 1
21 322 2
271 323 1
36 324 1
22 325 1
221 326 2
287 327 1
294 328 2
68 329 2
217 330 3
32 331 3
246 332 3
111 333 3
23 334 2
334 335 3
223 336 1
92 337 3
335 338 2
287 339 3
131 340 1
16 341 1
202 342 3
192 343 3
300 344 3
209 345 1
272 346 2
30 347 2
35 348 3
54 349 14
181 350 3
90 351 2
208 352 1
167 353 3
104 354 2
160 355 2
208 356 1
233 357 4
161 358 1
306 359 1
333 360 1
186 361 3
299 362 2
186 363 3
167 364 2
73 365 11
267 366 3
332 367 3
114 368 3
171 369 2
329 370 3
232 371 2
165 372 2
243 373 2
268 374 1
248 375 1
25 376 2
157 377 3
130 378 1
20 379 3
318 380 1
149 381 2
372 382 3
322 383 2
52 384 2
97 385 3
330 386 2
122 387 3
280 388 1
146 389 2
357 390 6
117 391 3
124 392 1
336 393 3
293 394 3
6 395 1
374 396 1
112 397 1
390 398 1
229 399 1
299 400 1
68 401 2
49 402 1
224 403 3
301 404 2
196 405 1
285 406 2
338 407 1
328 408 2
76 409 3
114 410 2
70 411 1
212 412 2
80 413 1
394 414 1
50 415 3
356 416 3
183 417 1
221 418 3
339 419 3
19 420 3
212 421 1
357 422 3
401 423 3
114 424 2
423 425 1
175 426 1
309 427 1
423 428 3
235 429 1
276 430 1
37 431 3
19 432 1
312 433 2
336 434 1
14 435 1
52 436 1
427 437 3
224 438 2
326 439 3
390 440 3
241 441 2
325 442 1
388 443 2
297 444 3
142 445 1
105 446 3
383 447 2
391 448 1
131 449 3
446 450 3
228 451 1
280 452 1
374 453 2
434 454 3
369 455 3
260 456 1
177 457 1
430 458 3
382 459 2
457 460 1
161 461 3
109 462 1
359 463 2
252 464 1
287 465 2
159 466 2
431 467 2
50 468 1
51 469 1
247 470 2
12 471 2
413 472 3
197 473 3
361 474 3
102 475 1
389 476 3
27 477 2
208 478 2
83 479 1
200 480 3
66 481 3
193 482 3
175 483 2
479 484 3
299 485 1
183 486 2
73 487 3
451 488 3
410 489 3
236 490 2
117 491 2
79 492 2
249 493 1
91 494 1
375 495 1
468 496 2
441 497 1
15 498 3
355 499 1
315 500 1
24 501 1
375 502 3
495 503 2
152 504 1
28 505 2
482 506 3
302 507 3
331 508 1
120 509 2
112 510 3
115 511 2
209 512 1
342 513 3
249 514 2
372 515 2
385 516 1
277 517 1
418 518 1
66 519 2
370 520 1
424 521 1
29 522 3
202 523 2
362 524 2
454 525 3
420 526 1
194 527 2
290 528 3
511 529 3
62 530 3
76 531 3
456 532 3
151 533 2
533 534 1
148 535 2
515 536 2
264 537 2
150 538 1
388 539 3
109 540 3
249 541 1
73 542 1
88 543 3
224 544 3
49 545 1
324 546 1
323 547 1
40 548 3
93 549 1
109 550 3
165 551 2
93 552 1
407 553 1
196 554 2
105 555 1
252 556 1
442 557 1
208 558 3
297 559 3
36 560 3
323 561 2
104 562 1
44 563 2
366 564 1
434 565 3
21 566 1
486 567 1
95 568 2
95 569 1
494 570 3
566 571 3
559 572 2
380 573 1
475 574 3
56 575 1
369 576 2
75 577 1
100 578 3
319 579 3
443 580 2
264 581 3
251 582 2
399 583 2
273 584 1
324 585 2
322 586 2
14 587 3
219 588 2
23 589 2
175 590 3
188 591 2
434 592 1
159 593 2
100 594 3
45 595 1
101 596 3
592 597 3
242 598 2
55 599 2
430 600 2
331 601 3
526 602 2
545 603 2
433 604 3
421 605 1
354 606 1
41 607 3
414 608 3
429 609 3
40 610 2
93 611 2
358 612 3
367 613 3
80 614 2
159 615 1
135 616 1
156 617 2
320 618 2
207 619 1
183 620 1
351 621 2
490 622 1
212 623 2
116 624 1
193 625 1
180 626 3
145 627 1
462 628 3
449 629 1
624 630 1
546 631 3
573 632 2
435 633 1
518 634 1
144 635 1
115 636 2
450 637 3
243 638 3
115 639 3
160 640 3
553 641 2
381 642 1
396 643 2
289 644 1
309 645 3
458 646 3
641 647 3
66 648 1
59 649 3
643 650 3
392 651 2
468 652 2
114 653 2
141 654 2
593 655 3
336 656 1
116 657 1
391 658 2
306 659 1
292 660 2
249 661 2
388 662 3
540 663 1
389 664 1
10 665 2
94 666 1
137 667 2
64 668 3
81 669 2
210 670 1
651 671 1
671 672 1
180 673 3
168 674 2
473 675 1
625 676 2
564 677 3
482 678 3
561 679 1
656 680 3
262 681 3
533 682 1
526 683 3
369 684 3
366 685 1
491 686 3
17 687 3
512 688 3
449 689 2
197 690 3
347 691 2
458 692 3
423 693 1
328 694 2
246 695 1
528 696 3
42 697 2
416 698 3
351 699 3
619 700 1
98 701 2
395 702 1
130 703 1
611 704 2
494 705 2
416 706 2
245 707 1
137 708 1
62 709 3
8 710 1
637 711 1
520 712 2
246 713 1
554 714 2
262 715 3
590 716 3
425 717 2
306 718 3
105 719 2
90 720 2
177 721 3
630 722 2
53 723 1
129 724 2
587 725 3
550 726 1
435 727 1
297 728 1
608 729 3
458 730 1
390 731 3
81 732 3
63 733 3
729 734 3
10 735 1
24 736 3
547 737 2
350 738 3
487 739 1
25 740 2
109 741 1
402 742 2
322 743 2
77 744 2
309 745 2
266 746 2
492 747 3
700 748 2
623 749 1
166 750 2
451 751 2
82 752 2
174 753 2
263 754 3
248 755 2
223 756 3
631 757 1
733 758 1
493 759 2
666 760 2
95 761 2
441 762 1
207 763 1
265 764 2
626 765 2
193 766 3
422 767 2
52 768 3
298 769 3
3 770 2
670 771 2
581 772 2
631 773 3
586 774 3
141 775 1
324 776 3
431 777 1
257 778 2
37 779 1
321 780 1
735 781 1
558 782 1
720 783 1
116 784 1
420 785 2
736 786 1
172 787 1
195 788 2
411 789 1
67 790 3
55 791 2
497 792 1
514 793 2
607 794 3
158 795 2
734 796 2
707 797 3
122 798 1
784 799 2
220 800 2
471 801 3
440 802 3
675 803 3
172 804 3
112 805 2
497 806 2
84 807 3
298 808 2
605 809 3
270 810 1
600 811 3
223 812 2
287 813 1
178 814 3
633 815 2
174 816 2
160 817 2
109 818 1
535 819 3
625 820 2
204 821 3
258 822 3
773 823 3
9 824 2
575 825 2
279 826 2
769 827 2
204 828 3
477 829 2
97 830 2
321 831 1
724 832 3
707 833 3
22 834 2
479 835 2
824 836 2
27 837 3
291 838 1
347 839 2
432 840 1
297 841 1
716 842 1
523 843 3
566 844 2
304 845 3
619 846 4
38 847 2
364 848 3
805 849 1
634 850 3
458 851 3
842 852 2
158 853 1
516 854 3
365 855 2
771 856 2
62 857 1
740 858 3
350 859 3
715 860 2
794 861 3
162 862 1
657 863 2
20 864 1
680 865 3
27 866 2
98 867 1
466 868 1
429 869 1
575 870 3
639 871 2
345 872 2
245 873 3
324 874 1
314 875 1
321 876 2
5 877 2
416 878 3
200 879 3
725 880 1
702 881 3
156 882 3
173 883 1
168 884 3
542 885 2
600 886 3
431 887 3
520 888 2
682 889 1
782 890 3
684 891 3
448 892 1
427 893 1
435 894 3
742 895 1
175 896 1
271 897 1
358 898 1
14 899 2
628 900 3
96 901 1
22 902 2
441 903 1
91 904 3
752 905 2
564 906 2
503 907 3
282 908 3
531 909 2
186 910 3
493 911 2
667 912 1
322 913 2
621 914 2
324 915 3
651 916 3
711 917 2
732 918 1
166 919 3
620 920 3
616 921 1
163 922 2
341 923 3
532 924 1
564 925 3
412 926 1
332 927 2
148 928 3
512 929 2
663 930 2
870 931 3
811 932 4
608 933 1
659 934 1
309 935 1
816 936 1
508 937 1
289 938 2
110 939 3
462 940 2
673 941 1
637 942 3
830 943 3
713 944 1
882 945 2
694 946 2
87 947 3
420 948 3
759 949 3
713 950 3
810 951 3
901 952 2
768 953 1
328 954 1
128 955 3
430 956 2
631 957 1
906 958 3
239 959 1
360 960 1
322 961 3
728 962 2
54 963 3
47 964 2
433 965 3
815 966 2
324 967 2
588 968 2
914 969 3
514 970 1
970 971 3
435 972 2
767 973 3
651 974 3
410 975 3
222 976 1
878 977 1
230 978 1
910 979 3
314 980 3
346 981 2
172 982 1
391 983 3
86 984 2
688 985 3
648 986 1
578 987 2
428 988 1
722 989 1
60 990 3
535 991 2
573 992 1
345 993 1
706 994 2
244 995 1
930 996 1
156 997 3
625 998 1
83 999 3
543 1000 2
209 1001 1
469 1002 2
348 1003 3
621 1004 1
180 1005 2
245 1006 2
111 1007 3
590 1008 1
144 1009 2
168 1010 1
457 1011 2
991 1012 2
522 1013 3
296 1014 3
526 1015 1
564 1016 1
300 1017 3
799 1018 3
271 1019 2
617 1020 3
380 1021 1
473 1022 1
47 1023 3
609 1024 3
136 1025 3
954 1026 2
613 1027 3
970 1028 2
963 1029 1
873 1030 1
419 1031 1
547 1032 2
992 1033 1
793 1034 1
403 1035 2
959 1036 2
1034 1037 1
978 1038 2
115 1039 2
120 1040 1
288 1041 2
321 1042 1
26 1043 2
730 1044 1
981 1045 2
443 1046 2
62 1047 1
592 1048 1
723 1049 3
157 1050 2
662 1051 3
667 1052 2
72 1053 1
535 1054 2
654 1055 3
565 1056 1
213 1057 1
1017 1058 2
786 1059 3
813 1060 3
298 1061 2
866 1062 1
40 1063 2
377 1064 2
330 1065 2
900 1066 3
990 1067 3
450 1068 1
221 1069 1
701 1070 1
779 1071 1
515 1072 1
184 1073 2
1041 1074 1
1012 1075 3
409 1076 3
31 50 2
49 73 8
38 87 1
150 157 2
70 182 1
105 194 1
77 204 1
196 210 1
180 211 2
211 222 1
205 225 1
158 235 3
157 248 1
105 257 3
154 260 1
28 269 2
258 274 1
152 286 1
70 289 1
52 296 3
162 312 3
115 333 1
236 333 1
165 335 1
108 337 2
299 338 1
273 348 1
192 350 3
43 371 1
173 374 2
96 376 1
74 381 3
181 389 2
34 391 1
338 403 3
306 416 2
208 422 1
342 423 1
347 430 2
312 432 2
254 437 1
152 443 2
24 452 3
96 457 2
312 460 1
158 491 2
182 491 3
41 494 1
345 506 3
462 506 3
470 506 1
475 507 1
235 512 2
485 514 3
415 517 2
124 525 3
476 532 1
464 533 1
15 536 1
138 540 2
407 543 2
284 544 2
105 552 2
528 556 3
317 559 2
526 559 1
35 570 3
538 573 1
376 574 3
389 575 3
298 579 1
233 588 1
338 606 1
476 606 2
549 608 1
447 612 2
192 619 3
78 620 2
338 622 2
61 623 3
246 623 2
287 623 2
337 627 1
544 628 3
508 642 2
107 643 2
196 646 2
375 648 3
194 653 2
334 654 2
5 655 2
491 656 1
189 657 1
288 657 3
574 660 3
171 665 3
302 666 2
531 668 3
140 669 3
399 671 2
594 675 1
223 677 3
551 677 1
617 678 3
1 679 3
98 679 2
512 683 3
72 684 1
521 686 3
571 694 2
285 701 3
468 702 1
668 705 2
656 706 1
561 707 3
154 709 3
170 709 3
653 711 3
539 717 2
198 719 3
367 720 3
153 721 3
456 724 1
317 726 2
590 726 1
167 731 3
518 733 2
222 734 2
510 737 1
484 738 1
237 740 2
459 744 1
37 746 2
619 747 3
389 748 3
112 761 2
224 770 2
156 779 2
578 781 2
91 783 1
80 785 3
158 788 3
694 789 2
82 790 2
661 791 2
571 792 1
520 795 3
541 796 2
388 798 3
2 806 1
356 809 1
419 810 3
6 811 3
250 812 3
710 815 2
11 817 1
338 818 3
743 823 1
275 828 1
238 829 2
534 833 1
361 835 1
706 837 1
454 843 2
236 845 1
127 847 1
596 854 1
434 858 2
545 859 3
500 870 3
187 878 3
758 880 2
187 881 2
361 881 1
681 881 3
43 883 3
573 884 2
640 885 3
648 891 3
339 893 2
639 897 2
569 901 1
149 907 1
389 907 3
265 909 2
126 913 1
253 913 3
14 916 2
196 916 3
892 916 2
315 919 2
283 922 3
460 923 3
591 924 3
429 928 2
626 930 1
886 934 2
737 938 1
347 939 1
313 942 1
806 943 2
182 945 3
139 946 3
353 946 3
803 948 1
512 953 1
724 953 1
282 954 3
571 956 3
45 958 2
262 959 3
506 960 3
477 961 3
802 965 2
499 967 3
537 968 2
591 970 3
216 974 1
373 978 2
365 979 11
343 980 3
734 981 2
217 989 2
623 989 2
629 989 3
22 993 3
333 995 1
416 995 3
117 996 2
34 1000 3
81 1001 3
461 1001 1
274 1013 1
135 1018 1
802 1020 1
421 1025 2
917 1026 3
948 1026 2
822 1029 3
378 1031 3
753 1032 1
393 1033 3
546 1039 1
423 1041 3
709 1043 3
882 1043 2
574 1048 1
606 1060 3
652 1060 3
237 1063 3
146 1064 1
381 1065 1
476 1065 2
35 1067 2
65 1068 3
298 1069 2
113 1070 1
640 1071 3
930 1071 1
387 1073 1
559 1074 3
1099 1106 1
1083 1147 2
1133 1162 2
1164 1174 1
1143 1186 1
1157 1194 3
1123 1216 2
1195 1234 3
1126 1258 1
1123 1275 1
1192 1317 2
1189 1320 3
1106 1361 2
1157 1373 2
1328 1383 2
1334 1385 1
1276 1398 2
1363 1398 3
1391 1399 3
1221 1402 1
1308 1404 1
1351 1407 1
1115 1412 3
1194 1413 3
1348 1415 3
1419 1422 2
1200 1423 2
1082 1433 1
1190 1437 2
1335 1445 2
1311 1447 2
1400 1452 1
1393 1472 2
1359 1485 1
1330 1497 3
1122 1502 3
1371 1506 1
1252 1514 1
1334 1517 2
1199 1520 2
1348 1522 2
1488 1526 1
1115 1535 3
1521 1536 1
1286 1540 2
1440 1544 1
1103 1548 1
1302 1549 1
1161 1563 3
1276 1563 2
1434 1564 1
1126 1566 2
1355 1572 2
1223 1576 2
1368 1578 2
1258 1580 1
1323 1586 1
1401 1586 2
1430 1590 1
1174 1591 2
1383 1594 2
1129 1595 1
1087 1596 2
1235 1600 1
1456 1600 1
1152 1602 2
1589 1604 2
1544 1606 1
1100 1610 1
1472 1612 2
1261 1616 1
1204 1627 3
1564 1629 2
1185 1631 1
1486 1634 2
1112 1635 3
1572 1635 2
1447 1638 3
1187 1641 1
1215 1643 3
1296 1644 1
1641 1645 2
1627 1655 2
1435 1657 1
1208 1662 3
1155 1663 2
1477 1667 3
1215 1674 3
1389 1679 3
1321 1686 2
1563 1688 2
1416 1689 1
1647 1690 1
1295 1693 2
1377 1697 1
1658 1701 3
1201 1704 2
1597 1707 2
1325 1708 1
1256 1709 3
1154 1714 3
1415 1714 3
1630 1717 1
1587 1718 1
1170 1720 1
1603 1721 3
1398 1726 1
1262 1732 1
1616 1741 1
1124 1743 1
1688 1746 1
1428 1751 2
1141 1755 3
1161 1758 1
1297 1759 1
1598 1764 2
1529 1767 2
1693 1767 3
1110 1771 3
1527 1772 2
1193 1775 1
1333 1775 2
1143 1780 3
1387 1781 2
1450 1782 2
1258 1785 1
1486 1786 3
1779 1786 3
1504 1791 2
1143 1793 2
1348 1793 2
1130 1794 3
1642 1803 3
1507 1805 3
1680 1805 1
1737 1806 2
1114 1807 2
1748 1808 2
1150 1809 2
1250 1809 2
1784 1809 2
1263 1810 2
1248 1813 1
1230 1815 2
1225 1816 1
1420 1816 1
1386 1818 1
1519 1819 1
1557 1819 1
1485 1820 1
1117 1823 2
1130 1827 1
1196 1829 1
1727 1829 2
1346 1842 1
1509 1843 3
1451 1846 1
1115 1851 1
1155 1852 2
1479 1852 1
1579 1858 2
1425 1863 2
1772 1864 2
1081 1867 2
1141 1874 2
1796 1878 2
1186 1882 3
1290 1882 1
1645 1882 1
1731 1882 2
1399 1884 2
1852 1884 2
1315 1893 2
1485 1895 1
1762 1900 2
1353 1903 2
1627 1904 3
1766 1914 1
1915 1920 3
1378 1922 2
1424 1922 2
1119 1926 1
1857 1927 1
1905 1928 2
1602 1929 3
1450 1930 1
1357 1932 1
1653 1932 3
1791 1932 3
1705 1933 3
1149 1936 3
1100 1937 2
1107 1937 3
1608 1940 2
1331 1944 2
1690 1944 2
1278 1946 1
1422 1946 1
1480 1947 2
1874 1949 3
1164 1950 3
1907 1950 1
1575 1952 2
1459 1954 1
1659 1954 1
1474 1963 1
1350 1967 2
1852 1967 2
1782 1971 1
1232 1974 1
1475 1975 1
1756 1978 2
1973 1978 3
1566 1982 2
1155 1983 2
1718 1985 2
1182 1989 3
1148 1990 1
1922 1990 2
1655 1991 3
1406 1992 2
158 13 21 12 257 4 210 981 100 806 289 102 80 531 180 82 122 546 285 948 193 26 30 388 621 138 361 620 573 166 224 121 429 252 178 157 112 104 60 11 356 168 443 578 913 684 124 376 154 200 380 733 312 713 92 588 1060 456 626 197 145 954 677 592 136 249 389 520 98 172 248 1001 1041 591 451 1043 208 27 181 204 148 540 265 989 324 53 381 399 58 269 323 332 528 217 706 235 338 15 129 199 187 156 209 72 88 631 212 134 561 84 458 10 375 16 497 17 639 571 297 970 90 473 345 213 298 106 711 174 454 70 302 468 518 135 111 709 115 671 491 165 574 617 8 815 41 91 192 45 421 666 150 244 625 95 7 272 262 953 54 184 83 296 667 391 431 870 34 916 110 20 407 96 433 508 331 225 535 237 245 679 137 514 73 701 37 23 317 163 479 637 28 653 449 978
2 932 4
1 349 14
4 979 14
1 846 4
4 261 9
2 357 10