996 344 4 10 10
1 2 12
1 3 6
1 4 7
2 5 2
2 6 12
1 7 14
1 8 2
7 9 9
6 10 3
8 11 2
1 12 11
3 13 1
8 14 2
13 15 2
12 16 3
1 17 3
15 18 3
6 19 1
2 20 7
4 21 1
14 22 3
9 23 8
7 24 1
17 25 2
7 26 6
10 27 3
8 28 1
16 29 2
22 30 3
30 31 3
16 32 2
30 33 1
12 34 11
22 35 3
24 36 1
2 37 2
18 38 1
31 39 11
19 40 2
31 41 1
28 42 1
9 43 3
1 44 2
3 45 3
6 46 10
10 47 3
43 48 1
31 49 3
46 50 1
23 51 3
14 52 14
13 53 1
44 54 3
39 55 11
55 56 11
48 57 3
38 58 2
51 59 3
11 60 3
57 61 2
23 62 3
17 63 3
50 64 2
38 65 2
3 20 3
18 29 1
23 29 12
17 30 2
2 41 1
4 43 7
14 43 6
2 44 3
29 46 10
9 49 3
16 50 1
38 53 2
49 53 3
53 57 2
6 61 2
60 61 2
96 166 1
67 176 3
167 182 2
124 198 1
212 224 2
114 226 2
75 242 3
214 252 1
135 253 3
95 257 1
79 261 2
85 271 1
202 282 2
81 283 1
203 287 2
79 291 2
248 292 2
291 294 2
251 298 1
188 304 2
275 333 3
243 334 2
77 336 2
225 338 1
246 346 1
261 357 2
351 359 3
113 362 1
267 365 1
99 381 3
104 384 1
247 393 3
373 401 3
397 401 1
100 429 2
262 435 3
209 437 2
384 437 3
271 439 1
360 443 1
72 444 1
410 445 2
292 448 2
389 448 2
178 450 1
201 453 1
256 465 1
321 465 1
363 465 1
386 466 2
305 467 2
223 470 2
344 473 1
216 485 3
316 495 2
435 497 1
174 503 3
155 510 3
510 517 2
396 518 3
281 523 3
344 528 1
518 539 2
288 543 1
391 544 3
522 548 1
383 553 1
121 554 2
131 562 1
200 565 2
175 567 1
327 569 2
547 570 3
166 573 2
378 578 1
296 583 1
236 585 1
472 587 1
527 589 2
306 591 3
535 598 2
150 599 2
103 602 1
72 603 1
148 605 2
195 607 2
394 611 3
370 615 1
566 623 3
144 624 1
86 630 3
142 631 2
383 633 1
475 636 2
267 637 2
476 638 3
112 643 2
562 646 2
650 652 3
139 657 3
188 658 3
586 678 1
183 680 2
586 681 2
284 689 1
391 689 1
385 690 2
659 690 1
298 693 3
272 695 3
244 697 3
444 698 3
666 700 1
368 701 3
214 702 3
113 704 2
633 704 2
93 711 1
295 711 3
682 711 2
223 713 2
248 713 1
190 715 1
102 717 2
198 717 1
590 719 1
641 721 3
659 722 3
135 723 2
531 727 1
152 729 1
632 729 1
226 735 3
386 739 1
541 740 2
343 747 2
422 747 1
619 749 3
320 750 3
211 753 3
240 753 1
584 753 2
159 754 2
563 755 1
140 757 2
676 757 2
729 762 1
588 766 3
586 772 3
771 774 3
444 775 1
289 780 3
642 780 3
413 784 3
567 786 1
129 787 1
684 787 1
112 791 3
449 791 2
536 792 2
550 792 2
307 793 3
561 794 1
230 800 3
497 802 2
512 804 3
695 808 2
781 809 3
346 811 3
474 818 2
101 823 1
309 828 1
697 828 2
688 829 3
129 831 3
68 834 1
181 835 1
380 836 3
626 836 2
499 837 2
640 848 2
198 850 1
156 854 3
620 854 2
99 855 2
120 855 3
203 855 2
744 855 3
424 857 2
305 858 3
254 860 2
505 860 3
512 861 1
95 863 1
790 864 2
749 869 3
253 870 3
592 871 1
451 874 1
306 876 3
485 877 2
705 879 1
83 881 2
181 886 2
309 887 1
550 888 3
114 889 3
137 889 1
115 895 2
715 903 1
636 904 2
549 908 3
674 908 1
871 910 1
500 911 3
514 911 3
604 914 1
123 915 1
253 915 3
835 915 3
315 917 3
407 917 2
571 917 3
406 918 2
656 921 1
124 923 3
93 924 2
250 926 1
370 927 1
244 929 3
750 929 3
669 933 3
933 934 1
794 938 1
459 939 1
396 941 1
574 942 3
318 945 3
237 947 2
272 948 3
540 949 2
505 950 2
411 951 1
338 953 2
253 954 1
845 954 3
699 956 2
451 958 1
389 960 3
151 966 3
508 968 3
191 970 3
918 970 3
155 978 1
268 979 1
598 980 3
417 988 2
487 988 3
150 990 2
178 990 2
794 990 2
527 991 1
118 993 1
350 994 3
38 44 31 14
5 26 6
3 3 6
8 56 11
4 7 11
4 52 14
5 23 20
8 9 15
10 20 7
1 34 11
2 29 12