2009 538 6 7 20
1 2 36
2 3 16
2 4 32
2 5 35
4 6 18
3 7 1
6 8 12
6 9 11
6 10 25
7 11 2
2 12 17
10 13 16
6 14 3
14 15 2
4 16 13
11 17 17
12 18 9
18 19 3
11 20 2
16 21 13
18 22 2
5 23 34
3 24 14
6 25 2
1 26 1
23 27 18
7 15 1
8 17 12
10 20 2
13 21 2
17 27 17
110 140 1
109 147 1
93 148 3
59 149 1
170 179 1
184 192 1
144 194 2
56 203 3
69 204 1
202 279 1
154 295 2
135 317 1
292 319 3
105 324 1
223 337 2
249 357 1
357 363 1
45 390 3
332 397 1
319 402 2
174 408 3
233 418 1
350 432 3
49 440 1
227 444 2
360 444 3
260 446 2
57 451 1
226 463 3
378 467 3
396 485 1
272 492 2
80 493 3
89 516 1
106 518 3
498 524 1
253 527 2
503 540 3
41 566 3
466 571 1
573 574 2
333 577 3
148 581 3
106 590 2
150 593 3
519 603 1
159 605 1
79 614 2
568 627 2
171 634 1
402 646 2
89 653 1
178 655 1
520 656 3
581 659 1
400 667 1
361 670 2
513 674 3
333 677 2
626 681 2
514 686 1
658 690 3
32 695 2
522 708 2
285 709 3
705 711 3
150 725 3
330 729 1
402 733 2
343 742 3
695 750 2
178 753 2
346 754 1
103 760 2
141 765 2
255 765 2
454 766 2
116 772 2
291 783 3
176 786 2
768 791 2
574 792 2
672 793 1
93 799 3
97 801 1
430 805 3
164 806 1
563 817 3
609 827 2
79 833 3
435 835 3
550 841 3
353 846 2
160 850 1
169 852 2
246 854 2
403 858 1
259 860 2
478 874 1
822 875 3
732 884 3
594 887 3
634 888 1
837 890 3
351 891 3
699 898 3
214 905 3
904 906 3
55 907 1
710 908 2
694 909 2
906 911 3
219 912 2
539 918 1
753 918 1
811 918 2
734 920 2
46 924 1
215 924 1
207 928 1
613 931 3
595 932 2
903 932 2
413 933 1
136 934 2
51 935 3
728 936 3
258 942 2
423 944 1
358 949 2
447 954 1
258 956 3
630 971 1
814 973 1
678 975 3
266 977 2
459 978 3
864 984 1
881 994 3
535 1000 3
49 1006 1
768 1018 3
845 1028 3
398 1029 1
429 1033 1
671 1044 3
604 1046 2
236 1048 2
135 1049 1
415 1051 3
1028 1051 3
915 1052 2
1030 1057 1
955 1061 3
591 1062 3
276 1069 1
483 1069 3
666 1069 3
802 1070 3
971 1071 2
125 1083 2
652 1088 3
586 1093 2
650 1095 3
40 1100 2
606 1101 3
182 1117 2
708 1121 1
773 1123 2
162 1125 3
985 1125 1
605 1127 3
1100 1127 3
361 1129 1
316 1130 1
315 1133 1
813 1140 1
1135 1154 1
504 1162 1
767 1164 1
520 1165 2
182 1167 2
878 1175 1
624 1180 3
493 1181 2
289 1182 3
381 1182 1
517 1189 3
586 1191 2
759 1194 1
1170 1196 2
55 1197 3
738 1203 2
1069 1203 2
66 1205 1
610 1207 3
1152 1208 2
266 1211 3
1143 1212 2
134 1213 2
687 1214 1
1192 1216 2
1194 1217 2
768 1218 3
545 1219 2
990 1219 2
1012 1223 3
837 1226 3
115 1227 1
465 1227 2
1124 1235 1
851 1236 1
311 1240 3
132 1242 1
166 1242 1
402 1243 3
757 1243 2
211 1245 2
684 1250 1
384 1252 2
922 1252 2
844 1262 2
1164 1267 3
778 1268 3
1254 1278 1
425 1279 1
908 1283 3
1240 1288 3
671 1291 3
971 1291 3
796 1292 1
539 1299 2
619 1302 1
1003 1304 3
1095 1305 2
1225 1305 2
1011 1307 3
794 1314 2
450 1315 2
485 1316 3
881 1321 2
1122 1327 3
569 1332 2
158 1335 2
872 1335 1
1034 1341 3
80 1346 1
120 1347 1
775 1347 1
1029 1349 3
367 1360 1
254 1361 2
335 1361 1
809 1365 3
644 1372 1
879 1374 1
1153 1380 3
1165 1381 1
605 1389 2
1141 1390 1
617 1392 2
1262 1396 2
1342 1396 3
887 1399 3
724 1402 2
404 1408 1
1015 1409 2
1001 1411 2
357 1413 3
148 1422 1
238 1430 2
739 1431 2
1410 1434 3
459 1435 3
313 1438 1
801 1440 2
111 1442 3
239 1442 1
702 1443 2
1056 1443 3
650 1447 2
955 1455 3
596 1458 3
1306 1458 3
950 1460 3
742 1461 2
390 1462 1
1091 1462 2
229 1463 2
274 1463 1
74 1465 2
1114 1465 2
451 1480 3
50 1481 3
388 1493 3
1016 1494 3
1145 1495 2
1004 1505 3
1145 1510 1
1057 1511 2
1251 1512 3
1477 1513 1
721 1519 1
303 1521 1
765 1526 1
873 1526 3
943 1533 1
930 1539 1
1275 1539 2
578 1543 1
562 1544 1
389 1547 2
558 1548 2
333 1550 1
29 1551 2
834 1552 1
188 1553 1
476 1553 2
1351 1554 1
464 1555 2
93 1556 3
332 1561 3
215 1565 3
1442 1565 3
1156 1566 2
485 1569 1
1213 1571 1
1166 1575 1
436 1580 2
814 1582 3
69 1584 3
963 1584 3
1489 1584 1
1474 1586 3
921 1587 1
1401 1592 2
325 1593 3
1275 1595 1
1169 1596 2
271 1597 3
845 1597 1
1057 1597 2
1361 1597 2
547 1600 3
1002 1600 3
922 1601 2
393 1604 3
732 1605 1
577 1613 1
706 1614 2
371 1622 1
1125 1624 1
950 1625 3
1537 1629 1
1585 1630 3
925 1632 2
258 1642 1
1423 1642 1
230 1645 1
296 1646 1
434 1653 3
1467 1656 2
296 1658 1
526 1659 1
956 1661 2
280 1664 3
560 1664 2
893 1666 1
492 1670 1
586 1679 2
1196 1682 3
325 1683 1
258 1687 2
1321 1689 2
599 1695 3
327 1697 2
299 1700 3
1071 1702 1
504 1709 2
1291 1709 1
534 1712 1
1419 1712 2
657 1715 3
655 1716 1
1215 1718 3
1168 1720 3
1217 1721 3
805 1725 2
1487 1725 3
1205 1727 3
675 1736 1
1686 1737 2
1101 1741 1
774 1743 2
739 1748 2
95 1751 1
1333 1751 3
957 1754 2
1639 1772 1
1767 1779 3
1017 1780 1
1195 1780 3
984 1788 2
1739 1789 3
310 1791 3
1362 1792 3
1532 1792 2
1242 1793 1
1689 1794 1
1521 1796 1
468 1803 3
1739 1805 3
574 1806 3
1288 1806 2
287 1812 3
484 1813 1
1550 1815 3
519 1816 3
584 1817 3
1157 1817 2
674 1819 2
1327 1823 2
737 1824 1
808 1828 2
815 1828 1
951 1829 1
1678 1831 1
311 1835 2
650 1836 3
758 1836 2
1757 1837 2
384 1838 1
1284 1839 3
125 1842 2
717 1844 1
1395 1844 2
66 1848 1
1556 1848 2
1178 1851 3
1526 1852 1
408 1857 3
1147 1861 3
1353 1864 1
1107 1865 2
534 1867 2
1124 1869 1
406 1871 2
575 1875 1
789 1877 1
1344 1879 1
224 1880 2
444 1885 3
1518 1885 1
223 1886 3
217 1887 2
638 1890 3
1239 1891 3
1593 1891 2
1822 1892 2
35 1895 3
1387 1900 2
663 1901 3
1548 1901 3
67 1909 3
602 1909 1
627 1909 1
720 1910 3
757 1911 2
1119 1913 2
1193 1917 1
673 1919 1
692 1926 2
149 1927 1
362 1931 1
372 1931 3
1198 1932 3
1779 1938 2
167 1945 3
633 1946 1
1801 1953 3
843 1954 1
1068 1955 1
973 1960 3
1919 1966 3
1584 1968 3
726 1969 3
1677 1970 2
841 1974 2
237 1979 2
557 1982 2
1611 1987 1
1531 1988 3
1873 1989 1
1313 1990 3
1289 1991 1
43 1992 2
1366 1993 1
1904 1994 3
760 1995 1
1777 1996 3
417 2000 3
1921 2000 3
810 2001 3
374 2003 2
603 2007 3
1723 2007 2
861 2008 3
11 7 2 6 3 4
6 10 11
3 18 9
6 8 16
3 4 19
4 9 11
6 12 9
4 2 4
5 13 9
5 12 17
3 21 15
1 5 1
4 6 6
2 2 14
6 13 18
1 11 6
1 23 17
6 27 6
5 3 17
7 24 14
5 9 7