2003 967 13 4 12
1 2 11
2 3 5
3 4 1
2 5 3
3 6 2
2 7 12
2 8 2
7 9 3
7 10 1
4 11 1
7 12 2
5 13 3
11 14 3
3 15 2
1 16 11
16 17 10
3 18 2
16 19 1
12 20 2
16 21 7
2 22 1
11 23 3
18 24 2
16 25 2
12 26 2
26 27 2
24 28 3
26 29 3
7 30 12
8 31 3
23 32 1
23 33 10
13 34 3
30 35 1
4 36 1
5 37 2
12 38 3
26 39 3
18 40 2
14 41 1
37 42 2
9 43 2
38 44 3
20 45 3
6 46 1
9 47 1
3 48 5
4 49 2
35 50 4
5 51 3
11 52 1
43 53 2
43 54 2
31 55 3
21 56 1
11 57 1
13 58 2
41 59 2
54 60 1
14 61 1
59 62 1
45 63 2
48 64 2
47 65 3
14 66 2
38 67 1
38 68 1
67 69 1
59 70 1
43 71 3
4 72 1
61 73 3
61 74 1
9 75 2
42 76 2
48 77 5
46 78 3
66 79 3
79 80 4
58 81 2
65 82 2
26 83 1
22 84 3
11 85 2
23 86 2
70 87 1
7 88 8
39 89 2
72 90 3
39 91 2
36 92 3
8 93 2
38 94 3
34 95 3
82 96 7
12 97 2
41 98 1
32 99 2
1 100 1
19 101 3
36 102 2
29 103 1
92 104 2
23 105 4
68 106 2
41 107 3
7 108 3
92 109 2
84 110 3
38 111 1
102 112 2
31 113 1
21 114 2
75 115 2
23 116 3
57 117 3
38 118 4
109 119 1
80 120 2
29 121 3
73 122 1
113 123 1
96 124 9
122 125 11
36 126 4
54 127 1
21 128 2
126 129 4
3 130 2
29 131 1
24 132 3
58 133 1
35 134 1
8 135 2
54 136 1
58 137 3
96 138 2
38 139 1
28 140 3
137 141 1
137 142 1
127 143 2
5 144 1
86 145 3
45 146 2
24 147 3
24 148 2
19 149 3
41 150 1
149 151 3
105 152 3
132 153 1
134 154 2
147 155 2
151 156 1
84 157 3
87 158 3
3 159 3
103 160 1
141 161 1
137 162 3
12 163 3
63 164 3
103 165 1
9 166 1
26 167 3
161 168 3
114 169 2
155 170 2
26 171 3
147 172 4
17 173 1
173 174 1
68 175 3
168 176 1
50 177 2
150 178 2
149 179 1
128 180 1
92 181 3
97 182 2
16 183 6
163 184 3
130 185 3
29 186 1
36 187 8
68 188 3
36 189 2
28 190 3
143 191 3
158 192 2
109 193 2
47 194 2
9 195 2
90 196 2
122 197 3
194 198 3
180 199 2
159 200 2
169 201 6
7 202 8
30 203 3
146 204 3
203 205 1
118 206 2
113 207 1
194 208 2
196 209 2
110 210 3
158 211 2
83 212 1
7 213 1
13 214 3
37 215 2
177 216 3
127 217 1
21 218 2
45 219 2
62 220 3
20 221 2
176 222 3
140 223 2
33 224 1
219 225 3
17 226 10
183 227 5
112 228 1
110 229 3
192 230 3
93 231 5
49 232 1
80 233 4
147 234 2
151 235 2
99 236 3
139 237 1
123 238 3
226 239 2
65 240 3
125 241 1
129 242 2
197 243 1
56 244 1
227 245 5
201 246 4
42 247 3
44 248 1
32 249 1
93 250 3
105 251 3
15 252 2
39 253 3
14 254 3
167 255 7
20 256 2
22 257 3
13 258 1
59 259 5
120 260 2
232 261 1
189 262 3
121 263 3
252 264 2
229 265 9
33 266 2
189 267 1
256 268 3
67 269 3
260 270 3
42 271 1
18 272 11
170 273 2
149 274 1
65 275 1
139 276 3
271 277 2
242 278 2
120 279 3
249 280 1
183 281 3
117 282 2
157 283 1
217 284 1
90 285 2
106 286 1
1 287 10
196 288 1
118 289 4
3 290 3
62 291 2
68 292 2
263 293 2
229 294 4
277 295 3
96 296 2
272 297 8
280 298 2
170 299 1
237 300 2
214 301 1
247 302 1
205 303 2
60 304 2
279 305 2
49 306 2
75 307 1
36 308 3
11 309 1
281 310 1
170 311 1
129 312 3
104 313 1
18 314 12
167 315 7
55 316 2
274 317 3
133 318 1
177 319 1
169 320 7
228 321 2
227 322 3
274 323 4
201 324 2
166 325 2
259 326 5
20 327 2
321 328 2
245 329 5
106 330 3
231 331 2
143 332 1
255 333 5
289 334 1
186 335 1
272 336 3
55 337 3
222 338 3
139 339 2
138 340 1
14 341 3
17 342 3
177 343 3
121 344 3
33 345 10
328 346 3
268 347 3
307 348 2
276 349 1
28 350 1
277 351 3
123 352 3
150 353 1
262 354 3
278 355 2
81 356 3
198 357 2
213 358 3
127 359 1
31 360 2
182 361 4
111 362 3
341 363 1
238 364 3
139 365 3
205 366 1
228 367 2
141 368 1
317 369 2
155 370 3
195 371 2
11 372 2
226 373 10
329 374 5
328 375 2
2 376 3
354 377 2
324 378 1
138 379 2
32 380 3
295 381 3
138 382 3
314 383 2
71 384 3
165 385 2
239 386 1
281 387 3
8 388 1
382 389 2
22 390 2
44 391 2
310 392 3
103 393 2
355 394 3
203 395 1
367 396 3
128 397 2
14 398 1
114 399 3
198 400 2
304 401 1
50 402 3
373 403 10
35 404 2
374 405 6
109 406 1
245 407 1
397 408 1
204 409 3
345 410 10
218 411 1
400 412 2
389 413 2
256 414 2
16 415 4
235 416 3
142 417 2
5 418 2
354 419 3
156 420 3
330 421 1
186 422 2
309 423 2
149 424 2
92 425 2
291 426 2
292 427 1
308 428 2
383 429 1
317 430 2
246 431 4
337 432 3
265 433 2
421 434 1
412 435 2
390 436 1
101 437 4
177 438 2
107 439 2
212 440 1
215 441 3
82 442 7
91 443 2
200 444 6
87 445 3
88 446 1
375 447 2
78 448 2
138 449 3
291 450 2
171 451 1
284 452 2
126 453 4
355 454 3
448 455 1
385 456 3
397 457 2
111 458 3
354 459 1
180 460 3
312 461 3
150 462 3
448 463 2
457 464 2
228 465 2
357 466 3
71 467 1
160 468 1
157 469 3
412 470 10
285 471 3
349 472 2
404 473 2
443 474 3
125 475 6
140 476 1
263 477 3
248 478 3
159 479 3
265 480 10
394 481 3
248 482 2
54 483 1
183 484 2
170 485 1
282 486 1
239 487 3
47 488 3
268 489 1
375 490 3
204 491 1
120 492 2
343 493 1
419 494 1
26 495 3
12 496 1
355 497 2
79 498 2
323 499 3
3 44 3
48 58 3
2 60 1
15 76 2
85 88 3
44 93 3
31 95 3
5 99 2
5 107 2
59 108 5
46 115 2
36 156 2
142 160 1
105 172 4
3 181 3
79 182 4
157 206 3
5 208 1
19 211 3
6 212 2
126 213 2
108 218 2
136 219 3
101 225 3
165 229 2
125 231 5
210 247 3
223 250 1
55 256 3
256 257 2
72 267 3
271 273 2
263 279 3
57 285 2
21 286 2
197 295 3
187 297 8
35 308 3
135 309 3
1 314 12
122 315 7
200 320 7
149 321 2
294 323 4
23 326 5
66 333 2
172 333 4
177 334 2
127 338 3
83 340 2
81 351 3
200 352 3
52 354 3
152 354 2
192 357 1
69 361 2
231 365 3
336 365 3
76 369 1
143 369 1
138 370 3
317 370 3
164 371 2
156 382 2
68 384 2
264 389 2
159 392 2
388 395 3
81 397 1
119 397 3
281 398 1
201 403 10
2 405 6
374 409 2
287 410 10
202 412 8
286 412 2
198 413 2
50 415 4
379 416 3
312 418 3
160 419 3
368 419 2
97 421 2
89 427 2
21 437 6
36 437 1
77 437 5
85 440 3
59 441 2
163 442 2
289 442 5
218 447 2
289 451 2
233 453 4
411 456 1
194 457 1
284 458 3
269 459 3
200 461 3
95 462 3
209 463 1
255 463 3
395 466 2
421 469 1
321 470 3
444 475 6
272 480 10
128 483 1
160 488 1
483 492 3
283 493 3
488 496 2
136 497 3
548 605 1
532 647 3
519 648 3
540 653 2
617 661 1
535 674 1
657 677 2
588 702 1
565 703 3
675 710 3
557 730 1
668 735 3
610 750 2
711 786 1
777 788 2
592 789 2
506 790 1
632 796 1
674 804 3
695 809 3
599 813 1
693 814 1
605 826 2
634 835 1
557 845 3
544 858 1
600 879 3
801 881 1
760 890 2
789 893 1
663 910 1
547 927 2
794 937 3
603 942 1
514 948 3
693 949 1
745 959 3
923 970 3
610 972 1
912 974 3
540 988 2
529 989 3
756 994 3
682 999 3
983 1036 2
955 1039 3
640 1046 3
544 1056 2
677 1063 1
907 1065 3
737 1070 3
561 1075 1
907 1088 1
776 1089 3
663 1093 1
709 1098 1
960 1104 3
986 1107 3
1097 1112 3
996 1120 3
1092 1122 1
835 1123 2
588 1140 3
1108 1144 2
551 1148 2
764 1159 1
1115 1166 3
1044 1172 3
689 1184 3
877 1186 3
861 1191 3
866 1191 1
781 1193 1
929 1194 1
752 1198 3
1062 1203 2
694 1209 2
976 1209 3
542 1224 2
1068 1235 1
647 1239 3
1102 1244 1
509 1254 2
970 1257 2
1063 1257 1
1001 1259 3
600 1266 2
528 1273 2
800 1279 3
1063 1280 2
561 1281 2
502 1287 2
504 1290 2
900 1290 3
877 1298 2
928 1310 3
622 1317 2
1005 1317 3
650 1320 3
1311 1321 3
738 1324 2
1220 1327 2
806 1334 1
547 1336 3
963 1337 1
1040 1354 3
1283 1354 1
631 1369 3
686 1369 1
1289 1372 1
1047 1374 1
1142 1380 3
727 1382 3
1259 1394 3
1001 1400 3
938 1401 2
582 1403 3
1247 1403 2
615 1404 3
829 1411 1
515 1414 1
814 1414 3
612 1416 2
1355 1417 1
589 1420 1
563 1429 1
831 1431 3
1271 1434 2
1056 1435 1
1011 1437 1
1094 1440 1
1119 1440 2
696 1441 2
865 1441 2
797 1445 1
1043 1447 2
1086 1454 3
1236 1454 2
803 1455 3
726 1460 2
1166 1460 1
1261 1464 2
1171 1471 3
1196 1474 3
850 1476 1
694 1482 1
876 1482 3
1341 1482 1
1462 1483 2
912 1484 3
727 1489 1
643 1492 1
721 1493 2
598 1496 3
714 1498 2
1099 1502 3
968 1518 3
750 1521 2
816 1522 2
999 1523 3
594 1528 1
1489 1532 1
654 1533 3
1467 1533 3
681 1535 3
765 1538 3
1323 1539 3
1029 1542 2
673 1549 2
1343 1549 3
1013 1551 3
1517 1553 1
901 1554 1
1032 1556 2
1214 1562 3
557 1563 2
863 1563 1
597 1564 1
792 1570 2
957 1580 1
1278 1581 3
1395 1581 1
1296 1583 2
1357 1587 2
1457 1589 3
1561 1592 3
916 1594 2
1089 1596 1
1154 1596 2
1302 1596 2
642 1599 3
600 1602 2
776 1607 3
841 1607 1
1480 1607 2
1243 1610 1
872 1614 2
1387 1615 3
692 1617 3
1109 1619 3
1240 1619 1
1178 1621 3
1182 1624 2
534 1627 1
1411 1631 2
765 1632 2
1212 1633 3
1462 1636 1
1345 1637 3
690 1638 2
1245 1638 1
686 1649 2
1567 1649 2
1578 1651 3
768 1652 1
940 1653 3
544 1655 3
1648 1656 2
1019 1662 1
701 1665 3
941 1667 1
695 1669 3
507 1670 1
1179 1673 1
1150 1682 1
1451 1682 2
1112 1686 2
953 1687 3
1522 1689 1
1062 1693 1
841 1697 2
1240 1700 2
1190 1702 2
1586 1702 2
1023 1705 1
1268 1706 1
559 1708 3
1265 1709 1
1079 1710 2
1582 1710 1
1547 1712 1
862 1714 2
1342 1714 1
1025 1715 1
827 1718 2
823 1720 3
1414 1720 1
682 1722 1
550 1736 1
1494 1738 3
1298 1741 3
785 1745 3
737 1748 3
689 1750 3
863 1750 1
1560 1750 2
1248 1753 2
1116 1755 1
1233 1762 1
1741 1770 3
941 1771 2
1423 1774 3
883 1776 2
679 1779 3
641 1780 3
1514 1789 1
651 1790 2
1411 1796 3
903 1797 1
1096 1797 2
1409 1797 1
1466 1798 1
656 1806 2
660 1810 2
1142 1810 1
1015 1813 1
920 1815 2
959 1817 2
1425 1820 2
602 1822 1
1084 1824 2
623 1825 2
1550 1826 3
1729 1829 3
1355 1830 1
723 1831 1
893 1835 2
1363 1837 2
537 1838 2
1603 1838 2
692 1840 3
1444 1840 3
1433 1843 3
874 1846 2
1105 1847 1
1214 1847 2
939 1849 1
1556 1850 3
1783 1850 1
1433 1851 1
1191 1854 3
1766 1855 2
948 1857 2
578 1859 3
1136 1859 3
1192 1860 3
1467 1864 2
1787 1870 3
883 1874 3
891 1876 3
894 1878 2
1479 1878 2
597 1881 1
899 1882 3
899 1886 1
1405 1888 3
556 1891 2
1330 1893 2
1609 1894 1
1297 1903 3
1875 1904 3
989 1908 2
1477 1913 1
1001 1919 2
1605 1921 2
1456 1925 3
1754 1925 1
801 1926 2
757 1927 2
1263 1929 2
862 1932 3
1239 1940 3
1719 1943 1
1832 1943 3
655 1944 2
883 1944 1
1809 1946 1
1496 1951 1
1926 1955 2
1624 1956 1
741 1965 2
889 1968 1
1478 1969 1
1469 1977 2
967 1979 3
1376 1985 3
1623 1985 2
922 1986 2
1722 1992 3
1236 1993 1
820 1994 2
1501 1995 3
1281 2000 1
1221 2001 3
977 2002 3
421 80 295 169 48 192 99 151 61 219 29 22 88
4 126 7
1 470 13
2 30 13
2 122 20
1 24 4
2 265 19
3 373 8
2 226 10
1 361 5
4 124 9
3 231 8
1 431 4