600 159 4 13 15
1 2 12
1 3 14
2 4 12
2 5 3
3 6 14
5 7 14
6 8 3
1 9 5
1 10 16
4 11 7
9 12 3
2 13 3
4 6 3
5 6 6
1 12 16
1 13 3
29 36 2
37 66 3
33 77 1
28 81 1
73 89 2
17 109 1
58 122 1
100 131 2
36 166 1
142 166 1
37 169 2
28 173 1
38 175 1
143 175 3
167 179 1
169 190 3
35 199 1
43 202 1
83 204 1
179 204 2
108 205 1
115 212 1
50 214 3
218 220 3
179 222 1
175 227 1
184 227 3
15 230 2
130 248 3
48 257 2
91 257 1
143 259 3
137 264 3
171 266 1
135 271 2
166 278 1
229 279 2
211 292 3
30 313 3
245 313 2
67 317 2
204 333 2
249 345 3
148 347 3
105 349 3
179 349 3
42 350 1
155 355 3
326 365 2
300 369 2
152 371 2
242 378 1
194 388 3
48 392 3
50 397 3
326 400 2
226 404 3
23 407 3
342 411 1
56 414 2
232 416 3
350 416 2
229 419 2
416 420 1
243 424 3
101 428 3
79 431 1
197 434 3
32 436 3
133 438 1
160 438 2
276 438 3
24 439 2
279 439 1
200 440 3
130 454 2
317 459 2
114 461 1
257 462 1
349 465 3
428 468 2
105 471 2
460 474 1
32 475 1
414 478 3
404 479 2
429 479 3
388 489 1
156 497 2
173 501 3
83 502 1
109 502 3
127 503 1
16 505 2
108 506 1
437 507 1
135 514 3
299 514 2
93 516 3
41 518 1
498 523 3
313 525 3
517 526 3
367 527 3
59 529 3
328 529 1
501 533 1
365 534 1
34 536 1
186 536 2
145 537 1
440 538 3
425 540 2
50 541 1
74 543 1
107 551 3
478 553 3
158 554 2
97 556 1
188 557 3
433 558 1
141 559 3
271 559 2
400 560 2
463 565 3
73 567 1
393 569 1
321 571 2
473 571 3
86 572 3
352 575 1
415 575 1
175 578 2
134 579 2
55 580 2
362 582 3
384 582 1
457 586 2
533 587 3
181 590 1
182 591 3
217 593 1
579 596 1
6 2 4 5
11 11 7
4 10 16
6 9 8
9 3 20
9 7 11
6 2 18
13 13 2
11 7 14
4 4 4
2 3 4
3 11 5
5 3 4
8 12 16
6 6 13
13 12 11