100 69 6 14 35
1 2 22
1 3 20
2 4 2
2 5 21
3 6 3
2 7 20
6 8 2
5 9 22
2 10 22
2 11 15
9 12 6
10 13 14
5 14 3
10 15 14
12 16 7
9 17 16
7 18 20
8 19 10
12 20 2
11 21 15
21 22 15
9 23 10
8 24 1
20 25 1
15 26 14
21 27 20
12 28 3
23 29 17
16 30 7
8 31 16
21 32 3
3 33 20
31 34 16
20 35 2
18 36 16
22 37 3
18 38 14
22 39 15
33 40 20
8 41 3
40 42 3
3 43 2
5 44 12
36 45 16
35 46 1
18 47 17
24 48 2
32 49 2
5 50 2
41 51 15
1 5 22
7 8 13
24 25 1
28 29 3
23 30 7
27 33 20
26 38 14
2 41 10
55 62 1
54 78 3
64 81 3
79 83 3
74 88 3
75 88 3
63 89 3
79 89 1
69 90 2
56 94 3
57 94 2
5 12 7 8 22 41
3 34 16
6 40 20
9 5 2
12 33 13
7 13 14
4 19 10
12 49 2
1 47 17
1 18 17
2 2 16
3 22 13
14 45 16
3 29 7
10 26 10
11 15 13
10 13 9
6 31 5
13 11 1
5 6 4
6 39 15
3 37 2
2 22 17
12 45 7
7 40 9
7 51 15
1 27 20
10 15 10
3 7 12
5 18 8
2 16 7
7 44 12
10 30 8
12 29 20
6 17 16
3 38 4