1009 484 78 6 9
1 2 2
2 3 2
2 4 2
3 5 2
1 6 3
3 7 2
2 8 3
8 9 1
7 10 1
1 11 3
3 12 2
3 13 2
6 14 1
13 15 2
8 16 2
12 17 3
13 18 1
1 19 3
1 20 2
5 21 1
2 22 2
13 23 3
9 24 2
4 25 2
13 26 2
18 27 3
7 28 3
14 29 3
20 30 2
1 31 2
19 32 2
28 33 1
23 34 2
7 35 3
22 36 3
10 37 2
22 38 1
22 39 1
26 40 3
23 41 2
12 42 1
22 43 1
26 44 1
11 45 2
42 46 2
42 47 2
8 48 3
47 49 2
17 50 3
6 51 2
37 52 1
45 53 3
35 54 1
5 55 1
6 56 2
24 57 3
37 58 2
26 59 3
10 60 1
14 61 1
55 62 1
32 63 1
35 64 1
55 65 1
36 66 3
41 67 1
10 68 3
19 69 1
16 70 3
39 71 3
23 72 1
23 73 2
48 74 1
29 75 2
54 76 2
15 77 1
25 78 2
39 79 3
27 80 3
30 81 3
3 82 2
21 83 3
81 84 3
62 85 3
61 86 1
56 87 2
43 88 2
5 89 3
18 90 2
10 91 1
22 92 3
63 93 1
85 94 3
60 95 3
3 96 3
72 97 2
48 98 1
2 99 1
72 100 3
50 101 2
28 102 2
72 103 2
29 104 1
7 105 2
52 106 1
22 107 1
68 108 2
29 109 1
73 110 1
80 111 2
61 112 1
88 113 1
17 114 3
95 115 3
37 116 3
110 117 3
116 118 2
99 119 3
76 120 3
62 121 1
107 122 3
99 123 2
56 124 2
17 125 1
32 126 2
90 127 1
27 128 2
114 129 3
34 130 2
37 131 3
126 132 3
76 133 1
111 134 3
70 135 1
27 136 2
59 137 1
5 138 1
116 139 3
49 140 2
38 141 3
17 142 1
119 143 3
112 144 3
106 145 2
90 146 1
46 147 3
54 148 2
143 149 3
80 150 3
92 151 3
9 152 3
139 153 2
60 154 2
75 155 2
60 156 3
133 157 1
36 158 2
70 159 3
121 160 2
77 161 3
156 162 1
127 163 3
71 164 3
53 165 3
156 166 3
69 167 1
106 168 1
2 169 1
24 170 3
162 171 3
31 172 3
116 173 1
126 174 1
173 175 3
52 176 2
121 177 1
104 178 1
55 179 2
74 180 1
121 181 2
164 182 2
36 183 3
63 184 3
93 185 3
98 186 1
37 187 1
40 188 1
124 189 3
179 190 1
92 191 3
4 192 2
162 193 2
164 194 2
28 195 2
147 196 1
73 197 2
81 198 3
6 199 2
141 200 3
21 201 3
14 202 1
17 203 1
51 204 2
147 205 1
112 206 3
27 207 2
186 208 1
137 209 3
135 210 3
190 211 1
16 212 2
102 213 3
211 214 2
150 215 3
100 216 3
126 217 3
166 218 3
94 219 3
63 220 3
30 221 3
113 222 1
193 223 1
156 224 2
164 225 3
118 226 2
95 227 1
227 228 2
90 229 1
26 230 2
10 231 1
82 232 1
42 233 2
154 234 2
183 235 1
6 24 3
12 56 3
48 56 1
1 58 3
24 60 2
27 60 3
45 60 2
18 70 3
82 83 2
79 92 2
33 115 1
104 117 2
92 121 1
83 124 2
7 127 1
68 132 2
33 136 3
91 140 2
54 145 3
90 147 3
105 148 2
137 150 3
135 151 1
20 152 1
65 153 1
52 165 2
70 165 3
132 167 2
23 176 1
97 176 2
9 179 1
56 181 3
94 188 1
162 191 3
29 196 3
93 197 1
144 198 3
186 198 3
170 200 3
175 205 3
184 206 2
154 209 3
163 209 2
78 210 1
106 210 1
27 212 1
100 215 3
168 219 1
262 290 3
243 295 2
271 296 3
279 305 2
263 325 3
298 361 2
308 366 3
242 371 1
299 372 2
271 389 2
303 411 3
394 421 1
322 438 3
254 443 1
373 449 2
317 452 2
410 466 2
441 466 3
423 474 1
331 477 2
301 498 2
326 509 1
395 517 1
381 526 3
292 539 3
472 539 1
489 549 1
348 565 2
402 567 2
241 571 1
314 573 1
360 579 1
416 579 1
252 581 1
444 582 1
526 584 1
397 586 3
595 596 2
420 603 3
538 604 2
301 608 1
267 609 1
438 615 1
583 615 3
362 619 1
498 619 1
533 626 1
562 627 3
236 630 3
531 633 1
428 634 1
521 644 3
593 656 2
525 662 3
402 664 1
314 668 3
589 671 1
477 679 2
521 679 2
424 681 3
672 681 3
272 683 3
463 684 1
306 685 1
563 692 2
283 694 2
707 712 2
706 715 1
540 719 3
419 722 1
279 725 2
528 726 3
597 726 3
539 727 3
389 729 2
556 730 3
270 731 2
585 734 3
338 741 3
534 742 2
271 745 2
637 745 2
603 748 3
514 754 1
747 754 3
286 760 2
476 761 2
295 770 3
421 770 3
769 772 2
250 778 3
390 779 2
719 782 3
709 786 3
313 787 1
372 788 2
677 789 2
631 790 2
468 791 1
732 791 1
508 793 1
454 796 2
707 797 1
556 800 2
461 801 1
394 809 1
627 811 3
614 816 1
720 816 2
278 820 1
655 822 2
756 822 2
433 823 2
797 825 3
808 828 3
754 830 2
695 833 2
798 836 3
451 841 1
467 843 1
424 844 3
404 851 1
310 858 1
821 859 2
828 859 2
667 865 1
554 866 1
283 867 2
694 868 3
779 871 3
809 872 2
530 875 1
792 876 2
509 877 3
754 877 3
246 878 3
776 879 3
476 886 2
622 888 2
735 891 2
766 891 1
344 892 3
340 894 2
528 894 1
441 897 2
506 897 1
507 899 2
491 900 2
574 901 2
259 902 1
546 906 3
876 910 2
656 911 3
415 914 3
886 914 2
874 918 1
479 920 2
747 921 2
911 921 1
488 924 2
450 925 1
383 928 2
901 928 3
925 929 2
730 930 2
410 931 3
695 932 2
820 932 2
714 937 3
910 938 1
912 939 2
248 940 1
783 941 2
353 952 3
637 954 1
652 958 1
854 958 2
883 959 1
632 960 2
873 960 3
243 961 3
529 962 1
912 964 3
402 965 1
502 971 1
835 971 2
929 971 1
713 973 1
885 975 1
820 978 2
320 984 2
293 988 1
314 988 3
443 991 3
881 994 3
992 997 1
766 998 2
975 1002 3
473 1004 3
467 1006 1
417 1007 1
328 1008 3
48 135 63 20 165 95 4 104 39 33 156 164 6 12 73 150 209 99 162 60 116 30 52 13 9 90 24 2 137 35 186 16 10 179 106 176 127 7 14 132 82 56 68 76 72 124 70 112 100 17 5 62 27 61 154 80 93 32 92 210 45 36 8 23 37 126 3 22 26 147 19 54 83 81 18 121 21 55
1 21 20
6 138 19
3 122 1
2 130 9
3 30 18
3 186 16
4 226 14
4 60 14
5 192 12