301 106 11 8 24
1 2 37
2 3 2
1 4 37
2 5 23
3 6 3
5 7 7
2 8 3
3 9 1
2 10 3
4 11 25
2 12 14
5 13 2
12 14 2
5 15 19
7 16 4
13 17 3
12 18 19
13 19 6
15 20 19
12 21 14
18 22 19
15 23 10
14 24 3
19 25 8
16 26 1
12 27 11
19 28 3
22 29 1
29 30 3
12 31 2
17 32 3
15 33 4
4 34 18
7 35 19
21 36 14
24 37 1
11 38 14
28 39 2
33 40 2
20 41 3
11 42 9
36 43 1
23 44 2
5 6 5
9 10 2
11 16 1
13 26 2
16 27 4
24 34 3
14 39 3
13 42 9
3 44 3
32 44 3
58 82 2
88 92 1
92 95 3
97 99 1
100 106 1
88 115 3
105 119 1
120 125 2
74 135 1
63 142 2
127 157 1
73 160 1
157 161 1
149 162 1
101 166 2
114 170 1
86 174 3
115 179 3
104 180 2
81 181 3
177 187 3
189 192 1
105 194 1
128 197 1
65 200 3
86 203 2
107 205 2
155 209 1
53 221 1
160 226 3
124 229 1
229 234 1
222 243 1
111 254 1
63 261 3
89 261 2
176 264 1
213 264 2
65 266 3
171 266 1
259 269 1
220 271 1
112 274 1
63 276 3
48 277 3
276 280 1
258 282 2
121 284 1
200 289 1
221 295 3
219 299 1
46 300 2
276 300 2
7 16 13 3 2 11 15 5 19 4 24
2 17 1
5 32 6
1 22 19
4 6 5
5 40 1
5 20 18
1 20 19
4 36 14
2 25 8
7 23 12
1 34 15
2 27 11
7 21 12
1 19 2
1 13 9
6 11 2
6 4 2
5 21 9
3 7 2
1 4 10
4 35 7
2 38 14
7 35 19
4 33 4