1004 525 15 12 31
1 2 12
1 3 21
2 4 11
2 5 4
3 6 15
6 7 16
6 8 3
2 9 11
8 10 2
10 11 8
8 12 3
9 13 6
11 14 18
9 15 2
6 16 10
16 17 3
1 18 2
14 19 10
6 20 12
12 21 3
11 22 1
5 23 3
20 24 7
24 25 2
18 26 3
20 27 3
21 28 1
7 29 3
1 30 17
17 31 2
14 32 3
3 33 8
27 34 4
33 35 3
7 36 2
19 37 12
29 38 3
20 39 3
28 40 6
11 41 2
28 42 1
40 43 3
24 44 6
21 45 3
19 46 10
24 47 2
17 48 3
14 49 5
25 50 2
3 51 3
22 52 1
39 53 3
28 54 2
12 55 3
51 56 3
21 57 3
9 58 1
33 59 3
42 60 3
23 61 1
25 62 1
7 63 19
10 64 1
27 65 1
27 66 3
32 67 3
30 68 19
17 69 2
57 70 3
50 71 3
5 72 1
43 73 10
4 74 12
10 75 2
55 76 3
11 77 19
46 78 12
43 79 14
26 80 3
2 81 12
47 82 3
82 83 3
11 84 3
41 85 13
14 86 20
16 87 2
44 88 3
6 89 2
86 90 2
85 91 13
40 92 3
91 93 9
70 94 1
40 95 3
59 96 3
24 97 1
59 98 2
52 99 1
77 100 2
68 101 2
34 102 19
9 103 3
80 104 2
82 105 3
87 106 2
11 107 1
105 108 3
68 109 19
65 110 1
87 111 3
37 112 2
6 113 19
67 114 2
56 115 2
44 116 3
93 117 2
102 118 2
70 119 3
33 120 3
114 121 1
63 122 19
77 123 3
13 124 3
112 125 3
69 126 3
91 127 3
87 128 2
1 129 11
73 130 7
53 131 3
30 132 3
83 133 2
16 134 2
71 135 3
109 136 3
128 137 14
99 138 1
44 139 2
77 140 2
134 141 11
138 142 3
59 143 3
6 144 2
78 145 12
53 146 1
42 147 3
65 148 2
24 149 3
18 150 2
41 151 14
102 152 1
105 153 3
128 154 3
45 155 1
48 156 1
152 157 2
24 158 1
3 159 3
18 160 2
40 161 1
72 162 11
122 163 1
59 164 1
37 165 12
24 166 3
130 167 1
84 168 2
5 169 2
27 170 1
72 171 1
57 172 1
4 173 1
53 174 6
81 175 10
29 176 3
9 177 2
65 178 3
68 179 1
166 180 1
177 181 1
1 182 3
27 183 1
140 184 2
37 185 2
135 186 2
161 187 2
52 188 2
183 189 3
43 190 1
93 191 11
134 192 11
81 193 8
70 194 3
163 195 2
27 196 2
170 197 1
84 198 3
140 199 1
145 200 15
123 201 3
185 202 2
142 203 3
11 204 3
96 205 2
38 206 1
192 207 3
137 208 14
182 209 3
14 210 2
73 211 3
32 212 2
203 213 2
173 214 3
180 215 2
146 216 3
32 217 3
100 218 1
203 219 2
157 220 1
211 221 2
106 222 3
137 223 2
141 224 3
130 225 1
1 226 20
48 227 1
215 228 3
226 229 4
105 230 2
22 231 1
11 232 3
45 233 3
62 234 1
38 235 2
213 236 2
120 237 2
223 238 2
160 239 3
4 240 2
9 241 3
12 242 2
145 243 1
31 244 3
143 245 6
211 246 3
214 247 3
158 248 3
14 249 3
71 250 3
214 251 1
175 252 2
113 253 3
147 254 2
218 255 3
22 256 1
226 257 2
98 258 1
103 259 1
177 260 2
3 261 17
25 262 2
6 263 3
10 264 3
81 265 3
15 266 3
13 267 3
96 268 2
143 269 3
16 35 3
13 53 6
17 56 2
3 70 2
49 70 5
3 72 11
72 74 7
55 90 2
31 101 2
77 102 17
22 111 3
44 113 14
51 123 3
59 124 3
33 128 12
35 134 4
44 141 11
132 142 2
38 143 3
83 145 3
94 148 1
31 154 2
108 154 3
10 155 3
149 155 3
48 158 1
104 162 1
20 165 12
12 174 6
158 182 3
160 190 1
12 192 9
114 196 2
168 197 3
102 198 4
59 199 3
93 200 15
151 204 1
168 207 3
24 209 3
105 209 3
197 210 3
16 213 2
127 217 3
176 222 3
16 226 16
34 226 19
28 229 5
166 229 3
198 231 3
12 232 1
89 236 3
70 239 3
209 239 1
222 241 3
128 244 3
33 245 1
80 245 2
130 245 7
230 246 2
53 247 3
91 253 3
155 257 2
46 260 2
104 260 2
20 263 19
59 265 3
66 269 3
284 315 3
280 321 3
324 339 3
298 377 3
359 388 1
384 392 1
362 395 3
337 401 2
341 413 1
284 442 3
272 461 1
288 471 3
431 473 3
280 481 2
464 483 1
304 497 2
353 497 1
274 503 3
292 507 2
381 518 1
452 527 1
375 529 1
526 529 1
366 537 2
448 542 3
394 543 1
415 556 1
465 568 1
540 569 3
316 579 2
333 584 2
474 594 3
441 596 2
330 608 2
422 611 1
290 614 3
440 614 3
314 620 3
580 620 3
332 621 3
544 622 1
587 632 1
340 640 1
529 645 1
587 671 3
282 674 2
358 674 2
353 676 3
348 678 1
429 679 1
650 680 2
671 686 1
364 691 1
380 694 1
552 703 2
512 704 3
356 710 1
658 712 2
517 713 2
693 713 1
661 714 3
423 718 2
549 718 2
608 718 1
649 727 1
285 728 2
532 735 1
321 737 2
502 739 1
542 740 2
708 748 3
734 749 1
451 752 2
739 756 3
519 758 3
399 761 2
685 764 3
333 775 2
697 777 1
408 779 1
578 781 1
529 783 3
527 788 1
721 788 2
498 791 2
572 792 2
294 794 1
722 799 3
614 807 3
482 808 1
805 808 2
372 812 1
520 815 1
350 819 2
454 820 1
467 825 1
275 826 2
700 827 2
693 829 2
810 829 2
445 832 3
407 835 2
526 841 1
600 841 3
653 845 2
543 846 2
792 847 3
763 848 2
646 852 3
785 855 1
699 858 1
770 861 2
533 862 3
734 865 3
305 868 3
753 870 3
657 872 2
860 873 2
462 874 1
651 875 2
441 882 3
764 882 3
476 883 3
503 883 1
812 884 3
780 885 3
616 898 3
875 901 3
494 902 3
372 906 3
899 912 1
704 914 3
406 915 1
538 917 3
380 919 2
864 919 2
865 920 2
737 922 1
556 924 3
454 925 2
455 925 1
434 928 1
338 929 3
679 930 3
683 931 2
815 932 3
781 933 2
469 935 3
802 935 2
274 937 2
653 938 2
528 940 1
770 946 3
823 946 1
573 947 2
320 949 3
517 949 3
830 951 1
917 952 2
582 956 1
861 958 3
818 960 2
940 963 1
353 964 3
904 965 2
655 969 1
831 970 2
401 974 3
546 974 3
593 974 2
672 976 1
625 981 2
971 981 3
471 982 1
743 985 3
715 990 1
583 991 3
346 992 2
287 993 3
930 993 2
496 994 2
736 995 1
731 996 3
956 996 3
965 998 3
479 999 2
413 1001 1
723 1004 2
928 1004 2
25 24 14 40 81 6 80 211 33 8 123 154 222 71 16
6 10 10
6 19 3
8 67 3
5 49 3
7 110 1
1 175 10
7 165 17
11 162 11
4 151 9
12 191 11
5 162 12
12 74 5
12 23 3
9 168 4
8 79 14
11 11 7
12 162 8
12 129 11
7 263 16
11 198 4
7 122 19
12 261 17
9 159 3
10 21 6
1 93 15
6 151 15
2 208 14
6 120 3
4 193 8
11 109 19
5 86 20