994 869 134 7 19
1 2 15
1 3 2
2 4 6
2 5 5
1 6 15
2 7 3
2 8 14
3 9 2
7 10 2
6 11 14
10 12 2
8 13 15
1 14 10
1 15 3
4 16 3
9 17 3
14 18 10
18 19 2
7 20 3
1 21 7
10 22 2
17 23 1
12 24 1
19 25 3
24 26 3
22 27 3
6 28 3
26 29 3
1 30 8
22 31 3
22 32 3
6 33 3
33 34 3
20 35 2
25 36 3
14 37 2
11 38 14
35 39 3
15 40 3
40 41 1
22 42 2
24 43 3
24 44 3
28 45 3
35 46 2
32 47 2
21 48 5
12 49 1
40 50 1
25 51 2
37 52 1
1 53 11
21 54 2
48 55 5
9 56 2
47 57 11
9 58 1
5 59 1
11 60 1
15 61 2
52 62 1
18 63 3
33 64 2
10 65 3
28 66 2
37 67 2
65 68 1
47 69 1
30 70 1
60 71 2
53 72 11
32 73 1
73 74 3
58 75 2
2 76 16
36 77 1
74 78 1
2 79 2
31 80 2
16 81 3
19 82 1
28 83 3
6 84 1
57 85 5
51 86 2
73 87 3
3 88 1
78 89 3
81 90 1
10 91 3
62 92 2
73 93 3
88 94 3
43 95 3
15 96 2
33 97 3
76 98 14
87 99 2
35 100 3
85 101 7
12 102 3
43 103 2
55 104 3
43 105 1
51 106 2
73 107 3
95 108 2
106 109 2
84 110 1
63 111 3
96 112 2
104 113 2
112 114 1
33 115 2
49 116 1
18 117 3
66 118 1
110 119 3
26 120 3
95 121 3
85 122 3
101 123 3
94 124 1
73 125 3
13 126 15
55 127 2
93 128 3
109 129 2
5 130 10
47 131 3
51 132 3
101 133 3
82 134 1
61 135 3
131 136 1
81 137 1
88 138 3
31 139 1
95 140 2
132 141 1
122 142 6
125 143 2
89 144 2
75 145 2
86 146 3
98 147 14
72 148 8
116 149 1
122 150 7
7 151 3
114 152 2
57 153 1
139 154 2
9 155 6
140 156 4
143 157 3
116 158 3
154 159 3
35 160 3
65 161 3
146 162 3
16 163 2
144 164 1
71 165 2
31 166 5
56 167 1
59 168 1
127 169 2
45 170 1
123 171 1
56 172 3
153 173 3
94 174 2
34 175 3
169 176 3
116 177 2
80 178 1
178 179 2
9 180 1
131 181 1
27 182 1
124 183 2
174 184 2
74 185 3
99 186 3
141 187 1
158 188 1
84 189 3
58 190 1
42 191 2
23 192 2
104 193 1
6 194 3
33 195 2
193 196 1
102 197 2
183 198 1
143 199 3
29 200 2
156 201 3
3 202 2
181 203 1
47 204 2
55 205 4
134 206 2
3 207 3
71 208 3
155 209 1
176 210 2
147 211 3
52 212 1
186 213 1
33 214 2
9 215 3
135 216 2
29 217 2
180 218 2
150 219 16
85 220 3
96 221 1
27 222 2
122 223 1
46 224 3
15 225 1
154 226 2
172 227 1
94 228 2
93 229 1
65 230 2
38 231 1
156 232 3
136 233 2
21 234 1
168 235 2
176 236 3
196 237 2
31 238 3
98 239 3
89 240 2
186 241 2
25 242 3
26 243 3
28 244 2
209 245 2
213 246 2
101 247 6
97 248 1
191 249 1
148 250 2
247 251 2
216 252 2
242 253 2
119 254 2
253 255 1
20 256 3
101 257 2
127 258 1
31 259 1
252 260 1
56 261 1
135 262 2
4 263 3
205 264 1
199 265 1
61 266 2
147 267 16
33 268 3
62 269 3
198 270 3
225 271 1
121 272 2
184 273 1
253 274 1
48 275 2
199 276 1
83 277 9
80 278 3
238 279 3
149 280 2
29 281 2
83 282 3
23 283 1
105 284 2
3 285 3
109 286 2
273 287 3
155 288 1
50 289 3
101 290 2
20 291 2
62 292 2
178 293 1
254 294 1
146 295 4
197 296 2
77 297 1
247 298 6
61 299 3
165 300 3
264 301 2
41 302 1
116 303 2
57 304 2
49 305 1
28 306 4
124 307 1
65 308 1
266 309 3
100 310 2
306 311 3
196 312 1
204 313 2
313 314 2
55 315 5
74 316 2
71 317 3
262 318 2
244 319 2
171 320 3
13 321 3
237 322 2
273 323 1
321 324 3
251 325 1
319 326 1
30 327 8
76 328 2
19 329 1
208 330 2
308 331 2
260 332 1
83 333 3
233 334 2
307 335 2
318 336 3
215 337 2
199 338 3
2 339 8
148 340 6
250 341 2
86 342 3
308 343 1
269 344 1
319 345 2
233 346 1
61 347 1
102 348 1
71 349 1
74 350 3
10 351 1
186 352 1
220 353 2
161 354 3
81 355 1
311 356 2
267 357 16
91 358 1
306 359 3
11 360 2
57 361 2
289 362 3
298 363 2
240 364 1
40 365 1
278 366 2
11 367 1
141 368 3
29 369 3
121 370 1
289 371 1
288 372 2
198 373 1
286 374 1
357 375 1
180 376 1
214 377 3
233 378 3
150 379 1
195 380 2
213 381 3
224 382 2
53 383 1
204 384 3
197 385 3
377 386 2
299 387 3
22 388 1
27 389 1
38 390 2
10 391 3
157 392 3
170 393 1
92 394 3
296 395 1
131 396 3
112 397 1
345 398 3
15 399 2
232 400 2
83 401 3
87 402 3
395 403 3
211 404 2
206 405 2
284 406 3
41 407 3
167 408 3
265 409 2
376 410 3
409 411 3
226 412 1
219 413 3
385 414 1
109 415 1
83 416 2
174 417 3
4 418 1
200 419 2
376 420 2
244 421 3
120 422 2
58 423 2
10 424 2
9 425 2
84 426 3
109 427 1
386 428 1
189 429 3
29 430 2
68 431 2
206 432 3
366 433 3
424 434 1
230 435 2
25 436 2
47 437 10
242 438 2
144 439 2
256 440 1
9 441 3
55 442 1
68 443 3
364 444 1
238 445 3
437 446 1
163 447 3
249 448 3
375 449 1
300 450 1
130 451 3
172 452 3
127 453 2
60 454 1
289 455 1
154 456 2
113 457 2
292 458 2
263 459 3
267 460 1
145 461 2
30 462 1
120 463 1
231 464 3
387 465 3
359 466 2
62 467 3
254 468 3
304 469 2
144 470 2
414 471 3
347 472 3
138 473 1
80 474 3
104 475 1
302 476 2
312 477 3
128 478 1
132 479 3
103 480 3
23 481 1
18 482 17
295 483 2
313 484 2
381 485 1
239 486 2
251 487 2
221 488 3
280 489 1
455 490 3
422 491 1
298 492 11
459 493 1
27 494 2
38 495 2
455 496 3
440 497 3
424 498 1
81 499 3
87 500 3
207 501 2
365 502 2
205 503 4
89 504 1
339 505 1
452 506 1
63 507 3
206 508 3
87 509 2
58 510 2
43 511 2
402 512 2
213 513 3
147 514 1
16 515 2
79 516 2
291 517 1
400 518 2
461 519 1
306 520 1
10 521 1
257 522 2
298 523 1
514 524 2
141 525 1
381 526 1
61 527 1
73 528 2
527 529 3
244 530 2
114 531 1
38 532 3
130 533 10
61 534 2
370 535 1
278 536 1
401 537 1
526 538 3
192 539 1
180 540 2
116 541 1
415 542 3
224 543 1
90 544 3
413 545 1
182 546 3
343 547 1
482 548 3
41 549 3
313 550 1
384 551 1
161 552 3
490 553 2
396 554 1
130 555 3
449 556 2
292 557 1
369 558 1
295 559 5
83 560 2
176 561 1
377 562 3
308 563 3
540 564 3
92 565 3
319 566 2
374 567 3
139 568 2
336 569 3
140 570 2
130 571 3
360 572 1
525 573 2
165 574 2
552 575 3
98 576 3
195 577 3
110 578 2
108 579 1
413 580 2
479 581 3
531 582 2
208 583 1
62 584 2
464 585 1
148 586 2
391 587 3
430 588 2
246 589 3
300 590 2
436 591 2
178 592 3
262 593 1
265 594 2
262 595 2
272 596 1
228 597 2
570 598 1
218 599 2
92 600 2
2 601 2
355 602 1
176 603 1
104 604 2
154 605 2
10 40 3
19 49 2
35 69 3
31 72 11
30 73 3
17 86 3
30 88 1
68 106 3
82 114 1
44 122 1
27 123 2
18 124 3
36 149 1
100 173 2
42 177 3
121 180 1
31 201 5
167 207 5
104 238 3
165 247 3
175 250 1
225 254 2
218 256 1
25 274 3
125 279 3
167 279 3
105 285 1
212 294 3
214 296 3
232 296 2
286 303 1
140 311 6
21 320 3
86 325 3
206 327 7
202 331 2
215 332 1
194 333 3
73 340 6
45 342 2
225 347 1
268 352 2
39 366 2
191 367 2
261 371 2
373 375 1
57 377 1
196 378 3
381 386 1
21 394 3
275 397 3
111 400 1
387 401 3
328 404 2
344 412 1
45 419 1
159 420 2
239 425 3
310 428 2
276 431 2
115 433 2
276 434 1
289 437 10
334 438 1
151 439 1
95 441 3
180 442 3
146 443 2
316 443 3
203 447 3
215 455 3
375 455 2
350 456 2
36 457 2
120 457 1
38 465 5
127 465 2
298 467 2
327 472 1
390 472 3
470 474 3
142 475 6
315 475 6
375 476 2
435 479 3
193 483 3
255 483 3
389 483 1
284 485 3
146 487 1
84 490 2
162 492 3
8 493 3
412 496 1
481 497 2
173 498 3
397 500 3
38 503 8
167 503 6
273 503 5
496 503 4
273 507 5
399 507 1
459 507 3
184 509 1
411 511 3
201 512 2
471 513 1
410 514 3
353 515 3
381 520 3
25 524 1
284 524 2
510 524 1
291 525 1
489 525 3
117 531 3
339 531 8
289 533 10
148 540 3
299 540 2
306 541 1
291 543 2
470 543 1
99 544 1
175 548 3
532 548 3
282 551 2
179 553 2
226 557 3
341 557 3
388 557 1
419 557 1
166 559 5
207 559 6
32 561 2
351 561 3
438 562 2
505 563 1
97 568 3
534 568 3
217 569 2
23 570 3
37 570 3
305 571 1
430 571 3
127 577 1
315 581 3
395 584 2
562 584 1
35 585 3
124 588 1
214 590 3
283 591 3
196 593 3
315 603 1
23 604 2
611 622 1
626 657 2
653 665 2
664 665 1
641 668 1
665 687 2
657 692 2
677 692 2
634 697 3
685 702 3
666 709 1
686 713 1
617 718 1
631 718 1
674 718 1
705 733 1
623 737 1
739 740 2
695 746 2
739 749 3
698 751 3
701 757 3
656 760 2
694 766 1
753 782 1
689 784 1
696 792 2
638 794 2
646 803 3
749 806 2
682 812 3
763 813 2
786 814 3
611 817 2
821 825 2
763 832 2
765 832 1
806 833 3
621 844 1
733 846 1
639 849 2
696 853 3
745 855 3
674 858 1
820 859 3
727 860 3
706 864 1
840 865 1
629 866 3
780 866 3
845 867 3
642 869 3
666 871 3
747 871 3
728 873 2
763 873 2
699 875 3
732 876 2
680 877 2
759 879 3
687 883 2
668 884 3
613 886 1
842 887 2
822 888 2
613 891 1
616 895 1
854 895 2
799 897 2
699 898 2
674 901 1
849 903 2
860 907 1
656 913 1
842 914 2
703 920 3
611 922 3
852 922 2
848 925 3
900 926 2
807 928 1
777 929 3
717 931 2
852 931 2
752 942 3
796 942 2
633 949 1
907 949 2
803 950 1
789 952 1
819 956 1
819 957 2
828 967 2
850 969 3
697 978 2
808 978 2
824 978 2
682 981 3
618 982 2
669 982 1
927 982 1
733 986 3
700 987 2
911 988 3
673 993 3
728 993 3
846 994 3
858 994 2
63 524 276 6 253 224 88 14 2 386 106 193 562 507 218 20 568 130 339 298 116 48 472 455 65 124 559 33 465 61 242 23 313 184 479 175 29 387 120 62 503 244 265 94 174 98 186 55 97 30 295 95 267 366 25 41 19 250 89 31 37 540 131 147 32 73 72 139 36 114 376 123 5 262 144 45 308 490 38 279 199 155 104 204 584 82 43 121 53 238 49 413 56 68 470 206 247 99 296 315 225 57 122 273 254 150 395 140 165 86 311 299 52 195 561 251 531 83 548 201 125 214 18 514 11 112 100 4 496 397 16 24 401 74
2 465 12
4 72 7
7 268 2
7 219 19
1 344 1
2 448 1
4 482 20
3 11 16
3 206 9
1 559 10
3 492 13
2 492 1
1 155 6
5 277 9
2 311 15
3 126 15
2 57 12
7 73 13
2 357 16