2010 2012 66 6 15
1 2 15
2 3 12
2 4 1
1 5 16
3 6 5
4 7 1
3 8 9
8 9 2
9 10 1
7 11 3
7 12 1
6 13 3
1 14 13
13 15 2
6 16 3
16 17 3
9 18 1
12 19 3
15 20 1
5 21 2
4 22 1
20 23 3
7 24 2
5 25 1
11 26 3
4 27 2
12 28 3
3 29 1
20 30 2
30 31 3
29 32 1
11 33 2
11 34 1
21 35 1
18 36 2
35 37 1
37 38 2
38 39 3
6 40 3
27 41 1
13 42 1
1 43 1
20 44 2
8 45 3
17 46 1
28 47 2
6 48 2
37 49 3
15 50 3
23 51 3
29 52 2
26 53 3
28 54 3
15 55 2
33 56 1
8 57 8
40 58 2
7 59 3
42 60 2
54 61 3
23 62 1
11 63 2
27 64 3
30 65 2
61 66 2
14 67 3
31 68 3
1 69 13
67 70 2
69 71 3
16 72 3
62 73 2
6 74 3
42 75 2
25 76 2
36 77 3
14 78 13
41 79 4
3 80 2
5 81 2
3 82 3
16 83 3
5 84 3
58 85 3
84 86 3
82 87 1
55 88 2
44 89 2
88 90 3
45 91 3
73 92 1
59 93 3
5 94 1
88 95 1
16 96 1
4 97 3
42 98 3
23 99 3
32 100 1
59 101 1
23 102 3
59 103 3
61 104 3
29 105 3
76 106 1
60 107 1
6 108 2
5 109 3
98 110 1
62 111 1
41 112 3
40 113 3
63 114 1
55 115 2
31 116 1
10 117 3
65 118 10
12 119 1
63 120 2
75 121 1
35 122 3
102 123 1
73 124 1
5 125 1
103 126 1
95 127 3
12 128 2
4 129 2
107 130 1
113 131 1
29 132 3
55 133 1
118 134 10
102 135 2
104 136 1
17 137 1
106 138 3
12 139 1
120 140 2
117 141 3
60 142 2
9 143 1
10 144 2
25 145 1
125 146 3
12 147 2
54 148 3
17 149 3
103 150 2
97 151 1
110 152 3
45 153 1
86 154 3
100 155 3
64 156 2
70 157 1
57 158 11
115 159 2
39 160 1
120 161 3
141 162 2
100 163 3
155 164 1
110 165 2
76 166 3
18 167 3
106 168 2
121 169 2
31 170 2
157 171 5
159 172 1
99 173 2
56 174 1
84 175 2
1 176 14
69 177 2
5 178 3
72 179 2
79 180 1
42 181 2
87 182 1
175 183 2
59 184 1
95 185 1
85 186 1
4 187 3
107 188 1
115 189 3
22 190 3
97 191 1
40 192 3
103 193 1
128 194 1
32 195 2
164 196 1
179 197 3
175 198 2
139 199 3
5 200 3
31 201 3
178 202 3
126 203 1
48 204 2
138 205 2
72 206 1
75 207 3
41 208 3
115 209 2
152 210 1
86 211 2
161 212 3
83 213 2
197 214 2
67 215 2
97 216 2
156 217 2
137 218 3
139 219 2
48 220 1
204 221 2
165 222 3
168 223 3
72 224 1
71 225 2
212 226 2
77 227 10
195 228 2
44 229 3
93 230 2
14 231 1
117 232 1
41 233 7
41 234 2
15 235 1
66 236 2
16 237 2
42 238 1
7 239 3
55 240 1
130 241 1
154 242 3
222 243 3
178 244 3
195 245 2
92 246 2
15 247 1
139 248 1
183 249 3
131 250 3
62 251 3
121 252 1
57 253 2
41 254 3
197 255 2
60 256 1
152 257 1
179 258 1
76 259 1
117 260 1
206 261 3
183 262 3
108 263 3
44 264 3
99 265 3
138 266 1
200 267 3
15 268 2
229 269 3
46 270 3
217 271 2
222 272 1
107 273 1
257 274 3
144 275 2
183 276 1
35 277 1
61 278 3
13 279 1
87 280 1
204 281 1
217 282 2
66 283 1
117 284 1
196 285 3
272 286 3
159 287 2
149 288 1
59 289 3
13 290 2
69 291 13
266 292 2
243 293 1
42 294 2
215 295 1
210 296 1
129 297 1
148 298 3
20 299 1
151 300 3
242 301 2
296 302 3
198 303 3
112 304 2
77 305 1
122 306 2
5 307 3
70 308 2
271 309 3
177 310 2
300 311 2
250 312 2
267 313 3
14 314 2
245 315 3
289 316 1
241 317 2
129 318 1
225 319 1
265 320 2
194 321 3
58 322 3
78 323 3
187 324 3
265 325 3
6 326 2
218 327 2
191 328 3
65 329 3
163 330 3
288 331 1
225 332 3
59 333 3
141 334 3
30 335 2
51 336 3
89 337 3
107 338 3
58 339 1
120 340 3
82 341 1
227 342 1
23 343 3
160 344 2
40 345 1
322 346 3
16 347 2
253 348 1
104 349 2
48 350 3
68 351 2
108 352 2
208 353 1
167 354 1
91 355 1
71 356 2
78 357 2
136 358 1
279 359 2
43 360 3
108 361 1
140 362 2
28 363 1
249 364 1
199 365 1
144 366 1
180 367 3
77 368 2
321 369 2
275 370 2
198 371 2
75 372 1
15 373 2
312 374 3
215 375 3
277 376 1
161 377 1
88 378 3
122 379 2
227 380 3
56 381 3
340 382 1
89 383 3
176 384 2
290 385 2
246 386 2
173 387 2
21 388 3
97 389 2
355 390 2
134 391 20
45 392 3
341 393 3
192 394 3
270 395 3
189 396 1
156 397 3
142 398 2
179 399 3
377 400 1
197 401 1
121 402 1
97 403 1
86 404 2
393 405 2
204 406 1
203 407 1
83 408 3
124 409 3
293 410 2
302 411 2
157 412 2
321 413 2
247 414 1
395 415 3
132 416 1
223 417 2
97 418 2
273 419 3
416 420 3
125 421 3
18 422 2
164 423 3
418 424 2
30 425 1
206 426 1
301 427 1
28 428 2
304 429 2
36 430 2
264 431 2
192 432 1
127 433 3
409 434 3
2 435 2
169 436 3
288 437 2
78 438 3
243 439 3
213 440 3
411 441 3
77 442 20
398 443 3
323 444 2
358 445 3
319 446 2
214 447 3
268 448 2
81 449 3
21 450 2
192 451 1
145 452 2
78 453 13
343 454 1
58 455 1
50 456 2
358 457 3
351 458 3
107 459 2
10 460 3
25 461 3
141 462 2
80 463 2
340 464 2
388 465 2
57 466 3
328 467 2
174 468 3
348 469 3
165 470 1
332 471 1
356 472 1
288 473 2
103 474 3
189 475 1
129 476 1
186 477 1
441 478 2
3 479 3
176 480 12
430 481 2
466 482 2
438 483 2
352 484 2
272 485 2
381 486 2
214 487 1
211 488 3
201 489 3
401 490 3
180 491 1
80 492 3
47 493 2
229 494 3
279 495 3
135 496 1
156 497 3
56 498 2
193 499 1
470 500 1
41 501 3
112 502 3
427 503 1
94 504 1
119 505 1
211 506 3
297 507 1
198 508 3
80 509 1
245 510 3
50 511 3
387 512 3
167 513 1
347 514 1
433 515 2
514 516 1
329 517 3
30 518 1
337 519 2
151 520 1
91 521 2
203 522 1
263 523 2
177 524 1
521 525 1
391 526 3
496 527 3
166 528 1
105 529 2
483 530 1
246 531 3
46 532 3
404 533 2
161 534 3
337 535 3
172 536 2
307 537 2
159 538 1
431 539 3
315 540 3
477 541 2
257 542 2
456 543 1
2 544 3
54 545 3
390 546 1
498 547 3
453 548 1
68 549 3
124 550 2
375 551 3
372 552 14
375 553 3
221 554 2
194 555 3
34 556 1
203 557 3
97 558 3
27 559 2
67 560 1
221 561 1
536 562 2
92 563 3
520 564 2
533 565 3
388 566 3
512 567 4
463 568 1
145 569 1
326 570 3
47 571 2
150 572 3
61 573 2
46 574 2
294 575 3
538 576 3
246 577 2
137 578 3
339 579 2
7 580 1
94 581 3
113 582 3
362 583 2
110 584 2
549 585 2
561 586 2
340 587 1
172 588 2
478 589 3
580 590 2
365 591 3
193 592 1
484 593 1
281 594 3
21 595 3
156 596 1
475 597 3
390 598 3
360 599 1
516 600 6
162 601 3
524 602 3
51 603 2
538 604 2
534 605 2
514 606 1
397 607 1
422 608 3
502 609 3
344 610 3
500 611 3
226 612 2
412 613 3
41 614 3
411 615 1
264 616 3
207 617 1
535 618 1
145 619 3
582 620 2
341 621 2
222 622 2
191 623 2
613 624 1
77 625 2
599 626 3
181 627 2
166 628 2
440 629 2
20 630 2
65 631 3
501 632 3
426 633 3
340 634 2
361 635 1
226 636 2
116 637 1
626 638 2
395 639 1
591 640 1
154 641 1
122 642 1
186 643 3
518 644 3
225 645 2
559 646 3
279 647 3
574 648 1
575 649 3
201 650 1
38 651 2
629 652 3
226 653 2
561 654 1
324 655 3
2 656 1
370 657 3
475 658 1
472 659 2
137 660 2
441 661 3
306 662 3
662 663 3
199 664 1
118 665 3
233 666 3
88 667 1
168 668 1
431 669 1
134 670 2
523 671 3
202 672 1
70 673 1
90 674 3
199 675 3
55 676 1
45 677 3
126 678 2
17 679 2
610 680 3
486 681 1
369 682 3
671 683 1
473 684 3
133 685 1
531 686 3
649 687 2
624 688 3
673 689 3
612 690 3
94 691 3
309 692 3
122 693 2
538 694 3
232 695 2
409 696 1
453 697 2
546 698 3
634 699 3
58 700 2
11 701 1
573 702 1
131 703 2
139 704 1
465 705 2
676 706 1
109 707 3
86 708 3
123 709 3
67 710 1
233 711 2
272 712 3
604 713 2
630 714 3
303 715 3
304 716 2
12 717 1
376 718 1
645 719 2
607 720 2
539 721 3
595 722 2
391 723 19
591 724 3
102 725 3
655 726 3
691 727 3
366 728 3
83 729 1
421 730 1
109 731 3
76 732 1
287 733 1
642 734 2
73 735 3
703 736 1
543 737 2
523 738 1
398 739 1
300 740 2
171 741 5
156 742 1
425 743 2
202 744 3
96 745 2
177 746 3
361 747 1
382 748 1
393 749 2
578 750 2
430 751 3
574 752 1
294 753 3
218 754 2
119 755 2
569 756 3
604 757 1
238 758 3
274 759 1
666 760 2
189 761 2
166 762 3
209 763 3
642 764 1
252 765 3
67 766 3
721 767 2
476 768 2
161 769 2
88 770 2
134 771 3
129 772 3
546 773 3
431 774 3
268 775 1
83 776 1
39 777 2
744 778 2
725 779 2
474 780 2
266 781 1
470 782 3
556 783 2
583 784 3
177 785 2
392 786 2
500 787 3
757 788 3
248 789 1
500 790 2
374 791 1
725 792 1
707 793 2
331 794 3
512 795 1
720 796 2
791 797 1
621 798 3
100 799 3
103 800 1
401 801 2
375 802 3
295 803 1
271 804 3
200 805 3
507 806 1
484 807 1
41 808 3
390 809 3
101 810 1
82 811 3
681 812 3
713 813 2
482 814 2
568 815 1
385 816 1
108 817 3
807 818 2
316 819 2
250 820 2
238 821 1
258 822 2
387 823 3
116 824 3
589 825 3
115 826 1
546 827 1
395 828 3
49 829 1
611 830 3
657 831 1
356 832 3
741 833 5
2 834 2
554 835 2
421 836 2
99 837 1
443 838 3
661 839 2
188 840 1
545 841 3
308 842 1
786 843 1
347 844 1
837 845 2
146 846 3
309 847 1
246 848 2
212 849 1
818 850 3
301 851 2
593 852 3
13 853 1
33 854 3
544 855 3
551 856 3
357 857 2
785 858 3
826 859 1
512 860 2
441 861 1
202 862 3
304 863 2
807 864 2
87 865 1
439 866 3
108 867 1
543 868 1
110 869 1
505 870 1
244 871 2
270 872 1
458 873 1
384 874 2
694 875 2
322 876 1
333 877 1
253 878 1
172 879 3
88 880 3
51 881 3
213 882 3
265 883 1
499 884 1
196 885 2
832 886 2
485 887 1
339 888 1
84 889 2
829 890 3
769 891 3
456 892 1
227 893 1
105 894 4
596 895 1
382 896 1
277 897 1
311 898 3
573 899 2
658 900 3
97 901 1
395 902 3
453 903 13
217 904 1
62 905 3
824 906 2
744 907 2
506 908 3
75 909 3
220 910 2
531 911 2
139 912 3
844 913 1
88 914 2
342 915 3
606 916 1
90 917 3
69 918 1
569 919 1
303 920 3
702 921 2
614 922 2
866 923 2
279 924 1
645 925 3
306 926 1
866 927 3
480 928 2
812 929 2
317 930 1
788 931 3
63 932 1
872 933 3
800 934 2
834 935 3
857 936 1
279 937 2
649 938 3
50 939 1
363 940 3
49 941 3
66 942 3
521 943 3
17 944 3
362 945 2
749 946 2
36 947 3
870 948 3
199 949 1
181 950 3
546 951 2
530 952 2
542 953 2
462 954 2
314 955 3
53 956 3
893 957 11
528 958 3
216 959 2
838 960 3
677 961 1
131 962 3
391 963 2
361 964 3
863 965 1
826 966 3
784 967 1
798 968 3
420 969 3
817 970 1
189 971 1
120 972 1
428 973 2
39 974 1
563 975 1
560 976 2
275 977 1
320 978 1
410 979 1
626 980 3
269 981 2
55 982 2
67 983 3
349 984 1
734 985 1
206 986 3
479 987 1
543 988 2
596 989 3
853 990 1
9 991 1
489 992 3
302 993 1
971 994 1
898 995 2
213 996 3
22 997 2
65 998 3
477 999 2
338 1000 1
498 1001 2
341 1002 3
479 1003 3
823 1004 1
727 1005 3
580 1006 3
1006 1007 2
21 1008 2
576 1009 3
558 1010 1
225 1011 1
90 1012 3
1 1013 3
140 1014 3
190 1015 2
663 1016 1
454 1017 1
601 1018 2
924 1019 3
825 1020 3
526 1021 2
963 1022 2
879 1023 3
330 1024 3
176 1025 2
922 1026 3
68 1027 1
478 1028 2
90 1029 2
404 1030 1
328 1031 1
218 1032 1
998 1033 3
968 1034 1
577 1035 3
944 1036 3
484 1037 1
996 1038 1
398 1039 3
898 1040 3
813 1041 2
160 1042 1
681 1043 2
557 1044 1
177 1045 1
556 1046 1
419 1047 3
892 1048 2
608 1049 2
151 1050 2
495 1051 3
383 1052 1
611 1053 1
1017 1054 3
988 1055 3
860 1056 3
658 1057 2
994 1058 3
1051 1059 2
140 1060 2
651 1061 2
518 1062 3
587 1063 1
384 1064 1
983 1065 3
906 1066 3
624 1067 2
74 1068 2
802 1069 2
492 1070 1
815 1071 1
128 1072 2
166 1073 3
210 1074 2
430 1075 1
997 1076 2
345 1077 1
590 1078 1
478 1079 2
605 1080 2
801 1081 2
797 1082 3
344 1083 3
1039 1084 2
448 1085 2
327 1086 3
562 1087 1
749 1088 3
794 1089 2
798 1090 2
807 1091 1
502 1092 1
201 1093 6
327 1094 1
865 1095 1
415 1096 3
859 1097 3
990 1098 2
748 1099 1
1028 1100 1
139 1101 1
703 1102 3
76 1103 3
336 1104 2
31 1105 3
693 1106 3
263 1107 3
634 1108 1
230 1109 2
1085 1110 2
1000 1111 2
111 1112 1
1075 1113 2
120 1114 3
561 1115 3
983 1116 3
18 1117 3
1075 1118 1
939 1119 2
502 1120 3
515 1121 2
367 1122 1
599 1123 3
881 1124 2
349 1125 3
351 1126 2
555 1127 1
625 1128 3
913 1129 3
757 1130 1
326 1131 2
1011 1132 2
995 1133 2
624 1134 3
791 1135 1
217 1136 2
873 1137 3
964 1138 1
133 1139 3
694 1140 3
869 1141 3
1078 1142 2
385 1143 1
938 1144 1
1068 1145 1
910 1146 1
361 1147 2
800 1148 3
335 1149 1
263 1150 2
42 1151 3
461 1152 3
871 1153 1
532 1154 2
743 1155 1
634 1156 1
666 1157 1
497 1158 2
198 1159 2
656 1160 2
94 1161 2
607 1162 2
287 1163 3
476 1164 3
13 1165 2
949 1166 1
330 1167 3
211 1168 3
129 1169 3
640 1170 2
292 1171 3
350 1172 2
433 1173 2
1080 1174 2
702 1175 2
244 1176 3
983 1177 1
686 1178 2
900 1179 3
32 1180 2
650 1181 1
124 1182 1
960 1183 3
676 1184 2
947 1185 3
902 1186 1
712 1187 1
426 1188 2
84 1189 2
771 1190 2
1016 1191 2
193 1192 3
945 1193 1
1052 1194 3
357 1195 3
1024 1196 2
975 1197 3
193 1198 2
636 1199 2
553 1200 2
632 1201 1
74 1202 3
1037 1203 2
611 1204 2
1151 1205 3
412 1206 1
619 1207 2
830 1208 2
420 1209 1
1002 1210 2
557 1211 1
256 1212 1
752 1213 3
843 1214 3
771 1215 2
331 1216 3
708 1217 1
42 1218 2
519 1219 3
373 1220 3
1218 1221 2
566 1222 1
226 1223 1
782 1224 3
738 1225 3
767 1226 1
951 1227 3
76 1228 3
134 1229 2
957 1230 2
1111 1231 2
833 1232 1
298 1233 2
1015 1234 2
850 1235 1
400 1236 3
192 1237 2
799 1238 2
1091 1239 1
350 1240 1
27 1241 2
539 1242 2
1117 1243 2
142 1244 1
602 1245 3
543 1246 3
587 1247 3
544 1248 2
829 1249 1
1246 1250 1
804 1251 2
1003 1252 3
387 1253 3
462 1254 1
977 1255 3
1128 1256 3
603 1257 2
252 1258 3
274 1259 3
1170 1260 3
875 1261 3
519 1262 1
1162 1263 2
894 1264 4
953 1265 1
881 1266 2
631 1267 2
385 1268 2
242 1269 1
293 1270 2
74 1271 1
881 1272 3
1138 1273 3
1011 1274 2
954 1275 2
485 1276 1
730 1277 2
487 1278 2
1135 1279 3
829 1280 1
1077 1281 1
893 1282 12
934 1283 1
621 1284 3
1057 1285 2
245 1286 3
1254 1287 2
1018 1288 2
18 1289 1
928 1290 1
414 1291 1
194 1292 1
521 1293 1
1105 1294 1
460 1295 2
826 1296 1
1267 1297 3
1251 1298 1
156 1299 2
519 1300 1
161 1301 2
292 1302 3
1145 1303 3
1292 1304 1
16 1305 1
1270 1306 3
566 1307 2
90 1308 1
1186 1309 3
480 1310 11
892 1311 1
77 1312 3
1017 1313 8
182 1314 2
1055 1315 2
1213 1316 1
877 1317 3
76 1318 3
351 1319 2
590 1320 2
836 1321 1
164 1322 2
473 1323 1
809 1324 1
581 1325 3
1085 1326 3
919 1327 1
1032 1328 3
893 1329 1
1039 1330 1
1167 1331 1
336 1332 2
1230 1333 1
1067 1334 2
954 1335 2
134 1336 2
171 1337 3
1075 1338 3
738 1339 3
1152 1340 3
550 1341 1
504 1342 2
175 1343 1
937 1344 1
639 1345 3
389 1346 1
1072 1347 1
1140 1348 2
281 1349 2
142 1350 3
686 1351 1
241 1352 1
192 1353 4
1345 1354 3
66 1355 2
380 1356 1
856 1357 3
228 1358 2
702 1359 1
284 1360 2
287 1361 3
953 1362 2
741 1363 3
1063 1364 1
774 1365 3
400 1366 1
708 1367 1
770 1368 2
516 1369 1
590 1370 3
274 1371 3
137 1372 3
497 1373 3
692 1374 1
552 1375 1
283 1376 1
689 1377 1
136 1378 2
270 1379 3
483 1380 3
1275 1381 2
291 1382 13
12 1383 1
1306 1384 7
1045 1385 1
944 1386 3
604 1387 1
1189 1388 3
624 1389 3
487 1390 1
136 1391 2
887 1392 3
750 1393 1
528 1394 1
441 1395 2
622 1396 3
295 1397 1
31 1398 3
1222 1399 1
480 1400 3
314 1401 3
297 1402 2
39 1403 2
235 1404 1
722 1405 2
148 1406 3
533 1407 3
1387 1408 3
958 1409 1
1336 1410 2
1145 1411 1
788 1412 1
1029 1413 2
433 1414 3
818 1415 3
1148 1416 2
1008 1417 1
271 1418 3
1262 1419 2
178 1420 1
942 1421 1
903 1422 3
254 1423 3
655 1424 2
874 1425 3
779 1426 1
1262 1427 1
1201 1428 3
842 1429 3
849 1430 2
829 1431 1
725 1432 2
17 1433 1
182 1434 3
579 1435 2
688 1436 1
1314 1437 2
1250 1438 1
614 1439 1
15 1440 3
1349 1441 2
759 1442 3
162 1443 3
827 1444 3
763 1445 1
1225 1446 2
256 1447 3
168 1448 2
1242 1449 2
385 1450 1
172 1451 1
268 1452 2
735 1453 1
353 1454 3
1203 1455 1
786 1456 3
995 1457 3
344 1458 3
1112 1459 1
45 1460 2
503 1461 2
1298 1462 3
604 1463 3
553 1464 2
419 1465 3
310 1466 3
762 1467 1
716 1468 1
1144 1469 3
1093 1470 6
929 1471 2
383 1472 2
969 1473 3
929 1474 1
446 1475 1
818 1476 2
271 1477 2
334 1478 1
32 1479 3
648 1480 2
446 1481 2
101 1482 2
228 1483 3
1098 1484 3
609 1485 2
1039 1486 2
57 1487 1
1194 1488 1
1150 1489 1
216 1490 3
229 1491 2
411 1492 1
1317 1493 1
1195 1494 1
360 1495 2
299 1496 1
461 1497 1
1040 1498 3
1027 1499 2
210 1500 2
573 1501 2
301 1502 2
1409 1503 2
1167 1504 3
435 1505 1
149 1506 3
909 1507 3
90 1508 2
860 1509 2
730 1510 1
51 1511 1
459 1512 2
272 1513 3
5 15 1
44 45 1
4 55 3
79 105 4
25 109 1
4 116 3
73 151 2
69 157 5
126 166 1
131 172 1
78 206 2
38 207 3
78 227 11
53 253 3
111 255 3
53 263 3
49 271 1
274 324 2
10 347 3
267 352 2
177 362 3
16 395 3
226 419 2
296 436 3
24 440 3
41 445 3
318 448 3
356 454 1
31 460 1
379 474 2
476 491 3
368 499 3
18 505 1
363 505 2
349 514 1
297 516 2
499 518 3
27 520 1
224 524 3
205 526 2
123 544 1
217 550 1
439 550 3
182 556 2
108 564 1
370 576 3
66 578 2
199 581 3
462 585 3
205 586 1
268 595 3
267 600 6
359 600 2
372 605 3
265 607 1
65 614 3
202 618 2
232 621 2
134 633 22
161 637 3
13 639 3
267 639 1
480 640 1
338 646 3
609 652 3
127 653 1
530 654 1
7 663 3
90 664 3
332 673 3
113 674 1
496 674 1
626 684 3
231 698 3
281 700 1
263 703 2
31 707 3
463 707 3
168 713 3
255 717 3
600 720 2
447 731 3
127 733 2
563 736 3
163 739 3
657 739 2
241 744 2
81 745 3
418 752 3
668 754 3
625 758 1
561 763 3
408 780 1
485 784 1
471 787 3
183 788 2
415 789 3
400 791 2
477 791 2
385 795 1
632 798 3
95 808 3
317 810 3
77 811 2
552 815 2
569 815 1
361 820 2
454 822 2
85 825 2
50 829 1
802 832 1
466 833 2
809 833 3
498 834 3
42 838 3
158 852 2
627 859 3
846 860 2
596 863 2
507 869 1
66 873 3
873 876 3
401 877 2
455 878 2
583 878 3
446 881 1
661 881 2
403 885 1
496 891 2
394 895 1
637 895 1
370 896 1
569 899 3
217 902 2
791 903 13
888 906 2
600 908 3
227 920 2
919 921 1
372 925 2
388 926 1
457 926 2
769 934 3
806 938 1
385 942 2
754 942 3
104 943 2
926 945 2
381 954 1
418 955 3
660 956 2
633 957 11
699 958 3
728 958 2
95 964 3
810 965 2
878 972 3
931 974 1
817 976 1
102 977 3
705 977 3
686 983 1
773 986 1
90 989 2
605 994 1
364 997 1
390 1000 1
565 1003 3
582 1007 3
717 1007 2
517 1009 3
590 1015 1
858 1016 1
931 1025 2
720 1028 1
272 1032 3
617 1035 3
517 1036 6
586 1036 1
905 1041 3
55 1046 3
933 1048 3
100 1050 2
1000 1055 3
26 1057 3
785 1060 1
94 1062 2
351 1070 1
203 1073 1
112 1079 1
1052 1079 2
617 1090 3
68 1092 3
509 1094 1
200 1097 2
552 1099 4
977 1099 2
184 1102 1
1053 1107 3
188 1108 3
796 1108 3
724 1111 2
241 1119 2
511 1121 2
769 1133 3
249 1134 2
854 1136 1
311 1137 1
1013 1140 3
774 1141 3
930 1141 3
992 1141 3
1055 1141 3
259 1142 3
768 1143 3
892 1143 2
502 1145 2
477 1146 1
921 1146 1
516 1150 2
552 1153 1
923 1154 3
810 1158 1
354 1161 3
142 1163 2
889 1168 1
451 1174 1
30 1176 1
966 1177 2
451 1180 2
192 1182 3
530 1186 2
639 1187 1
701 1194 1
849 1196 1
643 1198 3
1013 1198 1
918 1200 1
84 1202 2
952 1205 1
114 1208 2
399 1209 2
71 1210 2
941 1215 2
646 1225 3
585 1227 2
288 1232 1
1028 1236 1
394 1238 2
843 1239 2
1017 1241 2
66 1242 3
461 1242 2
981 1244 1
321 1246 2
38 1247 2
337 1249 1
161 1250 2
626 1251 3
1056 1252 3
60 1254 3
138 1259 2
414 1261 1
1238 1261 1
140 1263 2
1081 1263 3
183 1264 4
376 1265 2
376 1268 2
357 1269 3
374 1272 1
54 1274 2
180 1274 2
1080 1276 1
49 1277 1
372 1282 12
1195 1285 1
941 1287 2
1184 1292 3
676 1299 3
698 1299 2
377 1301 2
488 1303 2
1062 1303 1
516 1305 1
233 1306 7
498 1309 2
633 1310 11
562 1311 1
902 1311 1
1036 1313 10
1109 1317 1
472 1323 2
1190 1324 2
1265 1324 2
1320 1324 1
787 1326 2
1097 1331 1
613 1333 2
662 1338 2
801 1338 2
846 1338 3
719 1340 1
1316 1340 2
1321 1343 3
663 1344 2
747 1344 3
972 1344 2
805 1346 2
1074 1347 3
1099 1347 3
482 1348 2
567 1353 4
478 1357 2
836 1357 1
504 1359 2
925 1359 2
1291 1359 3
821 1361 1
711 1362 1
1119 1362 3
282 1363 2
872 1363 3
1290 1366 2
428 1372 1
924 1372 1
1323 1373 1
773 1374 3
325 1376 1
839 1376 1
65 1384 7
445 1385 3
502 1388 1
69 1389 2
778 1390 1
897 1394 1
1163 1396 2
815 1402 2
1349 1411 3
694 1416 2
432 1418 3
325 1419 2
16 1421 1
37 1424 1
116 1424 3
971 1424 2
3 1425 2
601 1425 2
630 1425 3
1187 1426 3
924 1428 1
1176 1429 3
96 1430 3
1219 1437 1
652 1441 2
771 1441 3
511 1442 2
195 1443 1
606 1443 1
636 1443 1
1265 1447 1
930 1454 2
651 1462 2
856 1463 3
160 1466 1
1265 1466 2
1257 1470 6
411 1472 3
460 1472 1
25 1473 3
147 1475 2
834 1476 3
724 1480 3
164 1482 1
407 1483 2
1287 1483 2
310 1484 2
180 1496 3
925 1496 2
11 1499 3
1449 1501 1
1440 1502 1
1268 1505 2
1113 1507 2
763 1508 3
558 1510 1
1519 1548 3
1523 1555 2
1547 1600 2
1592 1606 1
1527 1608 1
1578 1624 2
1624 1626 2
1541 1639 2
1639 1642 2
1524 1645 3
1592 1647 3
1555 1648 1
1604 1648 2
1526 1652 3
1548 1653 1
1558 1677 1
1576 1677 2
1532 1679 3
1537 1680 3
1586 1701 1
1630 1704 2
1549 1705 3
1705 1708 1
1575 1719 2
1620 1733 2
1761 1773 1
1639 1776 2
1594 1777 2
1709 1780 1
1703 1789 1
1698 1790 2
1581 1791 3
1604 1792 2
1784 1792 2
1532 1795 1
1710 1796 3
1739 1798 2
1615 1802 1
1696 1809 1
1548 1810 1
1633 1828 2
1589 1829 2
1636 1829 1
1810 1834 1
1649 1838 1
1745 1842 3
1637 1843 1
1812 1846 1
1732 1854 2
1831 1855 3
1567 1863 3
1683 1863 1
1810 1864 3
1586 1867 2
1836 1867 1
1623 1875 1
1836 1884 1
1623 1888 2
1776 1889 1
1615 1891 3
1659 1892 2
1801 1902 3
1519 1903 1
1669 1903 1
1725 1903 2
1534 1914 2
1910 1915 2
1871 1916 3
1650 1917 2
1866 1917 1
1873 1918 1
1835 1922 3
1517 1925 1
1742 1928 1
1747 1929 1
1908 1929 3
1519 1932 1
1873 1935 1
1920 1939 3
1602 1940 1
1734 1946 1
1853 1946 1
1882 1948 1
1657 1950 1
1713 1951 1
1854 1954 1
1671 1960 3
1548 1962 2
1825 1966 3
1805 1969 2
1529 1971 3
1557 1976 1
1809 1976 3
1684 1979 3
1869 1979 3
1780 1982 1
1759 1983 2
1771 1986 2
1603 1987 3
1727 1987 3
1972 1988 1
1542 1990 1
1991 1992 2
1542 1997 2
1657 1997 1
1712 2002 2
1912 2003 2
1927 2004 2
1777 2007 1
1955 2007 2
1914 2008 3
1983 2008 2
1802 2009 2
1937 2010 1
326 453 79 76 957 131 101 1242 137 1311 164 14 798 703 945 833 893 22 144 1250 415 1362 212 175 40 188 1028 809 338 126 229 553 263 89 199 934 23 197 1011 418 475 18 183 244 71 1274 516 539 77 942 194 68 12 1338 1261 10 178 744 856 16 738 100 325 519 59 1017
2 8 2
2 552 17
3 442 20
5 171 10
2 233 14
2 512 8
2 1257 6
4 723 19
2 600 19
1 934 1
2 791 15
5 1313 18
5 818 1
1 158 11
6 1382 13