294 144 18 11 14
1 2 1
2 3 2
2 4 2
2 5 3
2 6 1
2 7 3
4 8 3
3 9 2
7 10 2
7 11 3
3 12 1
1 13 3
5 14 2
10 15 3
4 16 3
2 17 3
10 18 3
5 19 2
12 20 3
4 21 2
10 22 2
12 23 1
22 24 1
20 25 3
2 26 2
3 27 3
22 28 3
2 29 1
7 30 2
27 31 1
6 32 3
28 33 3
14 34 3
32 35 1
11 36 1
25 37 1
36 38 1
5 39 2
34 40 1
20 41 2
6 42 2
20 43 2
4 44 2
21 45 1
7 46 1
6 47 2
9 48 2
18 49 3
4 50 3
31 51 1
22 52 2
13 53 2
45 54 3
7 55 1
14 56 3
18 57 3
22 58 2
23 59 1
1 60 3
4 61 1
60 62 1
58 63 2
59 64 2
28 65 3
34 66 3
52 67 1
51 68 3
45 69 1
28 70 3
15 71 1
11 72 3
38 73 3
26 74 1
1 75 1
28 76 1
63 77 3
57 78 1
45 79 3
24 80 3
37 81 3
11 82 3
1 3 1
6 8 2
9 20 1
31 34 3
29 36 1
30 36 3
33 37 3
10 43 1
16 44 3
4 46 2
23 50 1
12 54 3
50 61 1
23 65 3
45 65 2
11 69 3
35 70 3
45 70 3
54 70 3
68 70 2
6 74 2
38 75 3
37 76 1
8 77 1
93 95 3
111 128 2
115 128 2
129 131 1
111 134 3
120 156 3
89 165 1
135 165 3
89 170 2
115 182 2
158 186 3
90 190 1
184 200 2
187 208 3
186 216 1
132 223 2
142 226 1
117 233 3
179 236 2
142 242 1
141 243 2
129 244 2
212 245 3
153 247 2
226 249 2
216 250 1
126 252 3
193 263 2
230 263 2
206 264 2
122 265 3
178 271 3
237 276 3
253 277 3
137 288 3
156 290 2
189 292 3
134 294 2
240 294 3
7 4 9 54 5 36 20 37 6 45 50 18 31 34 3 22 2 11
3 16 6
4 34 15
8 38 11
8 76 10
7 14 5
1 79 16
3 19 11
6 35 7
1 74 19
3 39 17
11 64 4
4 50 16
9 71 16
10 29 14