293 154 26 4 4
1 2 17
1 3 2
2 4 11
4 5 11
2 6 6
6 7 6
3 8 3
8 9 1
5 10 11
8 11 3
5 12 3
9 13 1
7 14 2
13 15 2
10 16 3
8 17 2
2 18 17
12 19 2
8 20 3
1 21 12
12 22 3
18 23 1
18 24 16
19 25 3
25 26 2
5 27 3
22 28 1
5 29 1
17 30 2
10 31 3
5 32 1
25 33 1
18 34 1
31 35 2
6 36 1
11 37 2
7 38 1
9 39 1
6 40 2
9 41 1
25 42 2
27 43 3
40 44 1
3 45 3
5 46 3
9 47 2
26 48 2
39 49 3
38 50 2
12 51 3
14 52 3
44 53 3
24 54 16
51 55 3
13 56 1
46 57 1
42 58 1
9 59 2
45 60 3
12 61 1
36 62 3
55 63 1
31 64 1
2 65 3
28 66 1
41 67 3
13 68 2
39 69 3
44 70 3
62 71 3
10 72 11
32 73 1
14 74 3
22 75 3
11 12 2
7 25 2
17 27 2
4 32 3
12 37 2
19 42 1
10 43 2
26 44 1
31 49 3
13 51 1
43 51 3
49 64 2
35 66 1
8 68 3
63 69 2
21 72 6
85 90 1
103 107 2
111 113 3
90 114 3
114 142 1
129 145 3
81 147 1
146 152 2
148 155 3
96 157 2
128 157 1
152 160 3
146 166 1
94 168 3
105 168 3
145 172 3
136 174 1
136 181 2
108 193 1
138 195 3
87 201 2
76 203 2
178 207 2
104 211 3
177 212 1
95 213 3
186 217 2
175 221 1
190 223 2
103 225 2
225 231 2
227 233 2
129 235 3
104 237 3
153 237 1
109 238 2
82 239 1
225 241 2
185 242 2
139 246 2
163 248 2
168 248 1
171 253 3
238 256 1
169 259 2
149 260 3
198 262 2
192 264 3
222 264 3
203 269 1
126 272 3
214 274 1
230 275 3
117 277 1
191 277 2
88 279 3
239 279 2
147 280 2
250 281 1
277 281 1
281 283 1
166 284 3
127 292 2
243 293 3
14 42 12 9 31 2 4 27 8 25 11 10 39 18 6 43 13 51 7 3 26 22 44 32 5 49
2 72 17
1 54 16
2 7 6
3 21 12