999 568 27 3 9
1 2 13
2 3 3
3 4 2
3 5 2
5 6 1
4 7 6
6 8 1
3 9 1
2 10 1
10 11 1
4 12 10
9 13 2
12 14 1
14 15 3
6 16 2
3 17 1
15 18 3
15 19 2
14 20 1
17 21 2
9 22 2
11 23 1
21 24 1
15 25 1
17 26 2
6 27 1
7 28 1
27 29 14
17 30 1
2 31 13
16 32 1
18 33 2
10 34 3
30 35 2
23 36 3
4 37 2
18 38 1
38 39 3
6 40 3
7 41 8
36 42 3
18 43 2
30 44 3
9 45 1
39 46 1
28 47 2
15 48 2
1 49 3
27 50 14
24 51 1
51 52 3
27 53 8
29 54 14
8 55 2
43 56 3
41 57 8
23 58 2
2 59 3
7 60 1
46 61 2
22 62 2
20 63 3
47 64 2
21 65 2
37 66 2
48 67 3
7 68 2
44 69 1
65 70 2
42 71 4
19 72 2
8 73 2
57 74 2
1 75 3
24 76 3
64 77 2
31 78 14
65 79 1
13 80 3
79 81 1
7 82 2
17 83 2
10 84 1
18 85 2
49 86 1
66 87 2
22 88 3
7 89 3
74 90 2
31 91 3
20 92 1
3 93 3
17 94 2
40 95 3
42 96 1
31 97 3
61 98 1
46 99 3
60 100 2
75 101 3
21 102 3
52 103 3
80 104 2
62 105 3
75 106 2
51 107 2
53 108 7
65 109 2
65 110 3
11 111 1
5 112 2
14 113 1
11 114 3
59 115 1
71 116 1
107 117 2
94 118 3
17 119 3
114 120 3
47 121 2
98 122 2
98 123 3
36 124 3
82 125 3
113 126 15
99 127 3
32 128 1
73 129 1
75 130 1
30 131 2
5 132 3
51 133 3
92 134 3
71 135 2
83 136 2
32 137 1
89 138 1
124 139 3
48 140 2
14 141 2
6 142 1
114 143 2
116 144 2
100 145 3
113 146 3
18 147 2
90 148 3
135 149 3
49 150 3
37 151 2
139 152 3
33 153 3
24 154 3
18 155 1
89 156 2
83 157 2
124 158 2
158 159 2
141 160 1
137 161 2
66 162 2
63 163 3
86 164 1
150 165 1
122 166 3
40 167 3
140 168 3
48 169 2
114 170 2
77 171 1
13 172 1
102 173 1
9 174 1
58 175 14
118 176 2
71 177 5
75 178 2
59 179 1
85 180 1
148 181 3
135 182 14
67 183 2
26 184 1
76 185 2
183 186 2
137 187 3
165 188 3
103 189 2
51 190 2
53 191 1
47 192 3
14 193 1
76 194 3
180 195 2
32 196 1
113 197 3
1 198 14
17 199 3
144 200 2
132 201 1
20 202 1
65 203 3
132 204 1
91 205 1
97 206 1
160 207 2
142 208 2
66 209 1
181 210 3
149 211 2
191 212 1
59 213 1
81 214 1
113 215 15
199 216 1
67 217 1
142 218 2
47 219 1
146 220 1
67 221 1
8 222 3
203 223 1
180 224 2
100 225 3
203 226 2
43 227 2
42 228 3
168 229 2
100 230 2
22 231 1
97 232 3
195 233 2
210 234 3
231 235 1
160 236 2
31 237 3
169 238 2
114 239 3
212 240 1
191 241 1
117 242 2
22 243 3
187 244 2
84 245 3
97 246 2
7 247 2
145 248 3
108 249 1
230 250 2
26 251 3
63 252 2
74 253 1
57 254 2
69 255 1
142 256 3
178 257 2
42 258 1
40 259 3
90 260 3
182 261 2
83 262 3
167 263 3
229 264 3
213 265 3
123 266 1
133 267 2
131 268 1
151 269 1
179 270 1
194 271 1
192 272 2
124 273 1
136 274 1
144 275 2
88 276 2
71 277 1
80 278 2
267 279 1
253 280 2
124 281 2
247 282 3
186 283 1
60 284 1
163 285 3
211 286 2
261 287 2
106 288 1
76 289 2
133 290 2
284 291 2
260 292 3
95 293 1
107 294 3
29 295 2
51 296 2
57 297 3
100 298 3
67 299 3
146 300 1
35 301 2
17 302 1
15 303 2
185 304 3
28 305 2
242 306 1
77 307 3
220 308 2
68 309 3
57 310 6
285 311 1
234 312 2
166 313 1
39 314 1
110 315 3
52 316 2
267 317 3
244 318 3
189 319 3
294 320 2
286 321 1
156 322 1
60 323 14
211 324 3
277 325 1
247 326 2
11 17 2
13 28 3
12 39 2
54 58 14
21 72 2
70 101 3
7 108 2
61 115 1
101 117 2
1 126 15
72 127 1
51 128 2
104 131 3
37 135 3
60 135 14
131 140 1
81 143 2
121 143 1
16 144 2
82 147 3
55 151 1
20 157 3
153 157 2
38 158 3
128 158 1
92 159 3
79 162 1
118 162 2
120 172 1
18 177 8
59 184 1
82 188 3
146 195 3
28 196 2
50 198 14
56 201 3
66 205 2
100 205 3
59 208 3
156 215 3
182 215 14
177 218 3
48 220 2
118 220 2
171 221 3
9 222 2
22 223 2
213 227 1
223 233 2
217 234 1
21 237 3
233 242 3
115 246 2
41 250 3
42 253 3
37 257 2
3 260 2
50 260 4
221 263 2
53 265 1
100 266 2
113 274 2
141 277 1
213 279 1
6 280 3
246 283 3
276 283 2
96 285 1
254 285 1
81 298 3
169 298 3
121 300 3
259 300 1
97 301 3
121 304 2
139 306 1
160 307 2
22 309 3
256 309 2
78 310 14
139 310 1
23 312 3
227 314 2
27 318 2
280 319 2
235 321 2
215 322 3
324 325 2
22 326 1
345 378 1
392 406 1
347 433 1
426 462 2
371 464 3
334 480 1
475 497 1
368 518 3
488 520 3
413 521 2
378 531 2
529 546 2
496 551 2
452 553 3
382 554 3
450 568 1
349 575 1
444 580 2
492 580 3
449 583 2
477 587 2
504 598 1
479 609 3
552 609 3
392 615 2
567 616 1
478 637 3
397 643 1
623 645 2
633 648 2
438 655 2
378 656 2
618 657 3
615 658 1
482 660 1
376 669 2
440 675 2
535 677 2
560 678 3
415 679 1
639 691 2
670 696 3
391 703 3
471 703 1
572 713 3
540 721 3
358 724 2
363 724 1
528 727 2
603 728 3
377 731 2
466 731 3
643 731 3
518 733 2
706 734 2
584 737 2
729 737 2
683 739 1
483 744 2
634 753 2
755 758 3
519 764 1
387 766 1
345 769 3
596 771 1
538 774 1
499 775 3
685 775 2
432 776 2
763 776 1
754 778 1
543 784 1
391 786 2
495 787 3
356 789 3
479 794 1
708 797 1
402 798 1
479 798 2
480 798 2
718 806 1
751 806 2
734 819 1
647 821 2
486 829 2
598 830 2
772 830 3
812 832 3
572 833 2
557 838 2
552 844 1
628 844 2
788 845 1
582 846 3
475 859 3
548 861 2
457 864 2
609 864 1
747 869 2
344 871 3
362 871 1
496 882 3
384 884 2
755 887 2
454 888 1
490 894 3
643 898 2
649 898 1
382 903 2
842 903 1
658 911 3
481 914 3
351 916 3
484 916 2
681 917 3
628 919 3
845 919 1
354 923 3
452 924 3
611 925 3
812 925 2
816 931 1
468 932 2
362 934 1
444 934 1
686 938 1
537 939 1
525 943 3
843 943 3
820 946 3
655 947 2
858 948 3
778 951 1
887 952 2
485 954 2
893 956 1
365 959 2
400 962 1
813 965 2
629 968 1
825 970 2
709 973 1
752 984 1
756 985 2
745 986 1
472 991 3
913 992 3
517 994 3
491 996 3
561 996 2
677 996 2
831 997 3
785 999 3
912 999 1
141 151 20 65 43 140 158 76 36 5 12 63 16 157 160 82 97 220 101 144 131 46 30 6 280 13 142
1 323 14
1 175 14
2 3 1
2 108 7
1 177 14
2 12 12
2 310 7
3 175 2
3 182 16