306 195 31 15 33
1 2 11
1 3 30
2 4 4
3 5 10
4 6 4
1 7 30
3 8 8
5 9 8
2 10 3
6 11 2
4 12 10
9 13 2
9 14 10
7 15 2
11 16 2
7 17 30
5 18 2
17 19 3
14 20 7
18 21 1
1 22 8
1 23 1
14 24 5
24 25 3
9 26 10
12 27 31
21 28 2
13 29 3
18 30 2
23 31 1
18 32 2
2 33 2
26 34 19
33 35 2
2 36 7
12 37 16
27 38 31
32 39 7
13 40 2
3 41 12
20 42 7
17 43 17
43 44 3
5 45 10
29 46 2
40 47 3
32 48 6
24 49 5
31 50 3
34 51 13
14 52 19
24 53 2
34 54 3
32 55 2
50 56 2
35 57 2
43 58 1
4 59 2
31 60 2
21 61 3
35 62 2
44 63 15
19 64 3
4 65 3
34 66 3
40 67 4
63 68 3
48 69 3
59 70 2
49 71 5
31 72 1
36 73 2
62 74 9
54 75 3
45 76 10
32 77 6
29 78 1
25 79 1
35 80 1
26 81 20
61 82 2
77 83 3
17 84 10
12 85 1
32 86 2
69 87 2
4 88 1
71 89 5
60 90 9
37 91 3
17 92 2
6 93 1
12 94 14
74 95 3
63 96 2
22 97 8
38 98 31
94 99 7
66 100 2
8 101 1
73 102 2
100 103 1
77 104 1
77 105 6
26 106 2
90 107 9
60 108 9
98 109 20
29 110 3
102 111 1
102 112 3
40 113 9
63 114 8
4 17 4
14 17 17
19 20 3
5 28 17
5 36 7
41 44 12
33 50 1
13 51 3
29 51 2
17 55 3
5 62 10
37 65 10
61 65 10
50 68 3
9 70 2
57 74 3
61 76 10
76 84 10
86 90 1
40 97 8
2 99 7
101 102 1
92 103 3
8 105 6
48 107 6
1 108 9
100 112 3
46 114 2
120 134 1
150 151 1
148 156 2
123 159 2
139 177 1
147 186 1
130 189 2
171 191 3
149 193 2
138 206 1
171 210 1
169 211 2
154 213 1
208 214 1
126 216 3
141 222 2
177 229 1
144 233 3
217 240 1
214 241 3
172 246 1
245 254 3
161 256 2
172 258 3
222 260 2
115 262 1
187 262 2
250 262 1
159 264 2
253 265 3
259 265 1
197 267 1
251 268 3
206 269 3
140 270 2
116 271 2
189 271 1
158 274 3
260 278 1
201 279 2
258 280 1
230 283 1
182 286 2
169 292 2
143 294 3
146 295 2
189 295 2
250 298 1
245 300 3
133 301 2
215 301 3
189 306 3
215 306 2
286 306 1
34 65 8 51 3 33 4 37 5 44 21 43 35 6 29 74 32 102 63 61 13 36 14 7 50 26 90 48 18 100 40
11 81 20
9 27 6
2 94 20
11 114 10
8 67 4
4 52 19
12 51 15
6 76 11
3 107 9
15 109 20
15 32 6
5 89 5
15 44 9
10 63 17
1 7 20
6 60 6
12 107 7
12 74 8
9 26 9
11 39 7
10 37 16
9 62 10
9 100 4
6 75 3
15 98 11
4 91 2
10 28 17
3 52 1
14 4 14
7 113 9
12 8 13
7 99 2
1 42 7