108 121 34 11 15
1 2 8
2 3 1
2 4 3
3 5 3
1 6 19
6 7 7
7 8 3
3 9 7
2 10 5
6 11 4
7 12 7
9 13 1
2 14 2
8 15 3
10 16 3
16 17 3
8 18 2
4 19 2
18 20 1
12 21 1
5 22 3
21 23 3
8 24 1
18 25 1
9 26 3
6 27 1
25 28 1
28 29 1
4 30 1
7 31 4
15 32 1
10 33 12
13 34 2
15 35 3
16 36 1
1 37 2
11 38 3
9 39 1
27 40 3
20 41 5
28 42 3
30 43 6
11 44 3
21 45 3
6 46 17
33 47 19
23 48 2
21 49 3
37 50 2
43 51 3
50 52 3
42 53 3
10 54 2
25 55 1
30 56 5
43 57 6
18 58 3
1 59 7
41 60 2
38 61 3
28 62 1
62 63 6
27 64 1
64 65 3
56 66 2
19 67 2
38 68 3
12 69 13
14 70 3
44 71 3
70 72 1
47 73 19
65 74 2
41 75 2
67 76 1
35 77 1
58 78 2
74 79 1
31 80 3
21 81 2
79 82 1
2 83 3
65 84 1
10 85 2
70 86 3
55 87 1
30 88 10
78 89 2
41 90 15
31 91 12
73 92 2
9 20 9
24 28 2
19 32 1
1 33 20
31 33 21
12 36 1
38 43 2
5 45 3
30 46 11
21 47 3
45 54 3
3 59 7
56 62 6
11 64 2
64 79 2
44 80 3
34 82 3
76 83 3
80 86 6
10 87 3
72 87 1
9 89 3
57 91 6
93 100 2
94 102 3
93 104 2
99 105 1
100 105 2
101 105 3
103 107 2
10 70 28 80 6 8 25 16 27 56 79 65 9 87 38 33 3 12 15 19 43 11 41 45 62 4 30 5 64 20 7 18 44 2
5 63 2
1 86 9
4 10 20
6 73 19
10 11 14
1 91 13
2 63 6
5 85 2
7 69 13
4 46 17
4 58 5
1 10 15
10 88 10
6 90 15
2 91 18