107 94 23 11 16
1 2 3
2 3 1
2 4 2
1 5 3
3 6 1
5 7 2
5 8 3
7 9 1
1 10 1
1 11 3
9 12 3
6 13 1
5 14 2
12 15 2
9 16 3
15 17 2
1 18 1
11 19 2
3 20 2
19 21 2
3 22 2
20 23 1
18 24 3
9 25 2
22 26 2
17 27 3
16 28 2
24 29 1
6 30 3
1 31 2
31 32 3
18 33 1
1 34 2
33 35 1
32 36 1
14 37 2
6 38 1
3 39 3
18 40 3
14 41 3
13 42 2
41 43 2
20 44 3
21 45 2
32 46 2
31 47 2
7 48 1
15 49 3
30 50 3
40 51 3
5 52 3
35 53 1
45 54 3
30 55 1
16 56 1
35 57 1
34 58 3
55 59 3
26 60 3
11 61 2
9 62 2
59 63 1
22 64 3
38 65 1
7 11 3
3 23 1
12 25 3
19 27 3
1 29 2
20 30 1
14 43 1
28 46 3
12 48 1
52 55 3
6 58 3
11 59 2
12 59 3
19 59 3
41 60 2
37 62 2
23 64 1
70 71 3
74 77 2
68 82 2
75 86 2
90 94 3
86 96 1
66 97 1
73 97 1
91 97 3
97 99 2
82 100 3
91 101 2
100 102 1
15 19 14 30 35 59 22 18 12 5 41 9 32 23 31 20 7 55 2 11 6 16 3
10 23 4
9 16 3
10 11 5
8 12 9
4 5 7
2 12 6
5 26 20
4 56 16
6 3 1
3 52 17
6 14 9
8 61 19
10 33 20
1 44 19
9 45 14
9 40 9