90 58 5 13 16
1 2 3
1 3 19
1 4 18
3 5 18
3 6 20
4 7 19
1 8 14
1 9 2
3 10 16
7 11 1
7 12 2
9 13 1
10 14 3
6 15 2
7 16 20
5 17 18
15 18 2
14 19 1
4 20 2
9 21 2
6 22 14
5 23 1
18 24 2
3 25 17
10 26 3
10 27 16
10 28 17
8 29 3
2 30 3
14 31 1
4 32 18
30 33 2
3 34 1
10 35 1
23 36 3
32 37 17
14 38 1
8 39 12
3 40 1
27 41 16
32 42 12
42 43 12
37 44 17
39 45 4
8 13 3
10 17 1
11 20 2
18 22 14
7 40 1
13 41 3
39 43 12
56 57 1
55 60 2
47 61 1
69 71 3
82 84 2
73 85 2
78 88 2
4 18 3 5 32
5 31 1
5 5 5
8 25 17
12 28 17
9 16 20
10 8 15
2 22 20
3 6 5
7 45 4
6 3 6
8 30 3
2 6 16
1 44 17
6 17 19
5 41 19
1 32 13