606 637 51 5 12
1 2 19
1 3 8
3 4 8
4 5 1
5 6 3
2 7 15
6 8 2
4 9 1
7 10 2
7 11 12
10 12 2
1 13 18
5 14 3
8 15 3
4 16 3
8 17 1
11 18 1
4 19 2
12 20 2
6 21 18
9 22 1
9 23 1
7 24 11
13 25 1
7 26 3
15 27 3
26 28 3
4 29 1
15 30 2
13 31 18
9 32 3
26 33 2
11 34 1
30 35 1
33 36 2
11 37 13
27 38 3
30 39 3
29 40 1
37 41 3
28 42 3
3 43 2
38 44 1
17 45 1
1 46 7
22 47 1
7 48 3
35 49 3
2 50 1
36 51 3
8 52 2
17 53 2
1 54 3
10 55 2
46 56 2
25 57 1
30 58 1
57 59 2
51 60 3
39 61 3
20 62 2
20 63 3
6 64 1
50 65 3
6 66 1
62 67 3
54 68 2
30 69 1
15 70 3
65 71 2
35 72 3
54 73 3
65 74 2
35 75 1
63 76 2
11 77 3
6 78 2
40 79 2
5 80 2
5 81 2
51 82 2
81 83 2
50 84 2
15 85 1
45 86 3
50 87 3
36 88 2
57 89 1
19 90 2
34 91 3
39 92 1
10 93 1
25 94 2
64 95 2
16 96 2
21 97 5
66 98 1
19 99 3
74 100 2
8 101 2
2 102 4
17 103 2
61 104 3
53 105 3
58 106 1
37 107 3
11 108 3
64 109 1
75 110 2
19 111 3
60 112 2
23 113 1
15 114 1
40 115 2
74 116 1
16 117 3
63 118 1
115 119 3
110 120 2
20 121 1
5 122 1
100 123 3
59 124 3
72 125 1
105 126 1
60 127 2
47 128 3
120 129 2
48 130 3
129 131 3
51 132 1
90 133 3
59 134 3
22 135 3
68 136 1
80 137 2
83 138 2
92 139 2
84 140 3
110 141 1
85 142 3
52 143 3
9 144 2
24 145 1
12 146 2
31 147 6
117 148 6
98 149 2
55 150 2
36 151 1
68 152 2
75 153 1
90 154 1
20 155 1
46 156 1
80 157 3
42 158 3
57 159 1
86 160 3
51 161 2
74 162 1
37 163 1
94 164 3
68 165 3
133 166 1
47 167 2
72 168 2
66 169 2
147 170 2
78 171 3
76 172 4
149 173 1
155 174 2
169 175 2
103 176 3
147 177 2
55 178 3
24 179 2
93 180 3
138 181 2
164 182 2
117 183 3
74 184 1
139 185 2
107 186 3
38 187 3
155 188 1
68 189 2
21 190 19
14 191 3
29 192 1
74 193 1
69 194 1
112 195 1
160 196 1
5 197 3
156 198 1
35 199 2
90 200 2
149 201 3
148 202 6
54 203 1
3 204 2
200 205 2
126 206 1
9 207 3
141 208 1
35 209 3
65 210 2
122 211 3
186 212 1
74 213 2
31 214 1
199 215 2
18 216 3
200 217 2
169 218 1
209 219 1
128 220 2
135 221 2
198 222 3
96 223 2
199 224 8
191 225 4
153 226 1
46 227 3
184 228 1
28 229 2
146 230 3
85 231 3
100 232 3
225 233 4
67 234 3
133 235 3
28 236 2
39 237 3
95 238 3
125 239 3
129 240 3
215 241 2
142 242 3
199 243 6
172 244 4
193 245 1
7 246 2
41 247 3
136 248 2
123 249 3
91 250 1
188 251 3
48 252 1
143 253 3
84 254 3
42 255 2
209 256 1
26 257 3
99 258 2
86 259 2
13 260 2
73 261 2
35 262 1
5 263 3
172 264 2
262 265 3
122 266 1
216 267 3
71 268 1
188 269 1
171 270 1
131 271 2
175 272 3
165 273 2
105 274 3
98 275 1
238 276 3
44 277 2
146 278 2
246 279 2
261 280 2
105 281 1
259 282 3
232 283 2
68 284 2
144 285 3
32 286 1
224 287 2
70 288 2
76 289 2
61 290 1
95 291 2
282 292 2
261 293 2
293 294 2
166 295 3
72 296 2
120 297 3
205 298 3
285 299 2
81 300 4
210 301 2
254 302 3
187 303 2
191 304 3
35 305 3
129 306 2
4 307 2
299 308 3
190 309 2
129 310 3
164 311 1
68 312 2
33 313 1
307 314 1
131 315 2
78 316 3
285 317 3
238 318 3
89 319 1
65 320 2
92 321 3
304 322 2
24 323 3
210 324 3
271 325 3
127 326 1
166 327 2
202 328 6
293 329 1
30 330 2
18 331 2
89 332 2
245 333 3
237 334 1
222 335 3
155 336 3
308 337 2
282 338 1
276 339 2
147 340 1
114 341 1
109 342 2
325 343 2
229 344 1
322 345 2
70 346 1
145 347 2
209 348 1
308 349 3
303 350 1
144 351 1
256 352 2
109 353 2
16 354 3
348 355 2
104 356 3
91 357 3
86 358 3
54 359 1
85 360 3
315 361 1
269 362 1
21 363 4
153 364 2
23 365 1
261 366 1
146 367 2
126 368 6
160 369 1
292 370 2
78 371 1
204 372 2
205 373 2
149 374 2
219 375 3
184 376 1
70 377 3
91 378 2
216 379 1
275 380 2
187 381 3
26 382 2
244 383 2
186 384 2
339 385 1
292 386 1
6 387 1
259 388 2
177 389 2
368 390 5
381 391 2
270 392 3
64 393 3
253 394 3
276 395 1
231 396 3
271 397 1
344 398 1
271 399 3
354 400 2
283 401 2
8 402 3
313 403 1
10 404 3
82 405 2
100 406 2
367 407 2
18 408 3
229 409 3
215 410 3
229 411 1
337 412 1
324 413 2
289 414 1
39 415 2
205 416 2
246 417 2
181 418 2
321 419 3
250 420 3
107 421 1
369 422 2
328 423 6
390 424 5
41 425 1
375 426 3
259 427 3
280 428 3
402 429 2
28 430 2
224 431 8
239 432 1
81 433 8
299 434 1
333 435 1
88 436 1
373 437 2
52 438 2
7 439 2
235 440 3
227 441 2
380 442 2
117 443 2
329 444 1
103 445 2
342 446 2
265 447 3
250 448 1
430 449 1
272 450 3
161 451 3
99 452 2
397 453 1
28 454 2
408 455 3
161 456 1
102 457 4
181 458 1
21 37 19
54 57 3
60 73 3
48 77 3
103 105 3
64 108 3
56 114 3
76 118 3
117 126 5
15 128 3
46 138 4
131 142 2
117 147 6
104 159 3
31 162 12
32 162 9
149 162 6
142 168 3
97 177 5
134 177 3
140 179 1
68 191 5
99 191 3
134 192 1
2 200 3
51 203 1
137 204 1
27 213 3
198 213 3
143 214 3
16 217 2
132 217 1
65 219 1
159 229 1
177 229 2
207 237 2
42 241 2
134 244 3
110 247 3
239 255 1
4 257 3
136 258 3
93 263 1
98 263 2
130 267 1
214 272 1
127 273 3
57 275 2
235 277 2
149 278 2
22 280 2
175 281 2
198 282 1
34 283 2
69 283 3
102 288 1
12 289 3
268 289 2
14 291 3
76 300 4
40 304 3
244 312 3
228 313 3
10 314 3
89 318 1
113 318 1
72 333 3
264 337 1
110 339 2
8 345 1
337 349 3
308 350 2
287 352 2
301 352 2
161 355 3
326 359 3
151 361 1
332 363 4
103 365 1
323 365 1
235 367 3
360 367 1
295 368 3
318 369 1
329 369 1
366 370 2
160 372 1
245 374 2
287 376 2
352 377 3
78 379 2
227 379 3
359 381 3
122 386 1
230 392 1
205 394 3
346 394 2
378 394 1
322 395 2
351 396 1
378 399 1
186 402 2
51 405 3
385 405 1
57 406 3
24 411 2
409 412 2
157 416 3
179 418 3
81 420 3
235 420 3
243 423 6
333 424 5
233 426 4
310 426 2
415 430 2
431 433 8
209 437 2
221 439 3
305 444 3
354 444 3
426 444 3
268 445 2
116 446 3
339 446 3
79 447 2
384 447 2
292 448 1
58 449 1
139 451 3
285 451 2
332 451 4
373 451 2
185 452 2
145 455 1
80 457 2
447 457 3
401 458 3
470 476 2
459 492 1
481 492 2
479 498 3
485 499 2
473 513 1
514 520 1
504 521 1
459 535 1
529 535 1
507 537 2
480 538 3
535 541 3
516 547 3
492 551 1
478 556 3
459 557 3
521 560 2
462 563 1
549 563 1
520 564 3
544 565 3
533 566 2
537 569 1
524 570 2
478 571 2
505 571 2
513 573 1
536 575 1
558 577 1
532 586 3
556 589 2
509 591 1
473 594 3
524 594 1
584 595 2
541 598 1
508 600 3
548 601 1
495 602 3
509 603 3
564 606 3
35 162 359 175 224 42 25 177 133 69 149 246 373 16 161 457 308 199 114 184 54 271 98 285 136 164 55 50 299 34 11 187 41 367 205 239 122 339 2 186 27 146 214 381 394 368 292 244 446 420 282
5 191 9
4 254 3
4 424 1
1 247 5
2 149 8
2 24 15
3 244 7
1 190 19
1 224 16
5 99 3
5 126 11
1 32 12