93 112 5 15 35
1 2 14
2 3 5
1 4 19
3 5 2
1 6 3
1 7 15
7 8 1
1 9 8
8 10 4
3 11 11
1 12 19
1 13 3
5 14 12
8 15 3
8 16 3
4 17 3
17 18 3
11 19 3
4 20 9
6 21 4
15 22 3
20 23 9
2 24 19
5 25 13
1 26 20
5 27 3
6 28 3
5 29 3
16 30 10
30 31 4
22 32 3
23 33 9
3 34 19
7 35 3
12 36 14
36 37 14
7 38 3
25 39 13
24 40 5
25 41 14
21 42 5
12 43 9
19 44 3
37 45 14
34 46 20
25 47 15
31 48 4
47 49 18
13 50 3
38 51 2
4 52 1
4 53 18
19 54 2
40 55 6
35 56 1
46 57 18
5 58 2
45 59 14
43 60 9
1 61 1
46 62 3
6 63 3
38 64 3
59 65 3
24 66 2
45 67 3
46 68 20
5 69 1
19 70 2
59 71 1
33 72 9
54 73 3
36 74 3
37 75 1
58 76 3
24 77 13
77 78 1
15 79 3
47 80 1
4 81 16
29 82 12
39 83 1
39 84 13
78 85 1
72 86 3
84 87 13
41 88 4
3 26 18
8 26 14
17 31 3
5 40 12
42 44 3
30 47 10
31 49 1
50 51 3
47 53 18
1 55 19
53 56 3
10 59 4
16 59 7
29 60 9
18 63 2
1 64 1
21 66 1
14 69 1
61 69 1
28 72 1
57 73 18
34 76 1
34 79 1
3 82 4
48 82 4
40 59 47 12 4
14 82 20
1 68 20
11 12 19
1 49 18
2 3 13
10 77 9
12 30 10
1 7 14
15 72 10
15 42 8
5 55 18
6 77 13
7 87 13
14 13 3
15 49 10
5 9 8
6 41 14
7 36 3
6 51 3
12 51 4
11 73 16
8 11 11
13 81 16
14 39 7
14 77 11
1 59 18
6 14 13
1 72 3
15 5 17
14 53 6
11 19 7
14 88 4
1 2 7
12 4 15
9 8 16