291 121 4 9 10
1 2 20
1 3 10
1 4 21
4 5 1
3 6 2
6 7 3
4 8 22
3 9 3
5 10 1
3 11 9
8 12 3
6 13 3
13 14 3
12 15 1
13 16 1
8 17 3
8 18 20
12 19 3
5 20 8
8 21 19
11 22 9
11 23 2
1 24 1
5 25 2
16 26 3
26 27 3
4 28 3
18 29 3
25 30 2
2 31 1
5 32 9
9 33 2
19 34 1
24 35 1
32 36 15
12 37 3
12 38 1
13 39 3
37 40 2
6 41 3
12 42 3
11 43 3
36 44 3
1 45 8
42 46 2
31 47 2
16 48 2
41 49 2
42 50 2
48 51 1
7 16 2
2 26 2
13 32 1
19 32 5
19 33 3
31 33 3
21 38 19
16 39 2
31 41 3
22 44 4
32 45 8
45 47 3
34 49 2
40 49 2
10 50 1
20 51 8
44 51 4
67 75 1
72 83 1
65 90 2
62 92 3
82 101 1
90 102 3
83 112 3
101 116 3
125 130 1
66 131 3
84 135 1
82 145 3
54 152 1
117 156 1
108 162 1
138 170 1
152 172 2
102 174 3
66 175 2
74 177 2
104 183 3
188 190 3
58 191 3
59 197 2
71 197 2
102 211 1
93 229 3
116 230 2
183 230 3
223 230 3
66 232 2
129 242 3
103 244 1
164 245 1
238 245 2
197 248 3
59 249 3
61 250 2
100 251 2
104 255 3
123 257 3
211 258 2
90 259 2
198 259 3
154 262 1
216 270 2
102 272 3
203 274 2
56 276 2
116 283 2
215 285 2
272 287 1
230 288 3
83 289 1
42 33 32 51
6 36 18
7 20 3
1 51 12
1 21 18
2 26 2
7 2 20
2 38 19
7 18 20
2 22 12
4 44 1