110 98 16 5 10
1 2 2
1 3 8
2 4 3
3 5 1
1 6 12
1 7 8
2 8 2
4 9 8
6 10 3
8 11 16
2 12 2
12 13 3
9 14 3
14 15 2
1 16 3
13 17 2
12 18 2
8 19 8
17 20 2
1 21 10
4 22 15
19 23 1
15 24 2
21 25 10
6 26 1
12 27 2
24 28 11
1 29 2
11 30 2
19 31 8
13 32 2
20 33 2
28 34 8
14 35 1
25 36 10
9 37 8
27 38 4
38 39 19
10 40 1
28 41 2
3 42 1
21 43 1
32 44 3
15 45 3
37 46 10
36 47 2
28 48 19
42 49 2
4 50 9
33 51 1
29 52 2
11 53 1
10 54 1
17 55 1
47 56 2
45 57 1
24 58 3
52 59 3
46 60 1
18 61 9
54 62 3
34 63 8
34 64 3
13 65 3
57 66 1
12 67 2
32 68 2
1 4 17
5 13 3
8 17 1
18 27 2
3 29 1
3 31 8
22 33 3
21 37 2
22 38 15
17 41 3
29 44 1
10 46 3
43 48 2
18 51 1
4 52 1
17 56 2
27 56 4
3 59 3
50 61 9
7 63 8
71 80 1
69 81 1
82 85 1
77 86 2
69 90 3
90 99 2
78 101 3
93 103 2
99 105 1
97 108 2
99 108 1
18 33 10 9 21 32 27 3 12 8 46 52 6 2 24 37
1 6 12
2 62 1
1 36 12
5 11 16
4 39 19
4 48 20
5 56 4
2 46 20
2 18 20
5 4 11