606 613 95 14 36
1 2 2
1 3 1
3 4 1
1 5 1
2 6 2
2 7 2
4 8 2
3 9 2
8 10 2
3 11 1
2 12 1
6 13 1
7 14 3
1 15 1
2 16 1
11 17 3
1 18 3
13 19 3
1 20 3
13 21 1
19 22 2
12 23 2
20 24 3
7 25 2
12 26 2
9 27 3
3 28 1
14 29 2
25 30 3
1 31 1
28 32 1
4 33 2
5 34 2
11 35 2
22 36 2
16 37 3
2 38 2
18 39 2
34 40 2
18 41 2
35 42 1
38 43 1
31 44 2
6 45 1
13 46 2
12 47 2
29 48 1
17 49 2
8 50 1
7 51 2
8 52 2
9 53 2
44 54 2
25 55 3
50 56 2
6 57 2
12 58 2
48 59 3
53 60 1
59 61 2
46 62 2
56 63 2
53 64 2
50 65 3
14 66 3
40 67 1
40 68 1
9 69 1
59 70 2
33 71 2
46 72 3
10 73 1
64 74 3
17 75 3
34 76 2
54 77 1
73 78 1
61 79 1
7 80 2
29 81 2
70 82 2
62 83 2
63 84 3
59 85 1
42 86 1
80 87 2
35 88 1
72 89 3
82 90 3
54 91 3
74 92 2
47 93 1
88 94 3
35 95 3
13 96 3
69 97 1
42 98 3
67 99 3
85 100 3
47 101 3
97 102 2
11 103 2
6 104 2
41 105 3
42 106 3
79 107 1
53 108 2
103 109 3
67 110 2
80 111 1
78 112 1
53 113 3
83 114 2
30 115 3
38 116 3
104 117 3
103 118 3
13 119 1
108 120 1
17 121 2
67 122 1
116 123 1
121 124 1
104 125 1
57 126 2
1 127 3
49 128 3
49 129 1
67 130 2
8 131 3
92 132 2
90 133 1
6 134 1
17 135 2
35 136 1
101 137 2
8 138 2
23 139 2
53 140 3
41 141 2
53 142 2
100 143 1
139 144 2
43 145 1
114 146 1
4 147 3
143 148 1
85 149 3
103 150 3
90 151 2
51 152 3
122 153 1
41 154 2
100 155 3
21 156 2
50 157 3
70 158 2
143 159 2
73 160 1
62 161 1
110 162 1
4 163 1
37 164 2
53 165 1
135 166 3
113 167 2
138 168 3
15 169 2
79 170 3
89 171 2
157 172 1
40 173 2
27 174 3
26 175 2
174 176 2
40 177 1
21 178 2
148 179 2
42 180 3
70 181 3
78 182 3
35 183 1
50 184 2
39 185 3
162 186 1
6 187 1
41 188 2
30 189 2
50 190 2
62 191 1
55 192 2
142 193 2
147 194 3
68 195 3
142 196 3
8 197 1
121 198 1
168 199 2
61 200 2
45 201 1
191 202 2
127 203 3
101 204 3
13 205 1
144 206 3
133 207 2
57 208 3
62 209 2
2 210 1
2 211 3
137 212 1
52 213 1
174 214 2
129 215 3
30 216 3
146 217 1
185 218 3
27 219 1
61 220 3
126 221 1
130 222 1
136 223 3
90 224 2
89 225 3
198 226 1
56 227 1
118 228 1
85 229 1
5 230 1
194 231 2
124 232 3
1 233 2
202 234 2
113 235 3
108 236 3
158 237 1
136 238 3
144 239 3
14 240 3
238 241 2
216 242 1
188 243 3
196 244 2
224 245 1
79 246 1
203 247 1
172 248 3
24 249 3
208 250 3
202 251 1
175 252 2
116 253 3
232 254 2
244 255 2
17 256 2
203 257 1
242 258 2
3 259 2
73 260 3
256 261 3
14 262 1
83 263 1
166 264 1
200 265 1
246 266 2
67 267 3
3 268 1
68 269 1
233 270 3
136 271 3
207 272 1
183 273 1
130 274 2
9 275 1
74 276 1
213 277 3
21 278 3
224 279 2
32 280 3
106 281 2
74 282 3
190 283 3
227 284 2
90 285 3
112 286 2
239 287 3
52 288 1
134 289 3
244 290 1
31 291 2
243 292 1
291 293 2
186 294 1
128 295 1
239 296 1
224 297 2
179 298 3
275 299 1
122 300 2
32 301 3
63 302 3
15 303 2
62 304 3
174 305 2
143 306 2
66 307 2
160 308 3
180 309 3
56 310 2
9 311 1
18 312 1
52 313 3
289 314 2
268 315 1
245 316 3
91 317 2
101 318 2
271 319 3
287 320 1
151 321 3
28 322 1
274 323 1
88 324 3
4 325 2
126 326 1
124 327 3
181 328 2
127 329 2
324 330 1
128 331 2
255 332 1
167 333 1
32 334 1
8 335 1
104 336 3
203 337 1
90 338 3
149 339 2
125 340 2
320 341 2
249 342 3
54 343 1
250 344 1
277 345 2
234 346 1
175 347 3
97 348 1
90 349 2
106 350 1
164 351 3
250 352 2
231 353 2
218 354 3
273 355 3
31 356 2
118 357 1
320 358 3
191 359 1
166 360 3
197 361 1
175 362 2
131 363 2
268 364 3
319 365 2
312 366 1
196 367 3
73 368 1
145 369 2
176 370 3
7 371 3
195 372 2
355 373 2
215 374 1
20 375 3
336 376 3
5 377 3
114 378 1
138 379 3
357 380 2
65 381 2
163 382 3
148 383 2
52 384 2
298 385 1
141 386 1
184 387 2
136 388 3
284 389 2
11 390 3
72 391 3
27 392 3
105 393 2
297 394 2
335 395 2
307 396 1
264 397 1
84 398 1
297 399 3
389 400 2
100 401 3
383 402 2
204 403 3
267 404 1
104 405 3
179 406 1
219 407 2
22 408 1
367 409 1
28 410 1
5 411 1
316 412 2
370 413 2
303 414 1
10 415 2
4 416 1
151 417 3
147 418 2
396 419 1
410 420 2
358 421 3
266 422 2
91 423 1
410 424 3
189 425 1
332 426 3
44 427 2
11 428 2
267 429 1
240 430 2
416 431 1
297 432 1
410 433 1
136 434 2
94 435 3
17 436 2
227 437 2
433 438 2
213 439 3
67 440 3
189 441 3
384 442 1
58 443 2
257 444 2
369 445 2
407 446 3
160 447 1
174 448 2
72 449 2
400 450 1
218 451 2
8 21 1
61 63 1
56 66 3
40 69 1
21 75 3
15 79 1
13 90 3
51 107 1
86 117 2
58 142 2
74 144 1
40 147 2
148 149 1
100 157 3
63 158 2
103 167 3
106 171 3
147 172 1
102 174 3
153 184 2
5 186 1
123 187 1
161 197 3
47 201 3
74 202 1
14 205 2
78 213 3
162 215 1
176 215 3
173 216 1
83 219 2
45 220 2
70 222 3
76 222 3
15 223 3
19 231 1
189 231 1
9 237 3
234 238 3
84 251 1
42 252 1
35 254 2
57 258 2
112 259 1
188 262 1
71 263 1
8 266 1
36 266 1
214 267 2
52 272 1
189 278 3
10 279 1
64 280 3
141 280 3
8 281 3
45 284 1
16 287 1
8 292 2
54 295 3
268 295 3
48 297 1
58 301 2
164 306 1
174 310 2
113 319 2
121 321 1
71 323 2
254 327 3
314 328 3
238 329 2
114 330 2
211 330 3
202 334 1
310 334 3
248 336 3
296 339 3
117 342 1
79 343 1
264 344 2
247 346 1
76 348 2
268 355 2
265 361 3
242 364 2
79 365 1
362 365 1
244 373 2
194 378 1
371 382 2
306 387 1
3 388 2
144 389 3
98 392 1
340 393 1
263 395 1
125 399 1
164 405 3
316 405 1
97 407 2
375 407 1
4 408 1
405 409 1
305 412 1
136 414 1
309 415 2
257 418 1
381 419 1
121 422 3
175 422 3
36 427 1
154 429 3
365 429 3
344 431 1
426 435 1
115 439 1
242 439 3
106 442 3
329 442 2
25 449 1
444 451 2
478 481 1
453 482 3
455 485 3
458 492 1
457 503 3
492 504 1
461 506 2
454 508 3
491 511 1
457 515 2
507 518 3
504 520 3
456 524 3
510 525 2
454 529 2
464 530 3
485 538 1
540 542 2
480 545 2
502 549 2
527 552 3
492 553 3
479 557 1
506 557 3
497 560 1
490 561 2
519 562 1
454 563 3
528 565 2
530 565 2
464 567 1
561 571 1
509 572 2
492 575 1
461 577 1
484 581 1
518 583 1
488 585 2
505 587 3
555 592 2
508 599 1
521 601 2
475 604 1
89 30 179 188 101 196 20 405 215 147 21 66 142 8 254 25 78 138 52 268 11 175 122 136 6 76 88 263 191 124 422 242 266 19 104 164 113 32 344 127 84 63 73 144 117 297 67 59 57 231 244 83 203 194 14 218 112 97 72 29 442 310 250 5 118 3 222 121 329 202 40 162 186 80 219 17 227 267 174 69 56 15 319 316 35 126 234 38 106 264 46 2 12 128 306
9 411 13
11 209 11
6 202 11
6 299 12
10 84 2
13 197 2
1 316 4
9 23 5
9 267 20
11 57 9
1 139 20
13 190 13
4 36 7
14 85 1
6 146 20
5 408 18
2 252 1
7 312 16
4 114 10
6 399 20
10 448 18
10 272 15
11 267 11
9 47 1
3 388 15
9 86 12
7 78 17
12 442 20
4 111 13
1 304 11
14 322 2
14 347 9
8 286 8
6 87 6
2 400 4
6 400 13