297 275 63 6 16
1 2 20
1 3 5
1 4 14
4 5 14
1 6 7
2 7 11
2 8 10
7 9 3
5 10 16
10 11 3
2 12 9
12 13 14
5 14 3
8 15 8
9 16 2
15 17 8
13 18 4
2 19 3
8 20 1
13 21 1
21 22 2
7 23 3
12 24 3
10 25 3
16 26 2
8 27 1
3 28 3
28 29 2
18 30 2
10 31 1
29 32 2
5 33 3
3 34 2
26 35 3
32 36 3
7 37 1
33 38 3
7 39 14
3 40 3
14 41 3
4 42 1
28 43 3
17 44 8
4 45 2
4 46 14
28 47 1
46 48 14
30 49 2
39 50 2
1 51 15
19 52 1
37 53 1
51 54 15
13 55 19
40 56 3
12 57 6
26 58 2
43 59 3
3 60 3
34 61 2
5 62 3
48 63 6
28 64 2
64 65 3
53 66 3
29 67 3
49 68 3
13 69 4
63 70 2
29 71 3
61 72 1
3 73 3
41 74 1
45 75 3
8 76 1
59 77 2
24 78 5
16 79 3
43 80 2
42 81 3
65 82 2
28 83 2
15 84 3
49 85 1
34 86 2
48 87 3
30 88 3
76 89 3
22 90 1
8 91 3
34 92 2
22 93 3
22 94 3
75 95 1
71 96 2
62 97 2
31 98 3
29 99 2
9 100 1
78 101 12
90 102 2
19 103 2
88 104 1
77 105 2
64 106 3
6 107 2
103 108 3
72 109 3
1 110 2
51 111 14
18 112 1
16 113 3
59 114 1
82 115 2
68 116 3
84 117 3
109 118 2
102 119 1
35 120 1
67 121 3
91 122 3
20 123 3
94 124 1
95 125 3
104 126 3
76 127 3
53 128 3
84 129 3
76 130 1
101 131 5
103 132 3
111 133 14
24 134 2
134 135 2
104 136 3
74 137 2
34 138 2
63 139 11
68 140 3
87 141 2
122 142 1
74 143 3
102 144 3
99 145 3
90 146 2
48 147 2
97 148 2
116 149 1
55 150 1
37 151 3
115 152 3
134 153 2
117 154 3
63 155 6
39 156 3
84 157 1
96 158 2
153 159 2
41 160 3
16 161 3
100 162 3
123 163 2
129 164 3
36 165 3
17 166 1
44 167 3
152 168 2
31 169 2
152 170 2
154 171 3
66 172 3
155 173 2
144 174 2
20 175 1
112 176 2
65 177 2
146 178 2
44 179 16
27 180 1
177 181 3
82 182 2
52 183 1
56 184 2
153 185 1
127 186 1
133 187 17
161 188 1
5 189 2
79 190 3
119 191 2
70 192 2
133 193 3
72 194 1
181 195 2
57 196 2
11 32 3
31 46 2
6 57 7
6 74 2
62 74 2
58 78 4
16 85 2
18 89 3
59 89 2
66 91 1
61 96 2
69 99 2
94 100 2
30 102 3
39 105 4
86 105 2
29 112 3
69 113 3
64 124 1
63 126 1
75 126 2
58 127 2
104 128 1
116 131 5
129 132 3
104 133 3
7 136 3
76 137 3
70 143 2
33 152 3
91 155 1
65 156 3
117 158 1
56 159 3
58 159 4
141 164 2
76 165 3
64 168 2
48 169 2
160 170 3
126 171 2
143 171 1
21 172 2
151 175 1
26 176 1
126 176 2
83 177 3
119 177 2
38 178 2
62 181 2
59 186 2
153 191 1
9 192 2
72 192 3
105 192 4
14 194 5
142 194 3
155 194 6
201 216 3
208 221 3
213 225 3
219 230 1
213 237 2
214 237 3
200 245 3
239 255 2
214 256 2
209 263 1
210 266 2
198 267 1
206 268 2
240 269 3
228 271 2
236 272 2
254 273 1
259 275 1
200 283 2
209 287 3
241 289 2
266 291 3
68 177 46 103 9 61 14 129 69 176 72 51 8 82 91 116 159 96 3 22 143 39 44 6 65 12 64 100 75 126 31 28 7 78 37 84 53 43 15 117 112 56 20 133 26 49 16 17 89 94 66 63 10 153 21 59 119 29 30 5 70 4 32
4 30 5
4 139 11
2 39 18
4 7 16
2 10 13
2 179 16
1 14 1
4 48 11
2 55 19
5 187 17
5 54 15
4 57 12
3 49 1
2 79 1
3 101 12
6 116 11