1000 603 96 4 4
1 2 4
1 3 3
1 4 3
4 5 3
5 6 1
5 7 2
5 8 3
7 9 2
5 10 1
1 11 21
7 12 2
3 13 3
6 14 2
8 15 1
12 16 3
7 17 1
17 18 1
11 19 7
2 20 2
14 21 3
21 22 3
6 23 3
5 24 2
9 25 1
18 26 2
10 27 2
27 28 3
25 29 1
9 30 2
10 31 1
14 32 2
3 33 3
22 34 2
17 35 3
6 36 2
6 37 3
10 38 3
17 39 3
4 40 2
6 41 2
25 42 3
39 43 1
14 44 1
32 45 1
21 46 1
23 47 3
44 48 2
30 49 2
18 50 1
38 51 3
42 52 2
36 53 2
6 54 3
51 55 3
3 56 2
31 57 1
30 58 3
24 59 1
2 60 1
3 61 3
15 62 1
49 63 2
34 64 1
27 65 1
52 66 3
16 67 3
47 68 3
53 69 2
9 70 3
29 71 1
6 72 1
19 73 1
11 74 16
11 75 2
50 76 1
36 77 2
74 78 7
6 79 3
36 80 1
48 81 1
75 82 3
35 83 3
24 84 1
22 85 3
84 86 1
66 87 2
49 88 2
41 89 3
4 90 1
18 91 1
19 92 2
85 93 2
44 94 2
19 95 14
17 96 2
56 97 1
20 98 3
43 99 2
2 100 2
36 101 2
37 102 3
30 103 1
84 104 3
36 105 3
3 106 2
74 107 2
6 108 3
69 109 3
80 110 3
107 111 3
57 112 3
50 113 1
54 114 3
10 115 2
82 116 1
78 117 7
71 118 1
44 119 3
4 120 3
30 121 1
100 122 2
36 123 2
18 124 3
56 125 3
55 126 1
96 127 2
65 128 3
3 129 3
52 130 2
4 131 3
120 132 3
109 133 1
77 134 3
98 135 1
44 136 2
54 137 1
2 138 3
44 139 1
60 140 3
51 141 1
131 142 3
82 143 3
141 144 3
123 145 1
42 146 3
100 147 3
146 148 3
12 149 3
70 150 2
89 151 3
38 152 3
58 153 1
75 154 2
31 155 1
153 156 3
111 157 2
129 158 1
132 159 2
15 160 2
22 161 1
158 162 1
27 163 1
124 164 1
129 165 3
104 166 3
78 167 1
57 168 3
97 169 1
118 170 1
145 171 1
88 172 3
142 173 3
46 174 1
3 175 3
117 176 7
94 177 3
66 178 3
61 179 3
49 180 1
80 181 2
66 182 2
120 183 2
68 184 1
124 185 3
183 186 1
20 187 1
83 188 2
107 189 2
95 190 14
82 191 3
190 192 3
88 193 1
74 194 10
131 195 2
9 196 3
65 197 3
182 198 1
51 199 2
13 200 1
77 201 2
138 202 2
84 203 1
160 204 2
21 205 3
85 206 3
40 207 1
62 208 2
194 209 20
3 210 3
136 211 2
154 212 2
151 213 1
107 214 1
82 215 3
101 216 1
15 217 1
205 218 2
195 219 2
192 220 3
178 221 2
211 222 3
191 223 3
32 224 2
96 225 3
119 226 3
199 227 2
34 228 3
104 229 1
29 230 3
176 231 7
134 232 1
73 233 3
191 234 3
132 235 1
109 236 2
18 237 1
180 238 2
3 239 2
61 240 3
118 241 3
186 242 1
161 243 2
32 244 3
128 245 2
52 246 3
140 247 1
207 248 3
187 249 2
73 250 1
230 251 2
244 252 3
223 253 1
200 254 3
227 255 2
155 256 1
170 257 1
231 258 2
37 259 3
246 260 2
205 261 2
56 262 1
153 263 2
188 264 2
142 265 3
46 266 3
102 267 3
162 268 2
110 269 2
88 270 3
88 271 1
220 272 3
239 273 3
249 274 3
151 275 2
192 276 3
138 277 3
57 278 3
63 279 1
167 280 3
87 281 3
100 282 2
199 283 1
72 284 2
227 285 2
125 286 3
210 287 1
52 288 2
251 289 2
20 290 3
206 291 2
151 292 2
58 293 3
120 294 2
253 295 2
165 296 1
97 297 3
212 298 3
106 299 3
114 300 1
167 301 2
48 302 2
208 303 3
70 304 2
208 305 1
178 306 1
107 307 2
260 308 14
217 309 2
111 310 1
141 311 3
279 312 3
242 313 3
28 314 1
21 315 1
179 316 3
80 317 3
87 318 1
94 319 2
146 320 1
279 321 2
33 322 3
9 323 2
281 324 1
280 325 1
165 326 2
135 327 2
22 328 3
174 329 1
88 330 1
299 331 2
94 332 3
329 333 3
92 334 2
34 335 2
331 336 1
241 337 2
328 338 2
290 339 2
296 340 3
261 341 1
251 342 3
308 343 14
63 344 2
88 345 2
129 346 1
57 347 1
57 348 3
139 349 1
20 350 3
152 351 1
255 352 2
86 353 1
36 354 2
231 355 7
279 356 3
118 357 2
130 358 3
244 359 3
340 360 2
171 361 1
166 362 1
347 363 2
259 364 3
165 365 1
128 366 1
322 367 3
271 368 2
28 31 2
18 49 3
8 94 3
29 98 2
31 103 2
102 104 2
40 115 2
88 116 1
76 119 2
70 133 3
1 147 1
61 147 1
7 149 2
13 150 3
158 159 2
79 166 2
81 168 3
113 168 1
106 169 1
70 172 2
30 174 2
146 178 1
90 181 2
17 186 3
73 187 1
78 193 3
52 194 3
2 197 2
136 203 3
196 203 3
197 212 2
10 214 1
183 214 1
178 218 3
121 223 1
225 227 1
90 228 1
130 230 2
43 236 3
223 237 2
236 241 3
149 245 1
60 247 1
61 253 2
117 256 1
238 260 3
157 261 1
42 272 2
70 273 1
268 278 1
227 281 1
69 283 1
128 283 1
15 284 2
99 284 3
194 286 3
4 287 1
10 289 2
149 293 2
122 299 2
101 300 1
283 301 2
88 305 2
65 311 1
240 314 2
226 322 2
98 325 1
188 328 3
57 329 3
244 331 1
136 332 1
166 332 1
213 332 2
77 335 1
252 335 1
226 337 2
238 338 1
340 348 2
272 350 2
190 352 1
260 355 7
274 356 1
172 357 1
26 359 2
234 360 2
116 361 2
181 362 2
199 362 3
294 366 2
193 367 2
431 441 2
411 442 1
422 443 3
442 473 1
412 475 3
435 481 2
406 486 3
388 494 1
399 496 2
404 502 2
410 503 3
390 513 2
490 513 2
433 535 1
426 537 1
409 548 2
451 558 2
439 567 1
379 589 2
545 593 2
387 599 1
535 601 3
481 607 1
426 608 3
610 618 2
474 619 3
619 627 1
476 631 2
522 631 3
412 634 3
635 643 1
626 660 3
637 664 2
638 664 3
439 665 1
574 667 1
595 667 3
369 671 2
645 673 1
617 685 1
422 696 3
440 704 3
484 709 1
389 718 2
473 729 3
652 738 3
520 745 1
495 748 2
635 748 1
416 750 2
589 752 2
692 755 2
599 760 1
454 762 1
749 765 1
452 767 3
678 768 3
629 770 1
754 775 2
728 776 1
438 777 3
652 781 2
496 782 2
503 791 3
634 792 1
412 795 2
501 800 2
390 802 2
460 807 2
701 808 3
756 813 3
667 818 1
397 820 2
480 820 2
815 822 1
650 832 1
378 833 1
813 835 3
605 840 1
654 840 2
414 841 1
587 842 1
656 846 2
697 847 3
720 849 2
839 851 2
518 852 2
804 852 1
828 854 3
402 859 3
844 859 1
576 861 3
716 863 1
467 868 2
710 871 2
771 873 2
414 875 3
695 876 2
384 878 1
515 879 2
854 880 1
658 883 1
809 883 2
870 883 2
755 888 2
808 889 1
714 892 1
788 893 3
842 896 3
709 904 3
481 909 2
887 914 3
441 915 1
565 921 1
386 928 3
600 932 1
575 933 1
475 934 3
829 934 2
372 937 2
805 938 2
528 942 2
652 942 1
722 942 2
519 948 2
740 950 2
637 952 3
823 955 1
902 956 3
538 957 3
579 966 2
380 969 1
808 970 1
915 971 3
457 973 1
416 975 1
669 976 1
754 976 3
894 984 2
818 987 2
704 992 2
908 992 2
948 992 1
680 994 3
705 995 3
605 997 3
78 51 151 332 199 260 340 241 97 166 172 146 52 49 17 251 131 22 168 30 186 191 147 73 34 90 227 281 11 223 226 272 299 37 253 77 194 96 6 104 128 80 15 230 40 46 124 82 107 19 66 149 7 279 167 205 94 231 116 54 32 65 28 9 130 119 203 141 75 188 214 106 56 87 88 120 100 36 117 25 322 212 174 31 14 2 142 18 158 335 61 109 57 238 44 74
3 209 20
2 190 17
2 343 14
1 104 1