610 448 72 8 22
1 2 19
2 3 4
3 4 3
1 5 18
2 6 19
4 7 2
7 8 3
4 9 1
5 10 9
2 11 15
1 12 18
12 13 14
3 14 1
11 15 1
13 16 2
1 17 1
16 18 3
7 19 6
15 20 3
7 21 3
18 22 1
9 23 2
6 24 2
7 25 3
5 26 2
20 27 3
24 28 3
14 29 2
18 30 2
18 31 3
30 32 2
6 33 3
29 34 2
20 35 5
10 36 2
25 37 3
37 38 3
19 39 6
11 40 2
39 41 9
4 42 13
7 43 4
20 44 1
25 45 1
14 46 1
36 47 3
9 48 1
1 49 1
6 50 19
48 51 3
3 52 2
47 53 2
2 54 12
15 55 3
38 56 1
28 57 2
29 58 2
5 59 7
53 60 3
43 61 7
41 62 1
10 63 5
20 64 2
41 65 3
52 66 2
14 67 1
62 68 1
10 69 3
4 70 3
50 71 19
30 72 3
10 73 1
70 74 3
74 75 1
44 76 3
18 77 2
17 78 3
22 79 3
61 80 7
11 81 16
14 82 1
21 83 1
10 84 3
37 85 3
45 86 2
35 87 6
72 88 3
74 89 3
39 90 4
26 91 1
13 92 10
42 93 3
60 94 1
87 95 6
13 96 4
71 97 1
70 98 2
89 99 1
7 100 2
89 101 2
84 102 1
98 103 3
98 104 3
41 105 3
7 106 2
29 107 1
70 108 3
56 109 2
12 110 2
60 111 1
4 112 3
47 113 3
99 114 2
7 115 1
66 116 1
20 117 14
16 118 1
116 119 1
25 120 1
4 121 2
41 122 2
29 123 1
121 124 2
91 125 3
63 126 5
56 127 2
42 128 2
120 129 2
13 130 1
112 131 2
6 132 3
27 133 2
54 134 3
103 135 1
22 136 3
110 137 2
33 138 1
94 139 1
99 140 2
113 141 2
76 142 3
133 143 1
128 144 2
23 145 1
90 146 4
105 147 2
117 148 1
32 149 2
79 150 3
48 151 3
135 152 2
83 153 2
65 154 2
145 155 2
144 156 2
59 157 7
146 158 3
7 159 1
7 160 1
76 161 3
137 162 1
131 163 2
129 164 1
16 165 3
109 166 17
138 167 1
163 168 3
67 169 1
62 170 1
17 171 1
51 172 2
90 173 3
32 174 3
42 175 11
36 176 3
95 177 14
24 178 1
65 179 1
81 180 15
159 181 5
119 182 5
30 183 3
178 184 1
12 185 1
123 186 3
65 187 1
88 188 3
35 189 3
124 190 1
5 191 5
71 192 6
113 193 3
102 194 2
193 195 3
12 196 2
109 197 2
70 198 1
155 199 1
125 200 3
182 201 5
102 202 2
134 203 2
20 204 3
10 205 2
60 206 1
80 207 1
161 208 3
152 209 1
14 210 3
112 211 2
211 212 1
148 213 3
13 214 1
21 215 11
24 216 3
127 217 2
92 218 10
8 219 3
9 220 3
76 221 3
217 222 3
16 223 2
78 224 1
43 225 2
71 226 14
179 227 1
95 228 1
120 229 1
41 230 15
192 231 2
64 232 2
79 233 1
175 234 2
186 235 3
188 236 3
163 237 2
208 238 2
21 239 9
117 240 1
210 241 1
214 242 2
74 243 3
48 244 2
213 245 1
35 246 19
81 247 3
213 248 3
21 249 9
38 250 1
202 251 2
137 252 1
231 253 1
64 254 1
2 255 2
119 256 1
218 257 3
166 258 1
32 259 1
232 260 2
62 261 1
172 262 3
249 263 13
14 264 3
23 265 2
211 266 3
196 267 3
160 268 3
264 269 3
78 270 1
132 271 3
98 272 3
95 273 3
241 274 3
182 275 3
261 276 2
242 277 3
181 278 5
54 279 1
116 280 2
280 281 1
112 282 2
244 283 2
155 284 1
186 285 1
117 286 14
236 287 3
208 288 3
134 289 2
159 290 10
216 291 2
146 292 2
191 293 3
269 294 3
266 295 2
134 296 3
147 297 3
145 298 2
108 299 3
165 300 1
174 301 1
119 302 1
12 30 4
19 30 1
30 55 1
53 57 2
64 66 3
31 68 1
12 72 3
13 77 2
5 80 7
49 84 2
84 85 3
40 89 2
52 100 3
95 109 16
46 116 1
107 123 1
109 127 3
29 129 3
81 130 3
117 131 3
97 137 2
86 139 2
96 146 4
18 149 3
121 149 2
63 151 2
101 151 1
135 159 1
126 182 5
170 182 1
53 186 3
58 187 6
29 188 5
74 190 3
92 192 6
4 200 3
147 204 2
110 205 1
165 208 3
215 219 2
12 221 2
20 226 14
60 226 1
177 226 14
139 235 3
151 237 3
125 239 2
157 239 7
148 243 1
65 248 3
71 249 5
109 251 1
250 256 2
112 259 2
156 260 2
32 261 2
240 262 3
114 266 3
60 271 3
66 276 2
224 277 3
191 278 5
104 280 3
64 281 2
186 281 1
189 283 2
123 287 3
78 289 2
30 294 3
2 301 13
187 301 13
312 343 3
345 367 2
368 377 3
394 404 3
384 409 3
395 414 1
365 423 2
317 425 2
316 428 1
333 433 3
373 433 1
306 446 3
306 452 2
436 454 3
312 457 2
428 457 1
401 459 1
454 471 1
412 473 1
411 474 2
419 474 2
368 477 3
410 479 1
369 480 1
359 481 3
327 485 1
307 499 3
322 500 2
414 506 3
498 508 3
331 509 1
453 520 2
472 520 2
503 526 3
390 528 2
411 528 1
348 539 1
508 539 3
367 542 2
524 542 1
352 546 3
350 548 2
322 550 2
487 550 3
411 555 2
307 558 2
474 558 3
330 560 2
403 564 2
521 564 1
348 565 3
448 565 2
449 567 3
482 570 2
438 574 2
326 576 3
361 581 1
495 581 3
342 586 2
479 588 1
439 589 3
388 590 1
549 590 2
554 590 3
562 590 1
556 593 1
575 596 3
360 598 1
529 598 2
589 601 1
318 602 3
540 603 2
479 608 2
510 608 2
511 608 2
318 610 3
35 71 15 79 74 9 64 5 112 110 19 43 41 211 149 239 90 139 188 119 95 17 117 39 22 163 13 25 84 20 24 3 281 134 21 14 7 129 65 47 72 11 99 32 109 16 120 23 146 159 30 186 147 191 76 80 266 4 261 56 213 192 89 148 92 165 131 102 53 187 249 63
4 29 7
2 218 10
5 263 13
8 119 7
8 146 2
1 286 14
2 235 5
6 177 6
8 58 6
4 43 19
7 54 13
1 215 11
4 175 11
5 180 15
3 201 5
8 290 10
5 187 18
5 246 19
8 40 2
2 230 15
3 166 17
6 249 18