593 550 46 4 9
1 2 1
2 3 2
1 4 13
2 5 1
2 6 2
1 7 15
5 8 2
3 9 1
7 10 14
8 11 2
10 12 14
12 13 1
7 14 12
4 15 5
11 16 3
12 17 14
8 18 2
16 19 1
19 20 2
4 21 2
5 22 3
9 23 3
22 24 2
17 25 4
11 26 6
18 27 1
6 28 2
3 29 3
25 30 2
10 31 5
29 32 1
18 33 2
32 34 1
28 35 2
3 36 1
32 37 2
32 38 2
37 39 1
12 40 3
22 41 3
15 42 4
1 43 3
40 44 2
43 45 3
24 46 2
14 47 12
27 48 1
42 49 4
41 50 1
50 51 3
13 52 2
39 53 2
13 54 3
26 55 2
6 56 2
2 57 2
19 58 1
28 59 2
41 60 1
14 61 1
13 62 3
6 63 1
16 64 3
9 65 1
32 66 1
43 67 2
37 68 3
7 69 1
12 70 3
11 71 2
61 72 1
72 73 2
10 74 9
34 75 3
61 76 1
53 77 3
45 78 3
63 79 3
15 80 1
49 81 1
66 82 3
32 83 2
64 84 2
4 85 1
39 86 2
51 87 3
66 88 2
78 89 7
48 90 3
63 91 1
40 92 3
76 93 2
64 94 3
78 95 1
52 96 2
51 97 1
69 98 1
45 99 2
9 100 3
47 101 8
29 102 2
60 103 2
24 104 1
46 105 1
47 106 2
99 107 2
34 108 1
102 109 2
61 110 3
108 111 1
95 112 2
60 113 3
74 114 3
24 115 1
85 116 3
64 117 3
18 118 2
12 119 2
20 120 3
84 121 3
100 122 2
93 123 3
120 124 2
14 125 12
30 126 2
45 127 2
59 128 1
33 129 3
85 130 3
58 131 3
89 132 9
127 133 1
52 134 2
23 135 3
104 136 2
56 137 2
24 138 3
53 139 1
72 140 2
60 141 3
45 142 1
23 143 3
120 144 2
119 145 2
4 146 9
89 147 2
102 148 1
9 149 1
144 150 2
63 151 3
134 152 3
144 153 2
111 154 1
76 155 3
150 156 2
119 157 1
96 158 2
53 159 1
53 160 3
101 161 2
30 162 2
48 163 1
29 164 2
102 165 1
60 166 2
120 167 1
84 168 2
34 169 3
164 170 3
24 171 1
115 172 3
152 173 1
39 174 3
136 175 2
9 176 3
170 177 1
146 178 1
55 179 2
137 180 2
33 181 1
143 182 3
61 183 2
167 184 1
21 185 1
169 186 2
127 187 1
40 188 3
154 189 2
175 190 2
123 191 2
34 192 1
37 193 1
32 194 3
11 195 1
136 196 2
76 197 1
105 198 2
120 199 3
15 200 3
193 201 3
118 202 3
121 203 3
55 204 3
70 205 1
16 206 3
149 207 3
50 208 1
114 209 2
126 210 2
185 211 1
25 212 1
54 213 2
175 214 3
74 215 15
99 216 1
173 217 2
204 218 4
140 219 2
78 220 2
217 221 2
109 222 2
91 223 2
94 224 3
190 225 1
41 226 2
141 227 3
28 228 1
137 229 3
29 230 1
215 231 15
35 232 2
121 233 3
155 234 2
25 235 2
86 236 2
221 237 2
116 238 1
227 239 3
66 240 2
185 241 2
204 242 3
238 243 3
112 244 2
35 245 2
104 246 3
5 247 2
179 248 3
109 249 3
222 250 2
199 251 2
121 252 1
199 253 2
203 254 1
251 255 1
146 256 2
151 257 14
97 258 3
224 259 2
236 260 3
136 261 3
220 262 3
168 263 1
56 264 1
140 265 2
159 266 3
31 267 5
17 268 15
214 269 3
197 270 1
240 271 1
124 272 2
64 273 3
10 274 13
249 275 3
261 276 3
257 277 1
194 278 1
137 279 1
79 280 3
210 281 3
50 282 1
262 283 1
94 284 3
49 285 3
217 286 3
217 287 3
69 288 2
164 289 3
27 290 1
80 291 2
213 292 2
252 293 1
233 294 1
3 295 1
67 296 1
120 297 2
250 298 3
186 299 2
46 300 2
235 301 1
186 302 3
275 303 3
58 304 3
257 305 1
13 306 2
254 307 2
284 308 2
209 309 1
229 310 1
221 311 1
81 312 2
72 313 3
197 314 1
21 315 2
151 316 1
271 317 3
37 318 3
30 319 1
192 320 3
78 321 1
211 322 1
289 323 3
309 324 1
101 325 16
146 326 2
236 327 2
302 328 3
73 329 1
17 330 2
248 331 2
204 332 2
173 333 2
266 334 1
289 335 1
77 336 2
44 337 2
119 338 3
160 339 1
52 340 1
107 341 3
93 342 1
172 343 3
312 344 2
73 345 2
310 346 9
123 347 3
171 348 1
24 349 3
10 350 3
19 351 1
127 352 2
308 353 3
297 354 1
213 355 2
111 356 2
269 357 3
269 358 3
97 359 1
218 360 3
269 361 2
302 362 3
276 363 3
272 364 2
306 365 1
222 366 1
337 367 3
175 368 1
4 369 3
56 370 3
301 371 3
147 372 2
338 373 3
198 374 1
162 375 3
91 376 3
244 377 3
359 378 2
182 379 2
39 380 1
86 381 3
261 382 3
363 383 3
274 384 13
205 385 1
145 386 1
245 387 3
322 388 2
45 389 1
11 390 2
18 391 3
341 392 2
270 393 3
143 394 2
218 395 4
64 396 3
5 24 1
41 48 2
36 52 2
54 97 1
17 102 3
78 102 3
44 109 3
34 114 1
76 116 2
81 118 1
93 133 1
26 136 6
140 145 1
122 147 2
22 151 2
125 151 12
110 158 3
116 159 2
53 168 3
163 169 2
15 170 1
21 172 2
47 172 2
122 172 1
129 173 2
98 176 3
5 187 3
24 191 1
75 191 3
90 197 3
110 198 1
53 204 2
5 208 2
13 208 1
80 211 2
41 214 3
198 219 2
105 225 3
95 227 1
170 227 1
35 228 1
60 232 1
21 236 3
190 236 3
13 239 2
117 240 3
64 242 3
68 242 2
196 243 1
8 248 3
24 249 3
139 250 1
104 260 3
191 260 1
30 263 2
148 265 1
227 266 1
33 267 5
125 271 2
179 273 2
195 280 3
53 284 2
216 284 1
33 285 3
63 287 2
251 287 3
63 291 1
115 292 3
109 294 2
140 298 1
75 299 1
259 301 3
259 305 1
146 310 9
122 315 3
45 317 2
166 319 2
320 326 2
94 335 3
284 335 2
237 339 3
332 342 3
179 344 3
297 344 3
74 346 9
299 347 3
205 349 2
101 351 1
117 351 2
20 355 1
150 355 2
32 357 1
152 360 2
235 363 2
49 364 1
365 368 3
167 369 1
247 369 2
270 369 1
89 372 2
102 373 3
112 376 3
175 378 1
318 378 2
136 379 1
92 383 3
13 388 1
8 389 1
193 389 2
143 390 3
263 390 2
126 392 1
330 394 2
416 417 2
400 449 2
414 449 2
434 453 1
413 455 2
422 464 2
465 475 2
437 476 3
477 480 1
459 483 2
481 489 2
445 505 2
437 507 1
439 514 1
471 515 1
512 516 3
426 521 1
508 522 3
454 524 2
403 529 2
511 530 2
437 531 3
508 531 1
489 539 3
459 541 2
423 542 3
457 548 3
544 548 1
485 558 3
458 559 1
419 561 3
538 562 1
448 565 1
486 566 1
436 567 3
460 569 1
571 572 2
511 584 3
584 589 3
398 590 2
407 590 1
467 591 2
378 78 263 19 46 172 7 54 287 240 101 126 118 27 49 4 41 259 30 47 34 191 390 53 127 44 37 93 208 227 190 25 302 97 15 152 5 35 39 72 185 197 351 170 261 164
2 257 15
4 325 16
1 132 9
2 231 15
1 11 10
4 384 13
2 395 4
4 268 15
1 144 1