110 78 12 10 26
1 2 2
1 3 3
3 4 1
2 5 1
5 6 1
5 7 2
6 8 1
3 9 2
2 10 1
4 11 3
1 12 2
11 13 1
10 14 2
1 15 1
9 16 3
10 17 3
13 18 3
6 19 1
4 20 2
5 21 2
12 22 3
6 23 3
13 24 3
23 25 1
9 26 2
20 27 1
14 28 3
21 29 3
22 30 1
14 31 3
23 32 2
12 33 3
5 34 2
19 35 3
7 36 1
33 37 3
37 38 3
37 39 1
21 40 3
34 41 1
4 42 1
35 43 2
3 44 3
1 45 3
7 46 3
30 47 2
4 48 3
8 49 2
11 50 2
23 51 3
4 52 3
34 53 1
50 54 2
50 55 2
7 19 2
9 25 2
16 32 2
27 36 1
24 43 1
18 45 2
28 49 3
33 51 3
41 51 3
42 55 3
57 59 2
57 70 3
61 79 3
59 82 3
57 83 2
59 83 2
66 86 1
64 88 1
59 89 1
75 94 3
68 99 2
74 99 2
86 106 2
99 106 1
37 13 51 9 34 5 12 14 6 50 7 4
1 35 4
10 38 14
4 42 12
3 55 2
1 24 15
4 19 6
5 45 9
3 34 18
7 26 14
7 17 17
2 13 6
9 9 13
6 37 2
9 20 14
1 26 5
4 41 15
2 41 18
5 46 2
4 49 18
5 15 18
5 30 6
4 51 7
1 44 2
10 36 20
1 49 9
6 47 4