2008 874 120 15 16
1 2 1
1 3 15
2 4 1
4 5 3
5 6 2
3 7 3
1 8 9
5 9 2
1 10 1
8 11 2
2 12 1
12 13 1
3 14 12
6 15 3
7 16 3
15 17 3
9 18 3
7 19 2
11 20 1
3 21 2
19 22 2
11 23 3
10 24 1
24 25 3
12 26 3
12 27 2
5 28 1
4 29 3
18 30 1
11 31 2
19 32 2
13 33 3
5 34 2
22 35 2
20 36 1
11 37 1
17 38 15
8 39 9
30 40 2
1 41 18
22 42 1
16 43 1
3 44 3
41 45 18
31 46 3
45 47 18
47 48 2
40 49 2
37 50 3
50 51 3
9 52 3
31 53 3
18 54 2
29 55 2
19 56 2
51 57 1
52 58 2
3 59 1
39 60 1
37 61 2
15 62 2
32 63 2
5 64 5
57 65 1
38 66 3
32 67 2
38 68 1
54 69 3
21 70 1
53 71 2
63 72 2
7 73 3
55 74 3
27 75 2
27 76 3
75 77 12
28 78 1
54 79 1
76 80 3
15 81 3
20 82 2
68 83 3
66 84 2
45 85 3
71 86 1
57 87 1
4 88 3
53 89 3
14 90 2
84 91 1
55 92 3
33 93 3
37 94 3
57 95 3
32 96 2
3 97 1
59 98 2
42 99 2
34 100 2
31 101 2
29 102 14
81 103 2
85 104 3
68 105 3
40 106 2
14 107 1
7 108 2
77 109 12
71 110 3
73 111 3
38 112 2
2 113 3
103 114 3
93 115 2
13 116 3
31 117 2
7 118 1
36 119 3
88 120 1
66 121 1
78 122 1
7 123 3
17 124 19
105 125 1
74 126 14
20 127 3
24 128 1
120 129 3
102 130 3
9 131 1
126 132 3
127 133 3
102 134 3
39 135 1
39 136 2
98 137 1
119 138 3
40 139 3
89 140 1
19 141 2
21 142 2
13 143 2
6 144 2
56 145 2
10 146 1
144 147 9
52 148 2
145 149 2
103 150 2
118 151 1
96 152 3
83 153 1
64 154 8
85 155 1
126 156 17
98 157 2
21 158 2
104 159 3
146 160 3
12 161 3
62 162 1
153 163 3
133 164 2
66 165 1
52 166 2
133 167 1
104 168 2
47 169 18
54 170 1
113 171 1
169 172 5
94 173 3
41 174 15
60 175 3
171 176 1
89 177 3
70 178 2
107 179 1
60 180 3
73 181 2
110 182 3
12 183 2
60 184 2
174 185 15
130 186 1
2 187 3
59 188 2
47 189 2
141 190 3
32 191 2
179 192 3
157 193 1
139 194 1
104 195 3
164 196 2
148 197 3
33 198 2
133 199 3
70 200 1
127 201 2
195 202 1
165 203 1
165 204 1
119 205 3
84 206 1
22 207 2
41 208 3
29 209 2
154 210 8
193 211 3
119 212 1
32 213 2
210 214 2
139 215 3
74 216 16
129 217 3
88 218 3
26 219 1
148 220 1
179 221 1
183 222 2
102 223 2
11 224 1
24 225 1
75 226 2
57 227 3
212 228 2
95 229 1
201 230 3
184 231 2
118 232 1
12 233 2
97 234 3
232 235 1
224 236 3
146 237 2
122 238 2
192 239 2
143 240 2
228 241 2
137 242 3
115 243 3
183 244 2
102 245 12
203 246 1
118 247 3
56 248 1
239 249 1
155 250 2
60 251 1
133 252 3
20 253 1
151 254 3
188 255 1
125 256 3
143 257 2
45 258 3
123 259 3
195 260 1
174 261 3
39 262 2
28 263 2
158 264 2
16 265 1
172 266 1
11 267 1
146 268 2
196 269 1
144 270 3
196 271 2
88 272 3
103 273 1
30 274 3
41 275 2
147 276 2
222 277 9
107 278 3
103 279 1
31 280 1
60 281 1
219 282 2
91 283 3
49 284 3
93 285 5
216 286 2
191 287 1
260 288 3
282 289 3
208 290 1
290 291 1
162 292 3
103 293 1
212 294 7
239 295 2
72 296 2
157 297 2
30 298 2
193 299 2
38 300 2
278 301 3
274 302 2
108 303 3
60 304 2
16 305 2
180 306 1
257 307 2
276 308 2
91 309 2
57 310 2
71 311 3
88 312 2
8 313 1
49 314 1
243 315 2
111 316 2
249 317 3
49 318 3
158 319 2
142 320 1
222 321 19
38 322 1
138 323 1
60 324 2
255 325 1
83 326 3
188 327 2
230 328 3
212 329 14
322 330 3
266 331 3
71 332 3
219 333 1
256 334 1
45 335 2
89 336 2
334 337 3
120 338 1
267 339 1
54 340 2
58 341 2
227 342 3
319 343 2
110 344 2
123 345 1
39 346 2
345 347 1
116 348 1
201 349 1
299 350 2
160 351 2
226 352 1
6 353 2
141 354 1
147 355 8
143 356 1
46 357 1
170 358 3
223 359 1
82 360 2
281 361 1
193 362 3
147 363 3
183 364 3
322 365 1
256 366 3
17 367 1
161 368 2
166 369 2
55 370 2
326 371 2
192 372 1
266 373 3
71 374 2
191 375 3
160 376 3
198 377 1
297 378 3
208 379 3
272 380 3
323 381 2
19 382 1
99 383 3
252 384 2
319 385 1
93 386 1
205 387 3
266 388 1
31 389 1
346 390 1
252 391 3
353 392 3
241 393 3
322 394 2
258 395 2
382 396 3
314 397 1
395 398 3
294 399 4
194 400 3
25 30 3
24 41 1
46 47 1
31 50 3
1 63 1
43 69 1
19 79 3
7 93 2
94 96 3
82 100 1
17 105 3
94 105 3
63 113 2
35 118 1
32 131 2
75 132 3
18 142 3
53 143 2
14 144 11
75 152 3
3 156 17
27 166 2
29 169 13
175 176 1
66 180 1
93 181 2
127 181 2
38 185 15
141 187 1
64 195 1
111 202 2
178 206 1
111 217 3
3 223 3
208 234 3
203 238 3
46 244 1
213 247 1
180 249 1
142 250 1
230 250 1
257 264 3
165 267 2
39 277 9
150 278 2
14 281 1
21 284 3
105 285 5
176 291 3
54 293 2
1 294 11
115 294 1
292 295 1
55 299 2
134 305 2
113 311 1
129 314 3
255 314 2
37 315 1
218 322 1
270 326 5
305 326 1
325 327 2
24 332 1
125 339 2
300 339 3
47 345 2
256 346 1
140 347 3
182 357 1
66 362 2
304 364 3
101 369 3
119 374 3
237 375 1
307 378 1
134 380 3
325 380 3
84 386 2
201 388 3
291 390 2
121 391 3
219 391 3
332 399 4
1 400 1
437 496 1
473 496 3
482 518 2
484 519 1
487 522 3
481 557 1
524 585 2
446 593 3
451 594 3
404 600 2
566 632 1
442 640 2
611 653 1
509 654 1
521 659 1
430 684 1
585 700 2
610 702 2
687 702 2
548 709 3
448 726 2
421 738 2
514 748 1
571 764 2
424 771 1
452 778 3
480 794 3
696 811 2
784 817 2
532 831 2
676 837 3
611 846 3
776 851 3
435 860 3
704 860 2
467 869 1
470 900 3
881 900 2
474 909 2
782 913 1
541 914 2
634 915 3
765 934 1
932 947 3
920 957 3
712 960 2
678 961 3
805 964 1
740 965 1
409 967 1
676 967 2
513 976 3
808 976 3
917 976 1
414 981 1
815 983 2
658 984 3
971 984 3
947 986 2
824 997 2
942 1010 2
516 1021 3
943 1026 3
661 1035 1
875 1058 1
731 1064 2
985 1069 1
741 1071 2
531 1072 1
809 1082 1
413 1093 1
740 1094 2
811 1095 1
772 1100 1
797 1106 3
714 1108 1
962 1108 3
676 1113 1
969 1116 1
484 1133 2
722 1133 2
755 1139 3
524 1145 3
556 1145 2
489 1147 1
536 1147 1
1108 1149 3
495 1150 1
919 1153 2
573 1155 1
623 1156 2
602 1167 1
921 1168 1
1032 1172 1
948 1183 2
599 1187 3
712 1187 2
1090 1187 3
610 1188 1
1187 1190 1
569 1192 3
802 1193 1
901 1201 3
662 1202 3
1128 1203 1
1005 1205 1
486 1209 1
766 1224 3
1077 1227 1
731 1230 3
1001 1235 1
578 1244 3
429 1245 3
1200 1252 1
1129 1255 1
818 1259 2
930 1260 3
1263 1264 1
967 1271 3
824 1273 2
984 1284 2
817 1287 3
925 1292 3
476 1294 1
418 1295 1
1159 1295 2
706 1305 3
1011 1308 3
511 1312 2
797 1321 2
708 1322 1
880 1326 1
634 1334 1
576 1344 1
819 1349 2
1305 1360 1
654 1361 2
773 1366 2
1293 1367 1
1034 1372 1
810 1373 1
638 1376 1
481 1378 1
649 1379 3
1292 1384 2
995 1385 2
1359 1386 1
880 1389 1
672 1390 1
1042 1401 2
929 1405 3
926 1416 1
1179 1417 3
435 1433 3
764 1433 2
1282 1434 1
690 1437 1
1260 1437 2
454 1439 3
819 1440 3
584 1442 1
800 1444 2
1230 1445 2
1286 1448 3
1357 1452 2
1384 1453 3
1014 1456 2
999 1460 2
1279 1460 1
1395 1464 3
652 1466 1
1111 1470 2
1257 1472 1
1145 1476 2
810 1479 3
1394 1481 1
598 1482 2
1338 1487 3
624 1488 1
995 1488 3
918 1489 2
940 1492 2
869 1495 1
1122 1503 3
894 1519 3
1099 1523 1
817 1537 2
717 1538 3
1001 1539 2
576 1540 1
1424 1540 3
793 1544 1
1068 1548 2
1111 1549 1
1446 1554 3
1543 1557 2
767 1562 2
808 1564 3
998 1566 3
1372 1575 2
1414 1576 3
528 1584 2
1096 1584 2
941 1587 2
464 1594 3
476 1594 1
686 1597 3
1082 1597 1
1167 1598 2
1041 1599 2
1322 1602 1
1325 1603 2
1470 1604 2
554 1607 1
781 1607 2
1558 1608 2
616 1612 3
1343 1612 2
1180 1613 3
1312 1613 1
599 1614 3
1560 1615 1
582 1616 3
888 1616 1
477 1618 2
640 1621 2
1060 1624 1
1465 1631 1
522 1632 3
848 1632 3
1403 1633 2
971 1636 3
958 1642 2
1027 1643 3
1618 1644 1
1343 1645 2
677 1646 2
729 1652 1
1520 1654 3
1346 1655 1
1063 1658 1
1522 1660 1
790 1661 2
1079 1661 3
1520 1661 1
1493 1665 1
1258 1666 1
929 1668 3
912 1674 2
872 1677 1
1068 1678 1
921 1679 3
1610 1680 3
676 1681 1
866 1683 1
433 1684 1
765 1684 1
1383 1693 1
1578 1693 2
1686 1698 1
1463 1702 1
1169 1706 2
1542 1709 1
1597 1715 1
1492 1719 1
1500 1719 2
1130 1725 1
1489 1730 3
797 1734 1
1034 1736 3
1671 1736 2
919 1740 1
504 1762 3
1003 1764 1
610 1766 2
904 1770 1
1350 1770 3
509 1775 1
1180 1775 3
1585 1789 2
938 1791 3
520 1795 1
615 1797 3
1187 1799 1
1467 1800 1
819 1801 3
1246 1801 2
1565 1802 3
606 1803 1
1570 1803 1
420 1806 1
1081 1806 3
810 1813 3
1603 1816 3
1134 1819 3
1399 1821 2
454 1822 1
1012 1827 1
917 1828 2
1270 1828 1
1308 1830 2
1318 1835 3
510 1838 1
1454 1838 2
764 1841 3
1737 1842 3
1744 1842 1
483 1843 3
1406 1844 3
1014 1854 3
1399 1854 1
403 1856 2
617 1857 2
525 1859 2
616 1860 3
1825 1860 3
1277 1861 1
1770 1861 3
921 1862 3
1100 1863 2
1672 1866 1
486 1867 1
1303 1871 3
1771 1871 2
1043 1872 1
718 1873 1
487 1881 2
1194 1881 2
642 1886 2
815 1887 1
1039 1889 2
859 1890 2
1122 1891 1
1710 1891 3
1677 1892 2
801 1895 1
615 1905 3
940 1905 2
1377 1905 1
679 1906 3
1069 1906 2
1185 1910 2
741 1912 1
1268 1912 1
507 1915 1
875 1915 2
1532 1917 2
473 1918 1
411 1919 2
688 1921 2
1405 1922 1
994 1924 1
976 1927 3
838 1930 3
573 1932 3
910 1932 1
1657 1932 3
634 1935 1
681 1936 1
1218 1937 1
1677 1938 1
1112 1941 1
731 1944 3
1422 1946 3
507 1948 3
947 1950 1
960 1950 3
1033 1954 1
1790 1956 2
1883 1956 1
1710 1957 2
1699 1959 3
641 1961 1
524 1963 3
873 1963 1
1696 1964 2
1011 1969 2
530 1974 3
1062 1977 3
1573 1977 3
1422 1980 2
603 1988 1
1213 1994 1
1513 1994 1
1651 1995 3
676 1998 1
1112 2004 1
1371 2006 2
1564 2006 3
1191 2007 3
249 332 56 4 141 52 38 55 256 127 104 208 49 126 85 143 123 30 212 291 3 15 13 119 98 299 41 83 7 29 103 82 179 47 94 326 84 12 134 33 294 46 230 345 18 75 203 252 176 21 20 281 31 133 27 158 219 64 68 188 322 339 147 96 346 196 111 166 201 305 113 63 50 129 91 142 60 181 24 32 107 8 118 125 37 146 257 9 160 66 5 222 14 59 250 16 195 6 22 2 39 73 89 70 267 28 144 88 192 183 239 380 71 10 54 74 139 157 115 391
8 122 1
4 14 13
15 355 8
1 216 16
3 321 19
1 110 2
11 3 9
3 332 4
5 340 2
4 270 8
9 109 12
3 124 19
6 210 8
1 172 6
14 329 14
1 245 12