1009 324 28 3 4
1 2 3
2 3 1
1 4 3
3 5 2
4 6 3
4 7 2
1 8 4
8 9 4
1 10 16
1 11 4
7 12 2
3 13 1
3 14 1
10 15 1
4 16 2
4 17 2
7 18 3
5 19 1
12 20 2
20 21 1
1 22 2
6 23 3
17 24 2
12 25 2
9 26 1
7 27 1
9 28 2
17 29 1
27 30 2
6 31 1
3 32 3
31 33 2
20 34 3
6 35 3
9 36 2
26 37 2
19 38 2
24 39 2
19 40 2
22 41 1
29 42 2
25 43 1
16 44 3
18 45 3
2 46 2
36 47 2
10 48 17
33 49 2
31 50 1
47 51 1
14 52 3
21 53 2
42 54 2
8 55 1
8 56 3
3 57 2
10 58 2
22 59 2
12 60 2
5 61 1
11 62 3
44 63 3
14 64 3
16 65 1
50 66 2
35 67 3
8 68 2
62 69 2
53 70 1
65 71 1
9 72 1
7 73 3
32 74 1
50 75 3
7 76 1
11 77 6
58 78 3
12 79 1
76 80 2
65 81 3
55 82 3
38 83 2
44 84 1
59 85 3
67 86 3
83 87 3
23 88 3
40 89 3
16 90 3
47 91 3
76 92 3
61 93 1
87 94 1
27 95 3
14 34 2
34 49 1
30 56 2
57 69 2
58 69 1
32 70 1
14 75 3
11 76 1
14 77 1
6 80 3
64 85 1
76 88 3
90 93 2
2 94 2
69 94 3
107 153 2
110 154 1
188 193 3
120 209 3
151 230 2
199 235 2
187 261 2
218 261 2
218 263 3
245 264 2
222 277 3
221 288 2
141 291 1
132 305 2
186 315 1
273 318 3
256 323 1
316 326 2
188 327 3
129 340 1
97 342 2
280 349 3
194 360 2
304 361 2
102 364 3
361 364 3
189 367 3
330 367 3
301 371 2
182 373 2
400 402 2
397 408 1
114 419 2
188 429 1
215 430 1
343 432 3
101 451 3
139 469 2
440 473 3
333 474 1
282 476 3
408 484 1
246 493 2
374 504 3
150 505 1
365 508 1
104 528 1
166 533 3
227 535 2
466 536 1
393 537 2
405 537 1
524 539 3
229 544 1
170 545 1
336 550 1
117 570 3
122 570 3
532 570 3
571 573 3
195 574 3
96 577 1
154 579 3
253 587 3
196 590 2
303 590 3
127 594 3
166 616 2
471 620 3
210 623 3
491 627 1
473 629 2
625 632 2
237 633 3
382 633 3
608 639 2
177 648 1
323 654 3
99 659 3
474 661 2
399 664 3
220 667 3
101 674 3
113 684 1
535 690 2
457 691 1
105 693 3
527 703 2
543 703 3
479 704 1
457 709 1
325 710 1
646 710 1
393 711 2
686 715 2
386 721 3
445 724 1
678 728 1
99 731 2
499 733 2
181 734 3
340 734 2
416 737 2
441 739 3
352 743 3
103 750 3
195 760 1
474 760 3
353 763 3
602 763 2
467 767 2
147 773 1
594 774 1
279 778 2
405 782 2
751 783 3
573 784 1
491 787 1
503 788 2
624 788 2
535 794 3
265 796 3
625 799 2
408 803 3
547 806 1
498 807 3
354 809 3
585 821 1
283 822 2
379 822 1
589 823 2
638 826 2
225 835 2
489 835 1
828 837 3
251 839 1
363 839 2
276 840 2
328 840 3
589 842 1
377 848 1
381 850 2
553 856 1
783 856 3
394 857 1
747 857 2
849 860 3
227 861 3
223 867 3
614 867 2
810 868 1
322 869 3
311 871 3
293 872 3
638 872 3
639 877 2
708 878 2
763 883 3
814 886 3
453 887 2
275 889 2
475 892 1
485 892 1
125 896 2
305 896 1
545 896 2
634 899 3
287 900 2
543 901 2
719 904 2
861 907 2
98 908 3
251 911 3
140 914 1
238 917 2
903 918 3
377 919 3
109 920 1
666 921 2
425 924 1
657 924 3
865 927 2
420 931 3
491 936 3
736 936 1
817 936 2
132 937 3
103 940 2
938 944 3
346 948 3
930 951 3
397 954 3
745 955 1
125 959 3
477 960 1
592 962 1
212 963 3
860 964 3
778 965 1
532 973 2
307 975 3
370 976 1
841 979 1
541 980 2
908 980 1
541 989 2
730 992 2
757 992 1
443 993 3
597 994 1
640 994 3
765 1002 1
921 1008 1
504 1009 1
658 1009 2
19 8 47 12 16 58 5 34 76 27 44 20 3 17 31 6 7 11 4 2 9 50 14 32 22 10 94 65
3 9 7
1 49 1
3 77 6
1 48 17