1991 1764 187 13 31
1 2 19
1 3 2
2 4 16
1 5 20
4 6 17
4 7 4
5 8 8
8 9 7
7 10 3
4 11 12
11 12 9
9 13 8
10 14 2
1 15 19
9 16 4
16 17 7
1 18 10
10 19 3
16 20 2
16 21 3
2 22 4
7 23 3
19 24 2
19 25 3
6 26 2
23 27 3
4 28 2
19 29 3
19 30 3
14 31 1
8 32 6
17 33 7
26 34 2
7 35 2
34 36 3
19 37 3
32 38 10
31 39 2
34 40 5
34 41 6
18 42 3
25 43 3
26 44 3
42 45 1
28 46 3
42 47 2
11 48 18
43 49 3
47 50 3
15 51 3
2 52 2
51 53 6
31 54 4
22 55 3
3 56 3
21 57 5
14 58 2
31 59 3
58 60 3
34 61 5
48 62 18
15 63 2
48 64 10
49 65 3
52 66 2
15 67 11
66 68 2
28 69 3
31 70 1
70 71 1
30 72 1
1 73 1
53 74 1
47 75 3
37 76 2
1 77 13
24 78 1
5 79 19
13 80 16
18 81 9
49 82 2
13 83 3
48 84 2
15 85 15
33 86 2
79 87 1
64 88 10
87 89 3
23 90 3
21 91 3
72 92 3
55 93 2
69 94 2
61 95 3
4 96 5
94 97 3
35 98 2
22 99 3
7 100 3
33 101 14
63 102 1
22 103 1
5 104 15
91 105 5
55 106 3
90 107 2
74 108 1
14 109 3
1 110 4
108 111 2
65 112 3
94 113 3
78 114 2
38 115 3
67 116 1
96 117 2
1 118 2
65 119 2
55 120 3
101 121 2
92 122 3
70 123 1
105 124 1
16 125 13
29 126 5
106 127 2
79 128 5
80 129 7
71 130 2
93 131 1
82 132 1
36 133 1
128 134 5
89 135 3
93 136 2
27 137 2
79 138 2
119 139 3
111 140 3
69 141 3
109 142 3
139 143 5
57 144 1
107 145 3
98 146 3
67 147 1
137 148 3
38 149 8
100 150 3
125 151 13
127 152 2
123 153 3
2 154 1
136 155 3
66 156 2
21 157 3
129 158 3
109 159 3
5 160 2
119 161 3
31 162 2
146 163 2
103 164 2
146 165 1
44 166 2
56 167 1
11 168 10
29 169 3
7 170 2
60 171 3
106 172 3
166 173 3
59 174 1
134 175 1
107 176 3
159 177 2
57 178 5
139 179 3
31 180 4
61 181 7
163 182 3
179 183 3
140 184 2
181 185 3
83 186 1
130 187 1
147 188 2
72 189 1
117 190 12
104 191 9
131 192 1
25 193 1
173 194 13
149 195 3
120 196 4
42 197 2
20 198 3
91 199 3
51 200 3
33 201 3
161 202 2
179 203 1
117 204 14
35 205 2
65 206 2
161 207 1
169 208 1
107 209 3
192 210 3
172 211 3
191 212 4
35 213 1
200 214 2
143 215 3
130 216 3
102 217 3
196 218 4
98 219 3
163 220 2
136 221 2
17 222 3
100 223 3
157 224 3
190 225 7
26 226 3
47 227 2
120 228 3
102 229 2
216 230 3
181 231 3
94 232 3
46 233 3
104 234 2
74 235 3
90 236 3
154 237 1
113 238 1
217 239 3
70 240 2
79 241 3
135 242 3
50 243 2
166 244 1
52 245 3
108 246 1
6 247 1
165 248 1
75 249 1
213 250 1
124 251 2
88 252 13
36 253 2
11 254 3
121 255 2
41 256 3
17 257 4
232 258 3
10 259 3
67 260 11
170 261 3
18 262 1
147 263 2
190 264 2
17 265 3
5 266 3
158 267 3
43 268 2
85 269 3
129 270 7
17 271 3
72 272 2
54 273 3
178 274 1
119 275 2
139 276 4
234 277 3
271 278 3
9 279 2
63 280 1
179 281 3
31 282 3
99 283 2
3 284 1
239 285 3
215 286 3
17 287 2
49 288 2
141 289 2
282 290 1
68 291 3
66 292 2
168 293 10
254 294 1
216 295 4
219 296 3
42 297 2
69 298 2
269 299 3
294 300 1
179 301 10
230 302 5
207 303 2
43 304 3
214 305 1
68 306 3
87 307 3
20 308 1
221 309 3
201 310 3
125 311 2
218 312 3
186 313 3
21 314 5
158 315 3
190 316 3
150 317 1
301 318 1
89 319 2
30 320 3
295 321 4
141 322 3
26 323 3
252 324 1
173 325 18
296 326 1
46 327 3
12 328 2
35 329 2
217 330 3
248 331 3
146 332 2
170 333 3
328 334 3
92 335 3
241 336 2
20 337 2
134 338 8
316 339 1
297 340 1
72 341 1
169 342 1
57 343 3
321 344 4
292 345 1
302 346 6
216 347 3
309 348 1
67 349 1
205 350 2
205 351 3
35 352 3
147 353 2
141 354 3
125 355 3
38 356 3
200 357 1
205 358 3
110 359 1
307 360 1
277 361 1
140 362 1
204 363 3
93 364 1
23 365 2
14 366 2
60 367 3
237 368 1
157 369 2
206 370 3
32 371 2
321 372 3
278 373 1
151 374 1
20 375 2
159 376 3
163 377 3
300 378 3
360 379 1
3 380 2
81 381 3
253 382 2
254 383 3
339 384 2
173 385 3
123 386 2
383 387 2
67 388 1
23 389 3
195 390 3
11 391 2
30 392 2
243 393 4
297 394 1
32 395 1
278 396 3
368 397 2
379 398 3
313 399 2
240 400 2
314 401 3
211 402 2
218 403 1
59 404 2
165 405 3
393 406 2
203 407 3
12 408 2
190 409 1
125 410 3
290 411 1
260 412 13
74 413 3
176 414 1
207 415 2
341 416 1
348 417 2
59 418 2
270 419 1
248 420 1
133 421 1
85 422 1
120 423 3
233 424 3
327 425 2
134 426 2
359 427 1
365 428 1
186 429 1
241 430 3
89 431 3
141 432 1
392 433 2
124 434 3
281 435 3
243 436 3
387 437 3
66 438 2
163 439 1
277 440 1
9 441 3
224 442 3
130 443 2
195 444 1
192 445 3
166 446 3
97 447 2
303 448 1
434 449 1
129 450 3
187 451 1
427 452 1
191 453 3
182 454 2
177 455 1
393 456 4
35 457 1
117 458 1
146 459 3
448 460 2
93 461 2
451 462 1
84 463 3
77 464 3
111 465 3
122 466 3
380 467 2
201 468 3
276 469 1
255 470 2
29 471 3
138 472 2
311 473 3
76 474 3
93 475 1
176 476 3
271 477 2
253 478 2
449 479 3
362 480 3
126 481 3
292 482 2
391 483 1
435 484 3
251 485 1
280 486 1
55 487 3
86 488 2
185 489 1
470 490 3
487 491 1
291 492 2
275 493 2
329 494 2
368 495 2
470 496 2
271 497 3
344 498 4
323 499 1
249 500 1
190 501 1
277 502 3
396 503 3
336 504 3
218 505 4
46 506 2
185 507 2
254 508 1
43 509 2
111 510 3
289 511 2
331 512 2
55 513 3
222 514 2
107 515 2
323 516 1
241 517 2
228 518 1
85 519 7
309 520 3
234 521 3
67 522 2
471 523 3
28 524 3
395 525 2
208 526 2
83 527 3
224 528 1
16 529 2
44 530 3
111 531 2
483 532 2
481 533 2
352 534 1
270 535 7
71 536 3
496 537 3
372 538 3
93 539 3
214 540 3
341 541 3
538 542 3
258 543 1
89 544 1
464 545 3
427 546 3
193 547 3
49 548 1
243 549 3
388 550 2
480 551 2
224 552 2
242 553 3
127 554 2
446 555 1
127 556 2
135 557 1
36 558 1
36 559 3
467 560 2
409 561 3
100 562 1
415 563 2
153 564 3
291 565 2
392 566 1
296 567 1
24 568 3
371 569 2
378 570 1
538 571 3
192 572 3
232 573 2
180 574 4
126 575 5
494 576 1
175 577 2
112 578 2
477 579 3
430 580 2
514 581 2
229 582 3
370 583 2
91 584 5
124 585 2
314 586 15
494 587 2
271 588 3
286 589 2
588 590 3
190 591 3
568 592 2
354 593 1
470 594 2
353 595 1
555 596 13
33 597 9
396 598 2
191 599 3
225 600 7
368 601 2
170 602 3
236 603 2
133 604 3
105 605 5
362 606 2
221 607 2
243 608 3
164 609 2
608 610 2
62 611 1
554 612 3
60 613 3
449 614 3
159 615 2
278 616 3
246 617 3
437 618 1
512 619 2
480 620 3
104 621 3
7 622 3
459 623 3
461 624 5
221 625 1
517 626 2
260 627 2
179 628 2
50 629 1
300 630 1
430 631 2
577 632 1
363 633 3
99 634 3
152 635 3
522 636 1
268 637 3
589 638 3
257 639 2
187 640 1
518 641 2
95 642 3
622 643 2
485 644 2
317 645 1
2 646 1
557 647 2
542 648 3
611 649 3
95 650 1
32 651 4
418 652 1
414 653 3
183 654 3
163 655 1
63 656 2
553 657 1
65 658 2
287 659 3
52 660 1
351 661 2
653 662 1
18 663 1
447 664 3
469 665 3
574 666 4
492 667 1
586 668 2
360 669 1
407 670 3
174 671 2
163 672 2
76 673 1
62 674 1
213 675 1
452 676 2
86 677 2
541 678 1
304 679 3
663 680 3
497 681 3
598 682 3
109 683 1
281 684 3
98 685 2
565 686 1
31 687 1
592 688 2
22 689 3
608 690 2
389 691 1
11 692 18
266 693 3
514 694 2
144 695 1
157 696 2
113 697 2
365 698 3
8 699 1
551 700 1
362 701 2
664 702 1
459 703 3
236 704 2
40 705 3
507 706 2
13 707 2
426 708 2
360 709 2
502 710 1
489 711 1
675 712 1
391 713 3
312 714 1
537 715 2
69 716 2
100 717 2
164 718 2
656 719 2
553 720 3
112 721 3
677 722 1
18 723 1
70 724 1
663 725 2
578 726 2
59 727 2
596 728 13
75 729 2
281 730 1
584 731 3
76 732 2
520 733 2
712 734 2
551 735 2
452 736 3
7 737 1
721 738 2
109 739 2
72 740 2
642 741 3
300 742 1
276 743 2
626 744 1
616 745 3
461 746 2
560 747 3
71 748 1
538 749 1
56 750 3
258 751 1
566 752 3
675 753 2
468 754 2
693 755 3
672 756 3
594 757 1
427 758 2
223 759 3
356 760 2
133 761 2
120 762 2
742 763 3
620 764 2
74 765 1
316 766 3
733 767 2
627 768 2
9 769 3
63 770 3
75 771 3
11 772 3
582 773 2
362 774 2
24 775 3
383 776 1
614 777 2
491 778 2
71 779 2
627 780 2
289 781 1
17 782 3
675 783 3
588 784 3
77 785 2
411 786 3
445 787 3
179 788 9
19 789 3
247 790 2
478 791 2
5 792 3
687 793 3
312 794 1
201 795 3
728 796 3
108 797 3
248 798 3
226 799 1
599 800 1
681 801 1
553 802 3
710 803 2
10 804 3
662 805 3
202 806 2
264 807 1
9 808 1
788 809 9
328 810 2
153 811 3
276 812 4
773 813 2
494 814 3
15 815 1
301 816 16
400 817 2
321 818 2
180 819 1
750 820 2
535 821 18
555 822 3
466 823 6
123 824 1
158 825 2
537 826 3
217 827 3
330 828 3
558 829 3
370 830 3
24 831 2
229 832 3
219 833 1
355 834 2
282 835 1
251 836 1
534 837 2
343 838 1
690 839 1
415 840 2
829 841 1
698 842 3
812 843 3
110 844 3
12 845 1
81 846 2
572 847 4
160 848 1
356 849 2
540 850 3
735 851 2
814 852 3
803 853 2
741 854 2
616 855 1
579 856 1
203 857 3
608 858 2
660 859 2
781 860 1
720 861 3
855 862 2
712 863 2
578 864 1
664 865 1
83 866 1
147 867 1
795 868 2
602 869 3
637 870 3
598 871 3
212 872 3
706 873 2
96 874 2
738 875 3
773 876 1
552 877 2
365 878 1
152 879 3
772 880 3
654 881 3
602 882 2
758 883 3
826 884 2
333 885 3
478 886 1
176 887 1
291 888 2
787 889 2
68 890 1
80 891 16
291 892 3
64 893 2
527 894 2
461 895 2
788 896 3
869 897 2
778 898 2
862 899 2
628 900 2
2 901 2
205 902 3
630 903 2
504 904 3
5 905 1
313 906 2
430 907 3
329 908 1
768 909 1
330 910 3
651 911 3
548 912 3
200 913 1
353 914 2
168 915 1
96 916 3
644 917 3
439 918 3
146 919 1
644 920 2
2 921 2
72 922 3
227 923 1
386 924 3
381 925 2
467 926 2
340 927 1
152 928 1
900 929 2
143 930 3
795 931 3
730 932 3
620 933 2
886 934 2
357 935 3
446 936 2
22 937 1
285 938 2
335 939 1
560 940 2
608 941 2
281 942 3
879 943 1
128 944 2
698 945 2
137 946 1
782 947 1
67 948 2
70 949 3
569 950 3
220 951 3
712 952 2
552 953 2
506 954 1
266 955 2
70 956 3
889 957 1
807 958 3
619 959 1
862 960 3
293 961 10
698 962 3
492 963 1
253 964 1
942 965 3
336 966 1
502 967 2
208 968 1
561 969 1
725 970 1
393 971 1
163 972 3
740 973 3
928 974 1
868 975 2
120 976 3
371 977 3
653 978 3
202 979 2
477 980 1
639 981 1
587 982 3
59 983 3
267 984 2
617 985 2
265 986 2
587 987 3
209 988 2
212 989 3
605 990 5
610 991 2
528 992 3
181 993 2
739 994 1
829 995 2
190 996 3
538 997 3
634 998 2
570 999 2
947 1000 2
291 1001 2
918 1002 2
355 1003 1
701 1004 3
693 1005 2
192 1006 1
37 1007 2
966 1008 1
658 1009 2
71 1010 2
361 1011 1
703 1012 2
867 1013 3
728 1014 3
613 1015 1
527 1016 2
300 1017 3
1015 1018 3
121 1019 2
371 1020 2
574 1021 3
171 1022 3
531 1023 3
859 1024 2
781 1025 2
162 1026 3
857 1027 2
201 1028 3
539 1029 3
1002 1030 1
367 1031 1
169 1032 14
917 1033 1
796 1034 3
995 1035 2
505 1036 3
719 1037 3
875 1038 2
1013 1039 2
692 1040 1
849 1041 1
584 1042 8
251 1043 2
857 1044 3
407 1045 1
372 1046 2
526 1047 2
373 1048 3
13 1049 3
933 1050 3
421 1051 3
42 1052 1
47 1053 3
384 1054 1
414 1055 2
343 1056 2
639 1057 3
551 1058 3
774 1059 3
872 1060 3
347 1061 1
9 1062 3
159 1063 2
379 1064 1
546 1065 3
286 1066 1
190 1067 3
283 1068 1
649 1069 2
257 1070 9
633 1071 2
467 1072 2
5 1073 3
414 1074 1
220 1075 3
27 1076 1
157 1077 3
784 1078 3
717 1079 1
361 1080 3
660 1081 1
649 1082 2
171 1083 3
961 1084 10
231 1085 2
25 1086 1
630 1087 2
733 1088 2
995 1089 2
933 1090 1
29 1091 1
412 1092 2
314 1093 3
815 1094 2
157 1095 2
420 1096 1
1 1097 20
303 1098 2
504 1099 1
197 1100 1
10 1101 1
1031 1102 3
484 1103 3
292 1104 1
501 1105 1
282 1106 2
171 1107 1
279 1108 3
564 1109 1
110 1110 3
676 1111 2
790 1112 1
615 1113 1
112 1114 1
474 1115 2
99 1116 1
1044 1117 2
102 1118 3
504 1119 3
1061 1120 1
162 1121 1
10 1122 1
625 1123 1
958 1124 2
237 1125 1
466 1126 6
306 1127 2
335 1128 3
1113 1129 6
352 1130 2
880 1131 3
957 1132 2
133 1133 2
739 1134 1
514 1135 1
208 1136 3
977 1137 2
983 1138 2
511 1139 1
714 1140 1
517 1141 1
365 1142 3
221 1143 2
379 1144 3
811 1145 3
159 1146 1
976 1147 2
1034 1148 2
739 1149 1
576 1150 2
922 1151 3
390 1152 2
358 1153 1
613 1154 3
1083 1155 1
1075 1156 2
1125 1157 2
313 1158 1
151 1159 13
13 1160 2
1057 1161 1
208 1162 3
473 1163 3
757 1164 1
657 1165 2
821 1166 3
754 1167 3
202 1168 1
88 1169 3
829 1170 3
571 1171 2
854 1172 2
303 1173 3
144 1174 2
801 1175 3
556 1176 1
980 1177 3
801 1178 3
447 1179 1
676 1180 2
688 1181 2
539 1182 3
448 1183 2
1042 1184 3
655 1185 2
398 1186 2
504 1187 1
108 1188 2
1024 1189 2
125 1190 2
465 1191 3
1082 1192 3
573 1193 1
577 1194 1
618 1195 3
1084 1196 2
1096 1197 3
671 1198 3
997 1199 2
465 1200 3
685 1201 3
214 1202 1
330 1203 1
415 1204 3
518 1205 1
1148 1206 2
1047 1207 2
327 1208 2
1149 1209 3
272 1210 1
522 1211 3
511 1212 3
246 1213 1
637 1214 1
1072 1215 3
265 1216 2
146 1217 1
1202 1218 3
1204 1219 2
517 1220 1
443 1221 2
855 1222 1
7 1223 2
235 1224 2
1054 1225 3
33 41 6
34 53 6
30 54 4
13 77 16
40 82 2
16 134 9
6 149 8
178 179 6
38 190 8
81 191 7
69 196 4
89 225 3
38 256 2
110 256 1
201 259 2
13 276 1
4 285 3
12 288 4
232 288 4
151 289 2
278 302 2
8 313 1
223 317 1
69 320 3
181 325 7
148 333 2
263 339 2
257 346 6
29 352 3
182 352 1
215 357 1
199 358 2
244 361 1
159 365 2
337 372 2
105 376 5
347 376 3
156 382 2
282 382 1
9 394 1
113 410 2
202 416 3
59 436 3
36 439 2
31 441 2
71 449 2
261 449 3
28 452 2
438 452 1
193 460 2
444 468 2
74 470 2
207 470 3
364 471 3
30 475 2
164 476 2
435 478 1
405 487 2
460 493 1
385 496 2
351 500 1
227 504 3
448 504 3
479 505 3
164 506 3
304 510 2
338 514 1
461 519 7
391 522 3
456 522 2
502 522 1
367 527 1
343 533 1
106 534 1
125 541 3
10 548 1
234 548 1
456 551 2
6 555 10
338 572 8
399 576 2
51 577 3
62 597 14
590 598 2
11 600 9
159 600 2
358 609 3
600 612 3
53 614 3
383 621 3
331 622 3
454 626 1
31 631 2
92 637 2
407 638 2
53 644 3
562 645 2
520 650 3
30 651 4
315 652 1
56 653 2
101 658 14
169 658 14
278 662 3
559 663 3
243 664 3
558 667 2
201 675 3
611 677 3
296 682 3
400 686 2
499 689 3
615 689 1
58 690 1
491 690 2
34 695 1
36 695 3
446 695 2
532 695 2
163 701 3
572 709 8
340 710 2
278 712 3
488 712 3
568 714 1
645 717 1
171 720 4
322 720 2
495 722 2
355 725 1
417 730 3
358 731 1
289 739 2
109 744 1
517 744 2
540 745 1
445 750 3
494 755 3
17 767 3
254 775 2
268 777 1
305 777 3
175 781 2
585 784 1
670 784 1
147 789 2
574 790 3
302 791 5
624 791 5
715 796 2
196 798 3
559 798 3
51 808 1
709 809 9
192 821 3
331 822 3
20 823 3
95 825 3
8 826 2
200 826 2
499 826 3
521 836 3
687 836 1
310 837 1
798 840 1
61 842 3
270 842 3
461 847 4
281 853 2
221 861 2
196 865 3
580 868 1
726 871 2
300 874 2
238 876 2
8 879 1
230 886 1
430 887 3
426 889 2
118 890 2
301 891 16
468 896 2
92 898 3
744 898 3
404 899 2
508 899 3
608 899 1
597 902 3
280 905 3
738 905 1
877 907 3
281 914 1
176 915 3
388 916 1
100 918 5
744 918 2
732 923 2
287 926 2
763 926 3
140 927 2
490 928 2
241 929 2
383 929 2
349 934 1
8 936 2
758 939 2
785 942 2
731 951 3
583 953 1
778 953 2
703 954 1
316 962 3
86 972 1
769 975 3
927 975 3
835 977 1
730 985 2
639 986 2
235 988 2
575 990 5
535 991 7
720 991 7
939 993 2
756 995 3
83 997 3
281 998 2
950 1002 1
992 1004 2
519 1006 1
635 1008 1
177 1009 1
448 1009 1
769 1010 1
966 1014 1
326 1016 2
684 1016 2
593 1017 3
96 1019 2
755 1022 3
98 1023 1
570 1026 1
69 1028 3
545 1029 3
228 1032 3
274 1034 3
987 1034 1
545 1035 3
402 1039 1
279 1044 3
457 1044 2
714 1048 1
278 1049 3
225 1053 1
1035 1053 3
79 1057 2
519 1057 3
698 1058 3
390 1059 3
880 1059 3
948 1059 2
1036 1061 1
697 1062 3
1042 1071 2
166 1072 1
18 1074 3
999 1074 3
483 1075 3
801 1076 3
785 1077 2
486 1081 1
238 1082 3
2 1084 10
333 1087 2
243 1089 3
911 1092 1
65 1093 1
221 1095 2
697 1096 2
37 1099 3
616 1099 3
400 1107 1
285 1108 2
823 1113 6
487 1114 2
1061 1115 1
713 1118 3
872 1118 3
335 1119 3
101 1122 2
433 1122 1
371 1125 2
785 1126 3
256 1129 11
841 1130 1
621 1131 3
1078 1131 2
479 1138 1
1014 1138 3
244 1142 2
609 1142 3
1067 1144 1
740 1145 2
885 1145 2
861 1146 2
768 1148 2
4 1151 3
1015 1158 3
194 1159 13
225 1165 2
610 1165 2
667 1165 2
512 1168 3
705 1169 3
1110 1170 3
593 1173 3
712 1173 3
52 1174 1
672 1174 1
126 1175 2
272 1175 1
549 1177 1
240 1179 3
304 1181 1
491 1181 3
132 1182 3
763 1183 2
497 1184 3
1077 1185 3
319 1187 1
110 1188 1
454 1188 3
211 1190 3
390 1190 2
689 1190 2
940 1190 1
275 1191 3
824 1191 2
95 1192 3
1155 1196 1
1069 1197 2
488 1198 2
246 1200 2
375 1203 1
246 1206 3
184 1207 1
103 1208 2
269 1208 3
381 1212 2
720 1215 3
901 1215 1
26 1219 3
163 1219 2
851 1219 3
1154 1225 1
1283 1338 3
1254 1357 2
1348 1358 3
1330 1364 2
1330 1365 2
1367 1373 1
1313 1378 3
1322 1380 1
1332 1387 3
1249 1393 3
1283 1424 3
1284 1442 2
1402 1447 2
1275 1450 1
1337 1454 2
1403 1460 1
1250 1480 2
1453 1484 1
1243 1491 2
1356 1493 1
1458 1496 1
1295 1501 2
1342 1511 3
1369 1513 1
1327 1517 2
1452 1518 3
1251 1528 1
1257 1536 1
1387 1536 2
1364 1539 2
1259 1542 1
1514 1542 2
1446 1545 2
1315 1550 2
1354 1559 3
1448 1565 2
1538 1565 3
1473 1569 2
1515 1583 1
1506 1584 1
1232 1589 3
1430 1592 3
1376 1611 2
1246 1613 3
1353 1614 2
1514 1614 2
1601 1615 3
1590 1616 3
1367 1617 3
1426 1617 1
1282 1619 3
1425 1630 1
1442 1635 3
1252 1638 1
1392 1638 3
1440 1642 1
1359 1643 1
1581 1650 1
1363 1651 2
1584 1651 1
1449 1655 2
1379 1669 3
1422 1669 3
1309 1672 1
1423 1672 1
1279 1676 3
1456 1683 2
1247 1684 2
1504 1685 2
1549 1685 3
1525 1686 3
1656 1689 2
1285 1692 2
1499 1700 1
1528 1700 2
1623 1705 2
1371 1707 3
1566 1709 1
1285 1711 1
1455 1725 2
1687 1726 3
1306 1732 3
1352 1736 3
1504 1737 1
1618 1739 1
1625 1741 3
1326 1743 1
1275 1748 2
1677 1748 3
1529 1752 1
1226 1757 1
1588 1760 2
1578 1769 2
1442 1775 2
1473 1776 3
1628 1776 2
1297 1779 1
1323 1779 2
1727 1784 1
1262 1785 3
1783 1787 3
1414 1791 2
1332 1792 2
1696 1796 1
1305 1803 1
1288 1817 3
1690 1817 2
1630 1819 2
1557 1821 1
1747 1822 2
1697 1824 3
1453 1827 3
1519 1828 1
1266 1834 2
1441 1836 3
1581 1836 2
1325 1838 1
1285 1842 1
1611 1842 3
1615 1842 3
1490 1844 1
1396 1850 3
1270 1851 3
1329 1858 2
1612 1861 2
1469 1864 1
1647 1864 2
1783 1866 2
1822 1870 3
1700 1872 1
1815 1872 2
1837 1872 1
1367 1873 3
1873 1878 2
1674 1879 1
1755 1892 2
1827 1893 2
1563 1897 2
1405 1899 2
1504 1899 3
1570 1900 1
1241 1901 1
1423 1901 3
1688 1903 2
1848 1903 2
1239 1905 2
1529 1910 1
1586 1911 2
1530 1917 1
1240 1921 2
1714 1922 1
1365 1925 3
1362 1926 2
1736 1926 1
1462 1935 3
1550 1935 1
1455 1938 2
1535 1939 3
1726 1940 1
1715 1945 1
1293 1948 2
1332 1952 2
1434 1956 3
1832 1960 2
1498 1961 3
1267 1966 3
1314 1966 1
1324 1972 1
1602 1972 1
1869 1972 3
1528 1975 1
1701 1976 2
1371 1977 3
1317 1978 2
1698 1979 2
1765 1981 1
1351 1982 3
1394 1982 3
1248 1984 3
1322 1984 3
1779 1984 1
1961 1984 2
1485 1985 3
1691 1988 3
1852 1988 2
1238 1990 1
29 190 59 74 134 942 161 224 426 52 939 785 639 927 400 588 382 314 351 120 230 456 535 467 241 730 144 478 265 26 229 30 414 448 447 96 383 552 2 576 196 468 316 667 216 781 479 653 459 19 519 466 1077 109 1173 42 731 861 487 613 128 555 336 15 103 234 279 38 270 494 763 170 212 215 568 60 626 855 649 228 977 36 3 54 593 739 574 85 1053 365 63 918 465 12 87 203 371 446 92 213 178 296 333 27 18 621 95 31 548 81 133 381 98 886 244 91 392 251 578 127 353 271 1042 157 514 558 182 22 452 43 339 186 541 872 49 335 1016 8 1165 32 219 597 477 483 868 163 106 1190 791 214 677 10 232 227 784 1175 687 223 201 609 143 672 102 435 551 57 600 113 697 1044 205 407 125 236 65 257 159 72 836 207 313 415 256 101 121 37 338
2 104 18
12 821 18
10 204 14
10 325 18
8 143 14
11 1129 17
6 1070 9
12 498 4
9 709 17
3 79 19
9 391 4
3 252 13
5 1097 20
11 12 12
3 816 16
4 893 1
12 1126 8
1 902 1
13 812 4
11 666 4
4 1042 16
11 692 18
2 728 16
9 62 20
1 85 11
1 1032 11
13 586 10
8 412 12
7 586 15
10 100 9
2 325 12