592 567 74 9 11
1 2 1
1 3 1
3 4 2
2 5 3
5 6 1
5 7 1
7 8 2
4 9 2
9 10 7
5 11 1
3 12 1
9 13 2
2 14 2
10 15 6
14 16 1
12 17 3
14 18 3
1 19 9
12 20 2
10 21 2
15 22 1
1 23 11
21 24 1
14 25 2
7 26 1
10 27 15
19 28 3
1 29 3
15 30 2
20 31 2
31 32 1
8 33 1
23 34 11
9 35 1
28 36 1
2 37 3
1 38 9
29 39 1
9 40 3
25 41 2
21 42 2
14 43 3
32 44 3
18 45 2
6 46 2
24 47 2
11 48 1
2 49 1
41 50 2
46 51 1
25 52 2
18 53 2
20 54 3
19 55 6
48 56 1
38 57 9
15 58 3
14 59 1
19 60 3
59 61 1
24 62 3
62 63 12
33 64 1
8 65 3
63 66 2
27 67 1
18 68 2
48 69 3
41 70 1
53 71 2
28 72 2
54 73 3
14 74 3
46 75 5
44 76 1
10 77 1
21 78 2
50 79 3
54 80 3
8 81 3
38 82 1
52 83 1
44 84 2
18 85 2
31 86 3
51 87 3
73 88 2
53 89 1
4 90 1
84 91 3
17 92 3
38 93 2
45 94 3
58 95 2
48 96 1
96 97 3
75 98 9
55 99 2
44 100 17
71 101 1
27 102 13
15 103 1
83 104 1
33 105 3
58 106 2
20 107 1
107 108 1
45 109 2
51 110 1
14 111 3
59 112 2
33 113 3
104 114 2
20 115 1
101 116 1
14 117 1
5 118 3
44 119 1
43 120 2
36 121 2
11 122 3
101 123 3
2 124 2
78 125 1
47 126 2
119 127 3
77 128 3
15 129 3
76 130 2
103 131 3
112 132 1
55 133 6
30 134 1
53 135 1
44 136 1
29 137 2
137 138 2
137 139 3
16 140 3
56 141 3
74 142 1
8 143 2
34 144 2
79 145 2
113 146 2
59 147 3
38 148 3
137 149 3
8 150 1
34 151 11
148 152 3
133 153 3
73 154 3
104 155 2
94 156 3
120 157 1
103 158 9
66 159 2
63 160 4
4 161 3
14 162 1
129 163 3
45 164 1
65 165 1
161 166 3
1 167 3
124 168 1
168 169 3
76 170 3
80 171 2
19 172 2
9 173 2
60 174 2
73 175 1
140 176 3
63 177 2
66 178 1
4 179 1
24 180 3
23 181 3
75 182 4
99 183 2
115 184 3
105 185 3
83 186 2
89 187 2
64 188 3
97 189 3
60 190 2
35 191 2
110 192 1
85 193 1
56 194 3
159 195 3
141 196 2
58 197 2
171 198 2
178 199 3
79 200 2
37 201 2
114 202 1
3 203 1
186 204 1
100 205 1
1 206 15
206 207 15
85 208 3
35 209 3
174 210 3
185 211 1
175 212 3
188 213 2
72 214 3
98 215 9
96 216 3
206 217 1
81 218 1
198 219 2
180 220 2
93 221 2
159 222 1
73 223 2
13 224 2
134 225 1
204 226 2
29 227 1
44 228 3
93 229 3
11 230 3
218 231 2
107 232 1
176 233 2
160 234 3
213 235 1
220 236 2
154 237 3
103 238 3
44 239 2
231 240 1
202 241 1
83 242 1
19 243 2
23 244 1
169 245 14
2 246 2
193 247 3
152 248 3
119 249 2
100 250 1
69 251 3
41 252 2
241 253 3
169 254 2
221 255 2
154 256 2
166 257 3
161 258 2
161 259 3
234 260 2
164 261 1
162 262 2
84 263 1
11 264 2
28 265 1
218 266 2
155 267 4
174 268 1
92 269 3
71 270 3
209 271 1
229 272 1
248 273 2
237 274 2
54 275 2
205 276 2
2 277 2
110 278 3
69 279 2
278 280 3
241 281 2
241 282 1
167 283 3
134 284 1
263 285 3
114 286 1
97 287 1
206 288 3
263 289 2
210 290 2
193 291 3
238 292 2
39 293 2
239 294 2
161 295 3
127 296 1
186 297 3
284 298 1
178 299 3
187 300 1
179 301 3
190 302 3
66 303 1
141 304 1
85 305 2
276 306 3
44 307 2
213 308 2
285 309 1
105 310 3
213 311 3
18 312 3
248 313 3
222 314 2
306 315 2
52 316 2
4 317 2
148 318 2
241 319 2
85 320 1
31 321 1
267 322 6
158 323 9
137 324 3
242 325 3
153 326 1
302 327 3
226 328 1
151 329 11
174 330 1
193 331 1
150 332 3
226 333 3
157 334 2
4 335 3
140 336 2
120 337 3
48 338 2
147 339 1
23 340 7
49 341 1
107 342 3
335 343 1
241 344 1
75 345 2
265 346 1
147 347 3
83 348 1
168 349 1
208 350 3
275 351 2
81 352 1
94 353 3
178 354 3
64 355 3
352 356 1
194 357 2
23 358 2
26 359 1
207 360 1
248 361 2
88 362 2
351 363 10
323 364 1
127 365 3
57 366 3
310 367 1
62 368 15
276 369 1
77 370 3
246 371 2
279 372 1
176 373 1
323 374 9
91 375 3
59 376 3
195 377 3
22 378 2
210 379 3
188 380 3
175 381 2
109 382 3
207 383 15
26 384 2
43 385 3
154 386 1
339 387 1
14 388 2
13 389 1
186 390 3
183 391 2
282 392 2
120 393 2
91 394 1
102 395 13
17 396 2
315 397 3
393 398 3
372 399 1
220 400 1
276 401 1
108 402 3
83 403 2
354 404 3
44 405 1
32 406 2
67 407 3
119 408 1
70 409 1
260 410 2
57 411 9
61 412 3
53 413 1
109 414 1
13 39 1
55 59 3
17 61 2
9 112 1
22 126 3
111 133 3
132 146 3
130 149 2
29 152 3
79 153 2
15 157 2
133 160 4
40 163 1
126 164 1
101 171 1
84 172 2
58 175 2
135 177 3
30 181 2
146 196 3
19 198 2
149 199 2
180 200 2
193 207 3
43 208 3
182 208 1
94 213 3
137 216 3
35 222 2
23 224 1
140 226 2
180 228 2
127 231 1
195 233 2
178 238 2
171 239 3
19 240 1
182 246 3
186 246 3
159 250 2
114 251 3
156 252 1
194 253 2
227 253 2
209 256 2
174 257 3
239 261 3
178 263 1
17 266 3
59 266 1
212 269 2
101 278 3
61 279 3
216 280 2
46 283 3
155 285 1
268 285 2
232 290 1
143 295 2
289 297 1
25 300 1
45 309 3
227 316 3
9 325 1
57 325 1
267 326 2
86 329 11
300 330 2
209 336 3
19 338 1
281 338 3
297 340 3
4 341 3
155 341 3
228 341 1
153 348 3
31 350 2
169 351 7
295 351 3
69 352 1
70 354 2
138 358 3
227 362 1
123 365 2
324 367 2
152 371 2
173 371 2
133 373 1
202 376 1
125 379 1
351 383 15
138 384 1
185 384 1
23 386 3
349 387 2
304 391 3
71 397 3
55 402 1
97 403 3
177 403 2
139 405 1
90 407 2
17 410 2
311 410 3
374 411 9
52 412 2
7 414 1
93 414 2
428 434 2
449 464 2
465 476 1
431 478 1
436 480 2
488 493 3
473 494 2
492 495 2
454 497 3
467 502 3
485 515 1
502 521 2
423 523 1
450 523 3
494 525 1
487 526 1
509 526 2
450 527 1
459 535 3
447 537 3
459 544 1
447 545 3
479 546 3
432 547 2
496 548 2
528 560 2
508 561 2
448 563 2
550 563 1
432 565 2
474 567 2
551 567 3
488 569 2
440 570 2
480 573 2
575 577 2
493 581 3
541 581 1
475 583 2
545 585 1
425 586 2
487 586 1
425 591 2
442 591 1
484 591 2
571 592 1
157 71 198 66 44 25 141 23 5 140 351 18 295 148 38 63 352 75 9 138 241 51 202 35 58 300 56 227 231 83 55 46 155 228 105 76 20 403 57 410 276 110 384 10 94 239 28 206 103 266 8 169 104 77 149 70 45 69 33 209 216 153 185 39 218 64 177 267 93 222 53 114 146 48
7 340 7
1 86 9
3 100 10
3 368 15
4 363 10
8 322 6
8 103 16
4 245 14
9 215 9
8 395 13
9 86 1