995 765 111 7 21
1 2 17
1 3 6
2 4 3
2 5 3
5 6 2
1 7 10
4 8 3
7 9 3
4 10 2
5 11 2
3 12 2
2 13 12
9 14 2
8 15 2
7 16 5
7 17 4
3 18 1
7 19 2
1 20 17
14 21 2
15 22 11
3 23 5
3 24 3
13 25 12
10 26 3
12 27 1
21 28 2
1 29 13
13 30 3
11 31 2
24 32 1
13 33 3
17 34 3
26 35 4
19 36 1
14 37 3
35 38 1
27 39 2
18 40 1
35 41 3
7 42 1
34 43 5
35 44 5
20 45 2
33 46 3
13 47 3
13 48 1
26 49 2
4 50 2
20 51 3
5 52 2
22 53 2
45 54 3
17 55 3
16 56 13
26 57 3
41 58 1
15 59 8
57 60 3
16 61 3
30 62 3
19 63 2
51 64 2
53 65 2
19 66 3
13 67 1
33 68 3
13 69 1
13 70 3
45 71 3
34 72 2
7 73 1
43 74 3
28 75 3
38 76 3
60 77 1
51 78 3
15 79 2
2 80 2
40 81 3
70 82 3
2 83 4
36 84 2
43 85 2
67 86 1
63 87 6
81 88 2
58 89 2
40 90 1
46 91 6
37 92 3
61 93 1
38 94 1
4 95 2
20 96 3
25 97 2
54 98 3
2 99 14
63 100 8
23 101 2
93 102 1
78 103 4
11 104 2
44 105 5
64 106 2
60 107 1
53 108 2
99 109 3
28 110 6
105 111 5
5 112 3
78 113 1
62 114 1
6 115 1
48 116 1
4 117 3
91 118 1
23 119 5
96 120 3
94 121 3
95 122 3
49 123 3
63 124 3
10 125 1
119 126 4
126 127 2
121 128 2
15 129 3
75 130 1
17 131 2
125 132 2
104 133 2
55 134 3
13 135 1
45 136 2
58 137 3
66 138 1
1 139 2
23 140 1
105 141 2
6 142 3
103 143 2
42 144 2
35 145 1
43 146 9
50 147 2
49 148 3
133 149 3
71 150 2
121 151 3
124 152 3
137 153 3
24 154 3
87 155 1
99 156 2
112 157 3
44 158 4
79 159 3
79 160 2
126 161 3
69 162 2
89 163 2
106 164 2
142 165 2
77 166 1
94 167 1
28 168 6
147 169 2
1 170 1
136 171 2
86 172 2
69 173 3
84 174 1
56 175 1
100 176 8
103 177 1
138 178 2
126 179 2
153 180 3
103 181 2
168 182 2
83 183 11
124 184 2
183 185 2
12 186 2
117 187 2
19 188 1
171 189 1
16 190 2
102 191 1
34 192 2
101 193 2
3 194 1
76 195 1
80 196 1
86 197 3
139 198 3
123 199 1
176 200 8
129 201 2
90 202 2
42 203 1
49 204 3
126 205 11
29 206 3
188 207 3
117 208 1
164 209 2
180 210 2
179 211 1
183 212 11
43 213 6
41 214 1
168 215 2
212 216 2
134 217 1
143 218 2
29 219 13
143 220 2
80 221 1
47 222 3
58 223 1
1 224 3
44 225 14
145 226 2
62 227 2
222 228 3
94 229 1
46 230 2
167 231 2
191 232 2
42 233 4
164 234 2
122 235 3
85 236 2
230 237 1
17 238 3
131 239 1
220 240 1
140 241 3
231 242 3
225 243 14
214 244 2
137 245 1
127 246 3
117 247 2
2 248 3
244 249 2
228 250 3
83 251 2
220 252 2
218 253 1
51 254 2
25 255 14
102 256 3
132 257 1
103 258 1
93 259 2
46 260 1
230 261 3
9 262 3
80 263 2
190 264 3
170 265 2
216 266 17
87 267 2
99 268 8
266 269 8
92 270 2
241 271 2
37 272 1
62 273 1
164 274 2
109 275 3
74 276 2
188 277 1
107 278 2
215 279 2
151 280 1
220 281 3
249 282 1
187 283 1
98 284 3
94 285 1
266 286 1
80 287 1
242 288 2
20 289 2
39 290 1
156 291 1
130 292 1
61 293 3
193 294 3
59 295 1
27 296 1
292 297 2
252 298 2
77 299 3
261 300 2
172 301 3
106 302 3
68 303 1
202 304 1
72 305 2
112 306 2
32 307 2
257 308 3
130 309 2
1 310 3
253 311 2
92 312 2
211 313 3
259 314 2
136 315 1
222 316 2
114 317 1
46 318 1
23 319 2
247 320 1
221 321 3
214 322 2
53 323 3
51 324 2
27 325 1
61 326 2
110 327 18
253 328 1
295 329 2
306 330 1
200 331 1
248 332 4
93 333 3
179 334 1
274 335 2
298 336 1
226 337 3
150 338 2
198 339 2
284 340 2
16 341 9
203 342 1
282 343 2
296 344 3
245 345 3
215 346 3
137 347 2
295 348 1
79 349 1
45 350 2
204 351 2
26 352 3
238 353 2
150 354 2
46 355 6
200 356 2
127 357 1
171 358 5
310 359 2
2 360 7
39 361 3
328 362 3
85 363 1
76 364 3
119 365 1
155 366 3
285 367 3
196 368 1
275 369 3
143 370 2
296 371 3
2 372 3
268 373 15
283 374 2
186 375 1
143 376 4
110 377 3
143 378 2
155 379 3
56 380 13
348 381 1
326 382 2
244 383 1
250 384 3
336 385 1
129 386 1
284 387 2
311 388 2
210 389 2
326 390 2
103 391 2
334 392 2
247 393 2
97 394 3
157 395 3
224 396 3
70 397 2
284 398 2
131 399 2
68 400 3
1 401 3
205 402 5
284 403 3
299 404 3
366 405 1
355 406 2
235 407 3
202 408 7
296 409 1
238 410 3
248 411 3
299 412 1
120 413 1
291 414 1
185 415 3
25 416 2
241 417 1
337 418 2
97 419 2
396 420 2
177 421 2
70 422 3
398 423 2
162 424 3
397 425 1
50 426 2
89 427 3
196 428 3
133 429 1
299 430 2
251 431 3
270 432 4
205 433 9
387 434 3
302 435 3
168 436 2
197 437 1
359 438 3
58 439 1
250 440 3
131 441 3
291 442 3
366 443 2
317 444 3
433 445 3
83 446 8
402 447 1
402 448 5
446 449 8
115 450 1
40 451 3
421 452 3
427 453 3
219 454 13
363 455 1
321 456 2
44 457 3
42 458 4
274 459 4
413 460 1
205 461 2
268 462 2
5 463 3
11 464 3
367 465 1
376 466 4
69 467 1
231 468 2
344 469 1
296 470 3
235 471 14
471 472 1
84 473 1
264 474 2
306 475 2
237 476 3
134 477 3
383 478 1
67 479 1
136 480 1
354 481 2
248 482 2
210 483 3
231 484 1
441 485 3
243 486 14
210 487 1
289 488 1
167 489 3
436 490 2
462 491 1
15 492 3
459 493 1
136 494 3
452 495 1
448 496 3
138 497 3
281 498 2
402 499 1
139 500 1
479 501 3
427 502 3
133 503 2
455 504 2
27 505 1
341 506 9
442 507 3
97 508 1
280 509 2
360 510 2
323 511 3
42 512 3
115 513 2
355 514 8
297 515 1
453 516 3
241 517 3
206 518 2
227 519 3
410 520 3
145 521 2
355 522 3
155 523 3
4 524 2
458 525 4
111 526 1
293 527 3
309 528 3
1 529 2
432 530 4
161 531 2
406 532 3
222 533 3
22 36 1
40 49 2
16 59 8
16 63 10
47 95 1
3 103 2
79 108 3
4 126 1
99 126 7
110 146 9
99 159 2
75 172 2
84 176 1
111 200 5
91 202 6
87 204 1
119 208 1
141 217 1
184 223 2
107 228 2
82 231 3
62 232 2
20 235 18
187 239 3
223 240 3
20 252 3
191 262 3
249 268 1
87 269 8
64 270 4
248 270 4
85 273 3
26 274 2
86 276 3
247 284 1
267 291 3
71 302 2
87 310 2
179 313 3
138 315 3
7 319 1
126 320 1
76 321 2
158 322 2
224 324 2
160 325 3
105 326 2
23 329 1
255 331 3
176 332 4
221 333 1
172 334 3
292 335 2
176 343 1
86 346 2
163 353 1
200 358 5
315 361 2
276 362 2
174 367 1
14 371 3
82 374 2
154 381 3
382 386 2
329 391 1
286 394 3
50 395 2
249 395 2
358 395 3
353 397 1
305 399 3
339 399 2
18 404 1
177 405 1
35 408 7
45 416 3
38 417 1
158 418 2
204 418 1
287 418 1
8 419 2
220 423 3
366 428 3
169 429 3
398 430 3
174 432 3
326 442 1
196 446 2
373 449 15
94 450 1
217 450 1
177 454 1
211 455 1
131 456 3
104 457 2
329 458 2
110 459 9
367 460 3
427 461 3
213 466 4
353 468 2
213 471 6
266 471 9
78 474 2
148 476 2
278 487 3
357 487 1
17 488 3
193 490 3
204 490 1
453 492 3
49 495 1
214 495 1
128 503 3
1 506 19
171 506 4
360 506 7
214 508 2
165 509 3
394 511 2
2 513 2
87 514 8
338 524 2
44 525 4
77 528 3
245 528 1
433 530 4
164 532 2
547 550 2
598 600 2
573 601 1
578 614 3
580 617 3
568 655 1
600 657 2
657 666 3
573 682 3
570 687 3
632 688 1
573 689 2
618 693 1
584 701 1
552 703 3
630 717 3
710 723 3
563 726 3
705 731 3
547 732 3
647 734 3
622 750 3
581 752 1
687 754 2
608 756 2
646 760 1
660 769 3
715 771 1
737 772 1
674 777 2
764 782 2
575 785 1
752 786 1
644 787 1
550 788 3
607 792 1
553 796 1
563 798 2
569 798 3
774 800 1
561 804 3
730 805 2
756 806 2
540 808 1
748 810 3
729 815 2
796 815 3
733 816 1
645 821 3
716 833 2
570 834 3
578 835 3
685 837 2
555 850 1
758 853 3
855 857 3
658 863 3
800 867 3
772 868 3
536 874 1
796 874 2
556 877 3
562 881 2
684 887 2
563 889 1
617 895 2
554 897 3
565 900 2
615 908 2
534 909 2
745 911 1
874 914 1
743 917 3
821 917 3
564 918 1
536 922 2
907 924 2
738 925 3
703 928 3
806 931 2
840 937 1
678 938 2
543 939 2
758 942 2
859 942 2
748 943 3
679 945 2
871 951 1
881 959 2
723 965 1
943 973 3
882 982 2
659 983 3
714 985 3
772 985 3
762 988 2
727 990 3
810 990 1
695 991 1
847 991 1
578 992 3
968 992 1
589 993 2
552 994 1
865 994 3
29 487 168 137 145 326 358 200 4 84 18 83 35 80 97 11 171 213 134 253 61 69 183 75 131 427 130 174 94 395 150 60 268 245 104 402 296 78 193 117 15 13 453 164 24 191 49 43 112 459 68 172 47 210 76 223 299 418 221 133 495 433 139 79 231 230 106 85 214 291 284 321 119 136 42 217 53 367 222 334 12 7 177 115 310 33 241 528 220 355 205 432 155 14 455 25 36 19 248 87 397 45 105 129 235 238 10 394 124 99 179
3 58 3
5 454 13
1 216 18
3 449 15
7 327 18
2 255 14
1 212 9
5 149 3
1 433 12
1 411 1
6 314 2
2 407 3
7 22 14
6 483 1
6 301 1
6 380 13
4 35 18
2 486 14
7 233 4
7 119 12
7 448 5