99 90 25 8 17
1 2 19
1 3 18
3 4 16
3 5 11
5 6 13
2 7 14
6 8 3
7 9 11
7 10 3
5 11 3
9 12 3
6 13 13
1 14 20
13 15 10
9 16 20
8 17 2
14 18 18
14 19 1
3 20 18
1 21 2
17 22 1
3 23 1
11 24 1
15 25 1
14 26 9
5 27 3
13 28 3
3 29 17
17 30 2
10 31 3
23 32 2
28 33 13
28 34 11
7 35 3
2 36 8
18 37 1
32 38 2
19 39 3
2 40 7
3 41 13
21 42 2
4 43 3
41 44 18
42 45 2
41 46 1
10 47 3
38 48 1
47 49 8
39 50 2
6 51 7
23 52 2
4 53 2
10 54 4
49 55 8
10 56 2
40 57 1
44 58 1
43 59 3
36 60 8
12 61 1
26 62 3
50 63 3
49 64 2
56 65 1
19 66 2
33 67 2
13 68 1
37 69 2
61 70 1
36 71 1
2 12 11
18 20 17
14 27 2
3 33 13
26 35 1
30 42 3
40 42 3
18 47 5
30 54 3
55 60 8
25 65 2
51 68 2
3 69 3
76 85 2
84 89 1
82 90 3
89 90 2
79 91 2
89 95 1
72 98 1
18 5 23 12 3 10 14 9 40 28 49 7 30 41 6 26 36 4 47 13 17 2 19 33 42
8 26 9
7 4 16
4 7 19
1 54 5
6 44 18
8 20 18
1 15 11
1 18 5
4 28 15
6 17 5
3 51 7
5 16 8
3 20 3
1 29 17
3 40 7
6 16 20
1 34 11