102 98 19 8 24
1 2 16
2 3 8
1 4 16
4 5 3
2 6 3
1 7 15
7 8 2
3 9 3
4 10 13
2 11 8
10 12 13
9 13 1
11 14 3
11 15 2
14 16 3
2 17 6
4 18 10
7 19 3
3 20 10
16 21 3
11 22 2
17 23 2
12 24 14
22 25 3
8 26 1
20 27 1
1 28 18
12 29 2
17 30 5
30 31 3
29 32 3
29 33 3
5 34 2
9 35 2
14 36 3
18 37 8
2 38 1
15 39 3
10 40 1
23 41 8
9 42 3
20 43 10
26 44 2
42 45 3
32 46 12
44 47 17
16 48 5
42 49 7
18 50 1
47 51 2
9 52 3
52 53 3
17 54 3
30 55 10
32 56 2
24 57 6
41 58 6
21 59 8
36 60 3
22 61 3
18 62 3
54 63 3
22 64 1
3 65 3
19 66 1
21 67 1
6 68 1
55 69 2
2 70 9
28 71 1
28 72 15
30 73 3
28 74 11
21 24 7
9 30 5
34 37 1
3 42 5
13 42 3
39 43 1
25 46 3
23 49 7
6 53 1
32 53 1
46 56 1
43 60 3
20 61 2
54 67 2
18 68 4
36 68 4
44 70 9
32 72 15
75 76 1
82 86 1
77 89 1
81 92 1
81 93 3
76 94 3
78 99 3
4 44 24 36 29 53 6 46 30 11 22 23 3 42 28 2 7 32 21
2 7 16
8 55 10
6 43 14
7 47 17
2 13 1
4 12 9
1 32 15
8 58 6
5 42 8
5 37 9
2 74 11
4 20 15
3 46 13
2 41 8
3 11 14
4 47 10
5 57 6
8 59 8
5 48 5
8 19 3
7 11 19
3 24 17
1 2 1
6 47 3