1991 1464 217 8 17
1 2 16
2 3 14
3 4 4
3 5 7
1 6 15
6 7 15
4 8 4
4 9 4
9 10 4
5 11 2
10 12 8
1 13 15
10 14 4
14 15 3
8 16 2
11 17 2
11 18 2
15 19 2
14 20 3
5 21 1
5 22 3
19 23 1
10 24 1
6 25 1
4 26 2
25 27 1
18 28 2
24 29 1
14 30 3
25 31 3
27 32 2
32 33 2
18 34 3
10 35 2
33 36 2
4 37 2
26 38 1
26 39 1
14 40 3
33 41 2
32 42 2
32 43 1
28 44 1
35 45 3
16 46 1
28 47 2
11 48 2
2 49 1
43 50 2
9 51 3
8 52 3
46 53 1
31 54 3
50 55 7
53 56 4
32 57 3
55 58 8
44 59 2
50 60 2
20 61 1
9 62 2
11 63 1
57 64 2
10 65 3
32 66 2
3 67 7
58 68 1
54 69 3
19 70 1
10 71 3
1 72 2
63 73 2
58 74 1
66 75 3
15 76 3
48 77 2
62 78 1
67 79 2
57 80 1
74 81 3
79 82 2
4 83 2
9 84 3
25 85 3
76 86 1
53 87 3
41 88 3
13 89 8
63 90 1
24 91 3
6 92 1
11 93 1
18 94 1
29 95 1
64 96 1
3 97 1
65 98 3
70 99 1
68 100 3
51 101 3
63 102 3
30 103 3
31 104 3
90 105 4
7 106 12
100 107 1
3 108 10
66 109 1
68 110 3
42 111 2
8 112 3
8 113 3
88 114 2
70 115 1
108 116 2
10 117 1
65 118 2
113 119 2
99 120 2
54 121 1
93 122 1
84 123 3
97 124 1
113 125 2
47 126 3
16 127 1
89 128 8
64 129 2
119 130 3
94 131 2
90 132 3
56 133 3
26 134 1
74 135 1
64 136 2
11 137 2
61 138 3
100 139 1
30 140 3
96 141 2
78 142 2
38 143 3
66 144 3
45 145 2
46 146 1
33 147 3
17 148 2
124 149 3
117 150 2
19 151 3
77 152 3
109 153 1
25 154 2
148 155 3
52 156 3
141 157 2
74 158 2
27 159 1
31 160 2
50 161 3
80 162 3
108 163 2
67 164 13
13 165 2
34 166 3
50 167 2
124 168 2
120 169 2
75 170 2
50 171 8
13 172 6
50 173 1
108 174 3
152 175 3
104 176 2
47 177 3
129 178 3
49 179 2
95 180 3
75 181 3
38 182 2
108 183 3
144 184 3
13 185 2
155 186 1
64 187 3
148 188 2
37 189 3
95 190 3
169 191 3
127 192 3
20 193 2
153 194 1
96 195 1
124 196 2
176 197 1
22 198 3
12 199 2
52 200 1
124 201 2
193 202 1
119 203 3
152 204 3
75 205 3
105 206 3
169 207 1
28 208 3
66 209 1
134 210 3
155 211 3
22 212 3
51 213 2
87 214 3
213 215 2
97 216 3
149 217 2
17 218 1
60 219 2
15 220 1
146 221 1
36 222 2
93 223 3
200 224 1
223 225 1
4 226 2
22 227 3
167 228 1
40 229 3
62 230 1
53 231 1
125 232 2
207 233 1
70 234 1
2 235 2
223 236 3
145 237 1
36 238 1
88 239 1
40 240 2
160 241 3
14 242 3
12 243 3
199 244 2
107 245 3
60 246 2
149 247 3
149 248 2
111 249 3
236 250 2
191 251 3
240 252 1
139 253 2
200 254 1
83 255 3
54 256 2
190 257 2
142 258 2
73 259 1
213 260 1
12 261 12
198 262 1
105 263 2
37 264 3
59 265 2
117 266 2
93 267 1
75 268 2
58 269 2
161 270 1
159 271 2
13 272 2
245 273 3
261 274 3
146 275 3
113 276 3
187 277 15
129 278 3
249 279 3
158 280 2
1 281 2
54 282 3
245 283 2
248 284 3
45 285 1
191 286 1
176 287 2
234 288 1
132 289 3
56 290 16
203 291 3
123 292 1
237 293 2
102 294 1
70 295 3
264 296 1
5 297 2
13 298 3
195 299 3
190 300 3
28 301 1
122 302 3
22 303 3
153 304 3
168 305 2
13 306 1
135 307 3
173 308 3
8 309 4
247 310 2
309 311 3
140 312 3
295 313 2
40 314 3
186 315 3
19 316 2
151 317 1
289 318 3
16 319 2
237 320 3
166 321 2
96 322 1
311 323 2
205 324 3
69 325 2
188 326 3
161 327 3
203 328 1
81 329 2
290 330 3
222 331 1
172 332 6
161 333 3
317 334 3
183 335 1
255 336 1
140 337 3
326 338 3
139 339 2
55 340 2
168 341 2
14 342 3
72 343 2
77 344 2
241 345 2
65 346 3
124 347 2
164 348 3
130 349 1
146 350 3
8 351 3
257 352 3
200 353 2
170 354 2
168 355 1
265 356 1
346 357 3
191 358 1
6 359 3
184 360 2
103 361 3
139 362 3
341 363 2
194 364 2
73 365 1
118 366 3
195 367 1
196 368 1
251 369 2
49 370 3
256 371 2
15 372 1
174 373 3
306 374 1
37 375 2
25 376 2
263 377 2
252 378 2
374 379 2
349 380 1
107 381 3
225 382 2
160 383 2
288 384 3
167 385 2
319 386 1
142 387 2
179 388 2
327 389 3
167 390 1
328 391 3
350 392 3
29 393 3
129 394 3
371 395 1
107 396 1
145 397 1
132 398 1
332 399 2
5 400 1
53 401 2
277 402 2
45 403 3
19 404 2
91 405 1
166 406 1
137 407 2
291 408 3
207 409 1
359 410 3
29 411 2
133 412 3
182 413 1
18 414 1
254 415 3
360 416 3
278 417 1
394 418 1
255 419 1
390 420 2
110 421 3
259 422 1
264 423 2
46 424 3
56 425 1
399 426 1
227 427 3
233 428 1
46 429 2
158 430 3
85 431 2
144 432 2
187 433 6
49 434 3
94 435 1
309 436 11
289 437 2
342 438 2
88 439 1
243 440 1
391 441 2
406 442 1
152 443 1
8 444 2
248 445 2
276 446 2
399 447 3
27 448 2
386 449 1
211 450 2
195 451 1
164 452 15
77 453 2
355 454 1
394 455 1
68 456 2
90 457 3
366 458 2
239 459 1
108 460 1
36 461 1
436 462 2
360 463 2
161 464 3
25 465 1
264 466 2
441 467 3
95 468 3
144 469 3
462 470 2
350 471 3
369 472 2
296 473 1
70 474 1
195 475 3
286 476 2
90 477 2
20 478 3
394 479 1
54 480 2
207 481 2
227 482 3
1 483 3
412 484 3
476 485 2
415 486 2
54 487 2
132 488 2
195 489 3
117 490 1
449 491 1
298 492 1
278 493 3
356 494 3
296 495 2
415 496 1
147 497 3
173 498 3
300 499 1
153 500 2
228 501 1
320 502 3
422 503 2
129 504 2
403 505 3
414 506 3
32 507 2
398 508 1
460 509 1
509 510 1
437 511 2
12 512 1
369 513 1
299 514 2
37 515 2
22 516 3
374 517 1
462 518 3
494 519 2
377 520 2
222 521 1
109 522 1
331 523 3
103 524 3
268 525 3
36 526 3
421 527 1
518 528 3
411 529 2
277 530 3
306 531 1
421 532 2
451 533 2
311 534 1
470 535 3
364 536 3
132 537 3
448 538 3
262 539 1
160 540 1
139 541 1
196 542 3
261 543 1
208 544 1
489 545 1
459 546 1
274 547 3
229 548 1
392 549 2
460 550 1
155 551 3
395 552 1
434 553 1
295 554 1
63 555 2
263 556 2
376 557 2
128 558 8
267 559 3
369 560 3
51 561 3
200 562 1
204 563 2
277 564 6
548 565 2
14 566 3
304 567 1
166 568 1
459 569 3
324 570 2
46 571 2
553 572 1
138 573 2
13 574 3
164 575 1
304 576 1
536 577 1
83 578 2
116 579 3
368 580 1
118 581 3
156 582 2
393 583 3
114 584 3
393 585 3
412 586 2
140 587 1
120 588 3
499 589 2
260 590 2
333 591 2
310 592 3
108 593 1
271 594 3
15 595 1
290 596 1
396 597 1
499 598 3
441 599 1
580 600 2
550 601 3
314 602 3
341 603 3
269 604 1
279 605 3
235 606 3
441 607 1
230 608 3
579 609 2
201 610 3
135 611 3
532 612 1
452 613 15
351 614 3
356 615 1
409 616 1
402 617 2
58 618 2
229 619 1
337 620 1
583 621 1
508 622 3
72 623 1
148 624 3
3 625 2
323 626 1
49 627 1
384 628 3
106 629 3
421 630 2
204 631 1
291 632 2
189 633 3
83 634 1
536 635 1
259 636 1
237 637 1
495 638 1
300 639 2
538 640 3
79 641 3
399 642 3
181 643 3
104 644 3
70 645 2
587 646 2
639 647 2
196 648 2
452 649 3
12 650 2
599 651 3
279 652 1
145 653 1
594 654 2
64 655 1
314 656 2
236 657 2
187 658 4
604 659 2
286 660 1
562 661 2
437 662 1
124 663 2
495 664 2
369 665 2
325 666 2
236 667 6
417 668 1
313 669 3
95 670 2
482 671 2
620 672 3
376 673 1
502 674 2
478 675 3
14 676 2
615 677 3
198 678 2
510 679 1
186 680 2
500 681 2
54 682 2
408 683 2
48 684 1
143 685 2
682 686 1
629 687 3
416 688 1
159 689 2
186 690 3
427 691 2
603 692 7
584 693 1
141 694 2
256 695 3
610 696 1
476 697 3
517 698 3
348 699 2
140 700 3
559 701 1
227 702 3
46 703 3
492 704 1
412 705 1
448 706 2
131 707 1
18 708 3
336 709 2
657 710 2
359 711 2
482 712 2
556 713 3
357 714 3
164 715 2
582 716 3
270 717 3
389 718 3
664 719 1
247 720 1
113 721 2
106 722 2
225 723 1
332 724 6
32 725 1
101 726 1
310 727 2
711 728 2
150 729 2
576 730 2
548 731 3
201 732 1
100 733 2
412 734 2
366 735 2
288 736 3
112 737 1
318 738 1
244 739 3
29 740 1
571 741 1
409 742 1
82 743 2
567 744 3
662 745 3
285 746 3
468 747 2
280 748 1
580 749 3
421 750 1
412 751 3
481 752 1
555 753 1
222 754 2
366 755 3
18 756 1
650 757 3
705 758 2
533 759 2
388 760 3
130 761 2
464 762 3
606 763 1
479 764 3
733 765 3
364 766 3
385 767 2
239 768 2
198 769 2
704 770 2
257 771 2
333 772 2
20 773 3
5 774 1
544 775 2
613 776 1
564 777 6
155 778 3
344 779 2
210 780 1
141 781 1
292 782 1
591 783 1
244 784 3
257 785 1
272 786 2
159 787 1
363 788 3
500 789 3
756 790 3
72 791 2
620 792 2
54 793 2
671 794 3
277 795 3
583 796 2
552 797 1
393 798 3
459 799 3
613 800 2
93 801 3
112 802 3
296 803 2
575 804 2
223 805 3
622 806 1
636 807 3
164 808 2
417 809 1
650 810 1
746 811 2
387 812 2
532 813 1
683 814 2
603 815 4
203 816 2
735 817 1
242 818 1
402 819 3
464 820 2
245 821 2
170 822 2
348 823 3
795 824 3
411 825 1
597 826 3
640 827 1
421 828 1
554 829 3
758 830 3
710 831 3
821 832 1
582 833 1
618 834 3
290 835 3
416 836 1
698 837 3
74 838 3
445 839 2
46 840 2
27 841 1
629 842 1
452 843 3
614 844 1
478 845 3
432 846 1
673 847 2
789 848 2
595 849 3
702 850 3
32 851 2
493 852 3
768 853 3
640 854 2
182 855 3
675 856 3
410 857 2
406 858 2
844 859 1
619 860 1
594 861 3
65 862 2
804 863 3
215 864 1
332 865 14
284 866 2
553 867 3
187 868 3
603 869 2
480 870 2
136 871 2
603 872 2
466 873 1
9 874 1
848 875 3
240 876 3
305 877 3
392 878 2
542 879 3
798 880 1
211 881 2
469 882 3
505 883 1
510 884 2
858 885 1
340 886 1
135 887 2
243 888 2
844 889 2
134 890 3
823 891 3
714 892 3
395 893 1
696 894 2
251 895 3
239 896 1
411 897 1
850 898 2
579 899 2
213 900 2
652 901 3
790 902 3
62 903 2
866 904 1
577 905 2
835 906 1
431 907 3
639 908 3
724 909 6
401 910 2
854 911 1
876 912 1
834 913 3
414 914 3
597 915 3
660 916 1
814 917 3
339 918 1
98 919 2
792 920 2
181 921 3
285 922 1
318 923 2
753 924 2
753 925 2
559 926 1
171 927 3
175 928 3
497 929 3
195 930 1
577 931 3
753 932 2
214 933 3
513 934 1
300 935 2
739 936 2
574 937 2
337 938 2
86 939 3
748 940 1
213 941 2
583 942 3
752 943 1
471 944 4
93 945 3
817 946 2
397 947 2
872 948 2
109 949 2
929 950 3
624 951 1
27 952 3
276 953 1
928 954 3
703 955 1
864 956 2
385 957 1
642 958 2
180 959 2
757 960 2
605 961 2
358 962 1
416 963 2
389 964 2
772 965 1
783 966 3
375 967 1
393 968 1
613 969 2
171 970 3
310 971 3
819 972 1
865 973 14
558 974 2
81 975 1
586 976 1
80 977 2
509 978 2
859 979 3
503 980 2
446 981 1
367 982 2
419 983 2
588 984 2
498 985 3
710 986 2
81 987 3
528 988 1
660 989 2
129 990 1
498 991 2
584 992 2
317 993 2
874 994 3
6 995 1
489 996 1
42 997 3
536 998 3
932 999 2
489 1000 3
756 1001 3
869 1002 2
755 1003 2
114 1004 1
987 1005 3
224 1006 3
451 1007 2
863 1008 1
311 1009 3
58 1010 14
248 1011 2
239 1012 3
466 1013 1
818 1014 3
727 1015 2
653 1016 3
538 1017 1
57 84 3
22 86 3
53 110 1
30 124 2
6 141 3
124 141 3
61 153 2
106 171 11
104 195 1
140 225 2
149 230 2
36 244 1
28 256 2
240 268 1
174 271 1
82 273 3
151 275 1
227 275 3
11 285 3
122 290 3
160 291 3
104 294 1
152 297 3
159 299 2
265 299 3
109 317 3
278 322 3
25 325 3
157 329 1
45 334 2
264 334 2
181 337 4
235 349 2
266 358 2
324 361 3
215 365 1
302 373 3
177 375 1
180 375 1
335 375 1
44 377 3
76 388 3
135 393 1
317 394 3
70 397 1
346 398 2
70 402 3
64 405 3
74 406 2
110 406 2
274 407 1
324 407 2
30 408 1
215 409 3
84 413 1
417 427 3
215 461 1
134 467 2
11 474 1
292 475 1
286 482 2
231 488 2
11 491 2
189 492 3
250 500 2
370 502 1
225 507 2
119 515 3
286 522 2
302 525 2
212 528 3
370 535 3
483 537 3
36 547 2
209 554 1
340 557 1
424 558 2
433 558 6
349 565 2
103 571 1
287 573 2
32 574 1
559 574 1
177 583 3
412 583 3
389 588 2
440 591 1
271 593 1
304 598 1
81 601 3
482 602 3
418 606 3
255 608 3
167 611 3
242 613 3
582 613 4
392 617 2
108 620 3
188 627 1
565 628 3
459 641 2
453 643 3
285 644 1
376 648 2
93 652 3
366 653 2
299 659 2
495 662 3
582 663 1
167 670 3
658 672 4
9 673 1
647 675 1
31 677 2
56 692 7
83 694 3
637 695 3
123 700 2
199 705 3
185 710 2
165 715 2
247 716 3
434 722 2
124 727 1
252 729 3
42 730 3
115 740 1
446 743 2
451 746 3
665 749 1
260 755 2
124 760 2
397 761 1
621 765 2
603 767 2
727 772 3
487 774 2
667 777 6
337 780 2
613 784 3
706 787 2
501 797 2
553 797 2
139 798 2
137 800 2
745 805 3
372 812 1
550 812 2
806 813 3
714 815 4
533 816 1
85 819 2
322 832 2
11 833 3
423 833 2
87 834 2
831 836 3
609 840 3
758 842 3
590 844 1
326 847 2
169 853 3
761 853 2
741 859 1
643 864 1
87 872 1
874 878 2
662 880 1
253 881 3
5 892 7
71 904 2
846 908 3
471 909 6
3 911 3
117 911 2
496 914 1
844 915 2
35 924 2
361 924 3
264 926 2
366 927 2
340 928 1
440 929 2
15 930 3
878 930 1
259 931 1
755 931 1
320 933 1
672 935 3
514 937 1
871 937 1
375 939 3
752 939 2
422 940 1
105 942 3
31 944 4
198 947 2
690 950 3
947 951 1
70 955 2
140 956 3
606 956 2
239 958 2
621 959 1
955 960 2
213 962 1
256 962 2
138 969 2
693 969 2
932 970 2
213 972 1
532 973 3
181 975 1
438 977 1
211 979 3
769 983 1
621 984 3
921 984 3
789 986 1
770 988 1
219 991 3
137 998 1
36 999 1
211 999 1
460 999 3
681 999 2
632 1002 3
774 1006 2
75 1009 3
665 1009 2
962 1011 3
749 1017 2
1037 1110 3
1108 1111 1
1118 1188 3
1071 1200 2
1115 1226 1
1082 1237 3
1158 1238 2
1143 1245 3
1247 1268 2
1164 1271 1
1208 1281 1
1169 1286 3
1275 1302 3
1105 1305 1
1045 1318 1
1310 1324 3
1202 1350 2
1230 1358 3
1167 1366 1
1048 1373 1
1272 1379 3
1226 1386 3
1237 1389 2
1046 1394 2
1363 1430 1
1269 1439 3
1411 1439 2
1383 1445 1
1024 1455 2
1342 1457 1
1064 1467 2
1178 1475 2
1052 1476 1
1256 1492 1
1124 1495 3
1132 1499 3
1026 1503 3
1460 1503 1
1054 1507 2
1277 1511 2
1453 1519 2
1384 1520 2
1139 1523 3
1021 1524 1
1445 1531 2
1050 1533 1
1479 1546 1
1282 1555 1
1023 1556 3
1359 1568 2
1192 1572 3
1355 1576 1
1436 1576 2
1232 1578 1
1495 1579 2
1246 1583 3
1441 1586 1
1438 1587 1
1139 1588 2
1478 1596 1
1185 1603 2
1595 1603 1
1352 1610 3
1491 1619 2
1038 1624 2
1100 1632 2
1040 1635 3
1058 1637 3
1310 1637 1
1531 1641 1
1229 1643 3
1075 1646 3
1307 1649 1
1513 1650 3
1421 1651 2
1427 1654 2
1198 1655 3
1467 1659 3
1471 1660 2
1078 1664 1
1528 1667 1
1190 1682 3
1144 1685 1
1161 1687 2
1181 1690 3
1366 1694 3
1221 1695 2
1269 1695 2
1246 1701 1
1356 1701 2
1200 1704 1
1316 1704 2
1515 1711 3
1095 1715 3
1319 1717 1
1222 1718 2
1321 1723 1
1163 1725 1
1223 1733 2
1465 1736 2
1436 1738 2
1648 1740 3
1043 1748 2
1304 1750 2
1501 1751 3
1171 1752 2
1454 1752 3
1749 1752 3
1492 1753 1
1703 1760 3
1708 1760 1
1505 1764 2
1724 1764 2
1092 1765 3
1362 1778 1
1131 1784 2
1477 1786 2
1298 1787 1
1429 1789 2
1090 1791 1
1122 1792 2
1404 1792 1
1530 1792 2
1783 1792 1
1552 1793 1
1478 1801 3
1110 1802 3
1080 1806 1
1741 1808 3
1239 1810 1
1808 1811 2
1106 1812 3
1256 1815 2
1610 1816 2
1468 1817 1
1093 1821 1
1098 1825 3
1391 1825 1
1712 1826 1
1435 1829 2
1813 1831 2
1487 1832 3
1550 1832 3
1610 1833 2
1732 1836 2
1548 1838 1
1790 1839 3
1657 1842 2
1220 1844 2
1728 1846 1
1159 1847 3
1827 1850 3
1200 1853 3
1020 1855 2
1123 1856 3
1777 1856 3
1608 1857 1
1271 1860 3
1551 1861 1
1128 1864 2
1496 1864 1
1644 1864 3
1780 1864 2
1119 1865 2
1772 1868 3
1654 1869 1
1644 1870 1
1639 1872 1
1634 1876 3
1399 1877 1
1801 1878 2
1693 1880 2
1633 1881 1
1433 1887 1
1867 1887 3
1670 1888 1
1405 1889 3
1099 1890 2
1306 1890 2
1714 1890 3
1066 1892 1
1722 1894 2
1088 1896 2
1059 1897 1
1359 1899 2
1653 1903 2
1815 1904 1
1513 1905 1
1901 1910 1
1263 1913 3
1766 1916 3
1645 1917 2
1915 1918 2
1440 1919 2
1770 1920 2
1147 1923 2
1502 1923 1
1803 1923 2
1719 1925 3
1052 1926 2
1827 1932 2
1314 1934 3
1727 1934 3
1639 1944 1
1695 1951 1
1955 1958 2
1229 1961 3
1022 1962 3
1855 1971 3
1580 1976 1
1222 1983 1
1895 1983 3
1033 1989 2
1952 1990 1
1351 1991 2
1451 1991 2
478 35 36 275 864 962 388 538 437 223 448 70 237 495 819 52 299 536 230 434 310 240 60 188 54 398 20 26 924 394 580 93 874 358 113 366 416 76 257 460 247 374 66 749 30 85 129 130 48 395 6 872 77 509 582 189 40 772 314 597 334 929 149 583 309 51 727 652 466 53 38 276 86 222 259 33 278 665 369 114 774 571 969 302 213 1009 489 279 153 650 528 756 370 415 173 63 191 73 937 588 94 159 229 75 340 158 186 476 200 346 446 12 58 812 459 211 427 68 239 18 289 288 118 408 176 105 464 123 500 11 407 268 67 349 47 348 160 170 337 201 710 462 714 939 705 62 746 532 49 134 277 859 256 833 145 930 755 421 956 56 548 753 42 95 161 451 151 550 675 104 187 45 19 359 834 375 291 244 392 955 640 122 10 207 639 82 88 4 471 306 300 17 412 931 798 422 274 263 152 174 142 22 90 672 215 554 606 350 46 591 196 235 853 8 361 265 24
2 424 5
2 232 2
6 261 13
8 973 17
8 290 19
7 7 7
4 613 18
3 675 1
3 895 3
2 536 1
1 550 1
8 436 13
8 105 10
7 1010 14
6 892 7
7 1015 1
1 277 19