304 255 52 8 18
1 2 52
2 3 52
3 4 3
3 5 18
4 6 1
2 7 3
4 8 2
2 9 2
3 10 41
2 11 8
2 12 10
10 13 19
10 14 22
6 15 2
3 16 19
6 17 3
5 18 18
12 19 3
1 20 1
13 21 19
14 22 1
21 23 4
14 24 3
8 25 2
16 26 18
18 27 14
16 28 2
14 29 10
24 30 3
2 31 17
18 32 9
18 33 14
27 34 14
9 35 2
14 36 2
14 37 13
28 38 3
33 39 14
28 40 3
12 41 3
34 42 1
11 43 1
16 44 1
24 45 5
17 46 3
11 47 6
40 48 3
45 49 12
32 50 9
49 51 5
29 52 4
2 53 2
31 54 2
28 55 2
5 56 2
24 57 1
22 58 1
6 59 9
10 60 1
26 61 1
31 62 17
18 63 3
29 64 1
45 65 3
15 66 1
18 67 2
67 68 2
45 69 4
7 70 3
64 71 1
29 72 3
62 73 17
15 74 3
8 75 1
62 76 2
15 77 2
74 78 3
6 79 3
42 80 2
43 81 2
39 82 3
52 83 3
27 84 2
30 85 1
12 86 3
10 87 3
72 88 3
71 89 3
14 90 13
29 91 10
58 92 1
86 93 1
42 94 2
25 95 1
91 96 6
77 97 2
58 98 1
4 99 2
37 100 4
47 101 1
18 102 1
74 103 1
9 104 3
86 105 3
51 106 5
26 107 18
53 108 3
45 109 1
23 110 1
64 111 2
29 112 2
29 113 1
18 114 1
66 115 2
91 116 5
89 117 2
32 118 3
43 119 2
67 120 3
78 121 2
99 122 3
47 123 6
96 124 3
17 125 3
120 126 2
98 127 2
97 128 4
49 129 17
63 130 2
77 131 3
128 132 4
125 133 1
113 134 1
81 135 3
22 136 3
54 137 1
74 138 3
97 139 3
107 140 3
47 141 2
12 142 2
72 143 3
111 144 2
24 145 3
120 146 2
59 147 3
106 148 1
107 149 9
130 150 2
63 151 3
24 152 2
46 153 1
118 154 2
136 155 3
71 156 1
137 157 3
74 158 1
12 159 3
52 160 6
8 161 3
127 162 1
14 163 1
155 164 2
23 165 10
41 166 3
123 167 1
11 168 10
137 169 1
18 170 3
45 171 3
96 172 8
18 173 1
131 174 3
61 175 2
131 176 3
2 177 1
48 178 2
106 179 1
26 180 2
97 181 1
108 182 3
109 183 3
98 184 2
69 185 4
63 186 3
100 187 3
65 188 3
131 189 1
126 190 1
6 16 9
50 59 9
68 87 2
61 98 1
92 109 3
52 113 1
53 115 3
106 116 5
75 121 3
30 124 3
69 132 4
70 139 3
134 139 3
138 141 2
37 144 1
12 145 3
36 146 2
37 149 9
9 152 2
123 160 6
55 164 2
69 165 2
60 167 1
133 167 2
135 168 1
143 171 2
72 172 2
57 175 2
107 176 9
174 176 3
12 178 10
172 178 10
71 184 3
100 185 5
21 188 3
211 217 2
213 233 3
201 241 2
234 245 1
197 250 2
234 251 3
196 256 2
224 257 1
241 264 2
262 266 2
250 267 3
201 271 2
191 273 1
246 274 2
259 276 2
262 277 1
251 279 2
213 282 2
221 282 1
243 284 2
250 285 3
198 286 2
236 286 3
216 290 2
275 291 1
231 294 1
278 296 1
271 298 2
256 299 3
286 299 1
280 303 3
131 123 172 22 72 43 63 139 107 97 28 69 23 32 2 45 6 91 21 17 10 53 77 120 47 18 86 14 113 176 52 167 106 49 96 64 62 98 178 24 11 16 61 59 137 109 58 26 29 74 9 27
2 39 14
2 90 13
7 91 13
3 129 17
4 176 15
8 176 15
2 34 14
5 52 11
7 165 12
5 71 1
1 73 17
2 13 19
8 168 10
1 168 8
5 151 3
6 91 16
3 5 1
1 149 18