307 273 6 13 32
1 2 18
2 3 9
2 4 1
1 5 3
3 6 2
4 7 1
2 8 3
3 9 5
7 10 2
7 11 4
9 12 14
5 13 1
4 14 2
6 15 13
14 16 1
6 17 5
16 18 13
9 19 3
8 20 1
4 21 1
6 22 3
12 23 3
2 24 1
1 25 2
5 26 3
21 27 1
18 28 2
1 29 20
17 30 1
8 31 2
12 32 14
29 33 15
30 34 2
18 35 20
35 36 2
35 37 11
35 38 1
29 39 3
9 40 5
15 41 2
16 42 3
41 43 2
16 44 13
33 45 3
40 46 3
17 47 5
20 48 4
18 49 1
33 50 7
29 51 3
32 52 12
50 53 5
19 54 7
34 55 3
9 56 9
47 57 3
22 58 3
35 59 4
8 60 3
39 61 2
44 62 3
6 63 2
5 64 3
20 65 5
34 66 1
19 67 10
56 68 3
42 69 3
57 70 3
55 71 3
49 72 3
24 73 1
37 74 7
32 75 14
21 76 3
1 77 13
13 78 3
53 79 2
29 80 1
35 81 20
44 82 10
54 83 12
48 84 2
36 85 2
2 86 2
28 87 1
50 88 20
82 89 3
46 90 3
46 91 1
42 92 3
4 93 3
6 94 2
62 95 3
59 96 2
40 97 8
12 98 3
11 99 19
18 100 1
3 101 3
52 102 12
71 103 2
14 104 2
69 105 1
10 106 3
34 107 2
8 108 2
12 109 1
59 110 4
63 111 2
87 112 7
76 113 3
41 114 2
103 115 2
99 116 19
65 117 2
81 118 7
69 119 2
75 120 2
21 121 3
19 122 2
7 123 2
77 124 13
30 125 1
43 126 2
13 127 1
110 128 1
26 129 3
117 130 3
15 131 3
50 132 1
99 133 8
83 134 1
19 135 3
75 136 14
110 137 1
116 138 19
84 139 2
89 140 1
56 141 2
43 142 3
140 143 3
119 144 1
26 145 3
2 146 6
53 147 2
102 148 3
112 149 2
77 150 3
127 151 3
97 152 14
119 153 2
88 154 1
133 155 8
113 156 3
110 157 9
128 158 1
9 159 2
102 160 2
33 161 14
133 162 1
53 163 2
5 164 3
153 165 2
108 166 2
77 167 8
30 168 1
24 169 2
5 170 2
139 171 1
13 172 2
72 173 2
156 174 3
148 175 3
85 176 9
17 177 13
140 178 2
106 179 3
110 180 2
53 181 2
134 182 1
75 183 5
146 184 6
174 185 3
176 186 3
145 187 9
167 188 8
29 189 19
34 190 3
152 191 1
69 192 3
84 193 1
60 194 2
123 195 1
68 196 2
189 197 19
13 198 1
166 199 1
11 200 5
185 201 3
83 202 3
35 203 10
127 204 1
183 205 5
11 37 11
6 49 1
24 54 1
53 65 5
23 67 3
48 69 3
58 70 3
33 79 2
17 83 12
56 85 9
19 102 8
52 106 3
29 112 2
87 118 7
114 119 2
36 121 2
93 123 1
31 126 2
119 126 2
54 135 2
1 136 21
82 136 9
34 140 3
115 143 1
40 145 6
67 151 13
3 157 9
45 157 3
58 161 14
95 164 3
92 175 3
50 176 9
79 181 2
97 184 6
112 184 9
1 185 3
108 187 2
96 192 1
6 194 2
25 195 3
178 200 3
171 201 3
200 205 5
212 217 3
218 232 3
225 235 3
222 242 3
232 251 2
228 262 2
224 264 3
208 265 1
261 266 1
261 273 2
267 274 1
247 276 1
261 281 3
241 285 1
228 286 2
282 287 1
244 291 3
212 294 1
278 298 1
295 300 3
209 303 3
259 305 2
297 305 1
211 306 2
223 306 3
248 307 3
102 54 18 41 49 84
9 155 8
4 203 10
3 3 4
7 187 11
9 110 9
3 88 20
6 10 5
1 197 19
1 16 3
13 203 1
6 58 16
1 138 19
6 27 1
3 18 16
13 75 9
3 124 13
8 4 3
8 81 20
11 152 14
8 151 1
10 52 17
8 203 6
4 188 8
5 15 15
6 85 8
7 177 13
11 192 2
5 151 14
1 33 13
2 47 8
12 74 7
12 190 1