109 87 12 8 13
1 2 19
2 3 8
3 4 2
4 5 4
4 6 3
5 7 1
5 8 4
3 9 4
3 10 3
6 11 1
7 12 13
12 13 3
8 14 2
2 15 3
10 16 3
2 17 1
3 18 7
6 19 3
4 20 1
9 21 1
18 22 14
1 23 7
1 24 19
13 25 4
25 26 10
9 27 8
10 28 3
10 29 3
5 30 1
9 31 7
26 32 1
3 33 2
25 34 6
28 35 3
27 36 8
26 37 3
20 38 2
26 39 1
36 40 2
18 41 3
40 42 2
31 43 7
38 44 1
5 45 1
40 46 1
6 47 2
28 48 1
26 49 1
4 50 2
47 51 11
43 52 18
5 53 1
47 54 19
2 55 1
14 56 3
47 57 3
47 58 3
46 59 1
51 60 1
13 61 5
61 62 18
13 30 1
5 35 4
24 35 19
26 35 10
6 38 1
7 44 11
35 44 12
34 47 7
41 50 3
51 52 18
48 55 2
2 56 18
43 56 18
8 60 2
12 61 13
64 66 3
69 76 1
74 79 1
86 87 2
84 93 2
80 94 3
95 96 2
89 100 2
76 103 2
79 103 3
95 105 3
2 28 5 40 18 9 43 51 4 7 8 6
4 10 6
2 51 17
8 23 7
7 18 12
4 47 2
3 54 19
3 9 12
4 22 14
4 26 10
3 62 18
8 50 3
7 26 7
5 36 8