91 44 7 15 42
1 2 31
2 3 31
1 4 32
3 5 13
2 6 4
4 7 19
4 8 22
1 9 23
9 10 9
8 11 19
11 12 3
7 13 3
12 14 3
7 15 16
10 16 7
1 17 7
9 18 18
9 19 14
2 20 18
3 21 9
7 22 1
18 23 18
3 24 19
8 25 2
16 26 7
6 27 3
8 10 3
31 41 2
31 45 1
42 45 3
45 46 3
40 51 2
39 57 1
44 57 2
32 63 2
60 68 2
43 69 1
47 69 3
30 70 3
41 77 3
43 85 3
35 86 1
35 87 1
64 87 2
9 4 2 3 7 10 8
7 19 2
5 10 7
4 8 11
2 7 12
11 5 6
14 15 4
15 3 5
4 9 8
5 18 11
13 5 10
11 10 18
15 6 2
14 11 6
1 5 13
11 24 19
1 20 18
11 23 3
11 15 13
9 19 14
2 25 2
7 23 18
4 21 4
5 6 4
14 26 7
14 17 7
13 2 2
8 4 20
13 24 9
7 16 1
2 10 18
10 8 2
13 26 3
2 15 16
5 19 9
12 20 2
10 21 9
8 23 14
1 11 19
12 11 19
2 5 13
12 4 20
10 3 8