1010 1276 193 13 32
1 2 18
1 3 2
1 4 21
2 5 12
4 6 3
5 7 1
5 8 3
5 9 1
4 10 16
9 11 2
5 12 3
4 13 7
1 14 13
2 15 4
12 16 2
13 17 3
3 18 3
11 19 3
12 20 1
16 21 2
10 22 12
10 23 3
14 24 11
8 25 2
5 26 3
10 27 2
24 28 4
8 29 14
12 30 1
13 31 7
6 32 1
29 33 4
16 34 2
21 35 2
17 36 2
10 37 2
28 38 5
36 39 2
5 40 3
16 41 3
30 42 2
5 43 12
17 44 2
44 45 1
11 46 2
22 47 2
37 48 3
35 49 1
9 50 2
30 51 2
33 52 2
49 53 3
44 54 1
1 55 2
50 56 1
27 57 1
8 58 15
56 59 2
51 60 1
10 61 3
42 62 1
12 63 3
9 64 2
51 65 3
38 66 11
46 67 3
1 68 16
48 69 1
42 70 1
28 71 3
44 72 1
2 73 2
53 74 10
48 75 3
12 76 1
2 77 11
56 78 1
48 79 2
79 80 3
72 81 2
80 82 1
34 83 2
82 84 2
49 85 3
41 86 3
16 87 1
12 88 2
79 89 1
9 90 3
34 91 3
23 92 1
11 93 1
12 94 3
78 95 3
5 96 5
72 97 3
82 98 3
21 99 1
76 100 3
28 101 1
94 102 3
24 103 6
83 104 3
8 105 3
22 106 3
30 107 3
64 108 2
21 109 3
69 110 1
95 111 2
101 112 1
33 113 10
15 114 1
53 115 3
85 116 3
103 117 5
84 118 2
43 119 5
11 120 3
23 121 1
82 122 3
35 123 1
15 124 3
50 125 1
37 126 1
76 127 2
9 128 2
96 129 2
20 130 3
84 131 3
33 132 5
65 133 1
46 134 1
115 135 11
112 136 3
84 137 2
22 138 1
44 139 1
49 140 3
2 141 3
39 142 9
58 143 15
68 144 3
29 145 7
97 146 1
145 147 3
82 148 3
86 149 4
104 150 3
31 151 3
21 152 3
5 153 2
57 154 3
44 155 3
111 156 1
16 157 3
43 158 1
11 159 3
102 160 1
104 161 2
29 162 1
3 163 2
41 164 2
117 165 7
12 166 3
125 167 2
19 168 3
36 169 1
84 170 2
47 171 2
94 172 2
22 173 5
85 174 2
149 175 3
131 176 2
90 177 2
65 178 2
64 179 2
29 180 3
2 181 2
89 182 7
150 183 2
78 184 3
170 185 1
177 186 2
81 187 3
151 188 3
78 189 3
10 190 1
86 191 3
140 192 2
150 193 3
22 194 1
157 195 2
186 196 1
98 197 3
28 198 10
167 199 2
12 200 2
103 201 4
64 202 1
91 203 1
52 204 1
138 205 1
102 206 2
102 207 2
150 208 1
182 209 7
199 210 1
99 211 1
6 212 1
82 213 3
213 214 1
81 215 3
158 216 1
121 217 2
170 218 3
135 219 1
200 220 3
64 221 1
93 222 1
189 223 1
212 224 3
204 225 1
129 226 3
54 227 3
4 228 3
22 229 6
105 230 2
31 231 2
97 232 3
105 233 3
152 234 3
82 235 3
147 236 2
33 237 3
92 238 2
205 239 1
234 240 2
158 241 3
34 242 3
120 243 3
130 244 3
34 245 3
149 246 2
209 247 19
131 248 2
119 249 1
24 250 1
27 251 1
209 252 3
19 253 3
41 254 3
165 255 2
13 256 2
70 257 2
172 258 3
91 259 2
115 260 2
38 261 18
216 262 3
194 263 2
87 264 2
164 265 2
175 266 3
264 267 1
24 268 6
53 269 3
191 270 3
194 271 1
155 272 1
118 273 1
176 274 2
239 275 2
102 276 3
48 277 3
237 278 2
236 279 1
227 280 1
128 281 1
87 282 1
145 283 7
239 284 3
262 285 1
143 286 3
89 287 12
63 288 2
215 289 3
117 290 2
35 291 3
72 292 3
119 293 3
188 294 3
277 295 2
64 296 3
82 297 3
196 298 1
68 299 3
188 300 1
150 301 1
38 302 3
33 303 3
31 304 9
141 305 2
228 306 3
151 307 3
293 308 2
268 309 1
225 310 2
119 311 3
107 312 2
105 313 3
119 314 4
253 315 1
148 316 1
132 317 9
304 318 6
27 319 4
109 320 2
115 321 3
129 322 1
15 323 2
137 324 3
318 325 2
148 326 2
226 327 3
137 328 1
139 329 4
84 330 1
149 331 3
278 332 1
119 333 1
304 334 3
215 335 3
189 336 2
194 337 1
156 338 2
28 339 1
71 340 2
31 341 3
138 342 3
107 343 3
338 344 3
68 345 3
52 346 1
110 347 3
339 348 3
234 349 1
30 350 1
53 351 3
291 352 2
119 353 10
228 354 3
263 355 2
126 356 3
204 357 1
33 358 4
151 359 1
76 360 3
328 361 2
55 362 1
104 363 3
345 364 3
296 365 2
282 366 3
56 367 3
255 368 1
273 369 3
46 370 2
132 371 3
108 372 1
21 373 2
83 374 3
173 375 2
199 376 1
82 377 3
282 378 1
318 379 5
161 380 2
221 381 1
84 382 2
329 383 4
99 384 3
30 385 4
324 386 3
231 387 3
238 388 2
319 389 4
159 390 2
279 391 3
160 392 3
233 393 6
367 394 3
318 395 7
270 396 3
111 397 3
86 398 4
164 399 2
40 400 1
204 401 3
38 402 3
39 403 3
274 404 2
80 405 3
112 406 3
186 407 1
152 408 2
22 409 3
25 410 3
379 411 1
84 412 2
218 413 4
250 414 2
102 415 3
123 416 3
31 417 2
65 418 2
233 419 6
357 420 2
75 421 2
270 422 2
16 423 2
330 424 1
343 425 1
105 426 2
61 427 3
65 428 3
359 429 1
232 430 2
246 431 3
31 432 1
210 433 2
268 434 3
201 435 2
24 436 4
362 437 2
151 438 1
361 439 3
201 440 1
267 441 3
141 442 2
315 443 3
430 444 1
166 445 1
392 446 3
350 447 1
435 448 3
131 449 2
375 450 2
393 451 1
133 452 1
77 453 4
436 454 1
440 455 1
97 456 2
45 457 3
39 458 3
275 459 2
403 460 3
387 461 3
352 462 2
49 463 3
122 464 3
6 465 2
342 466 1
70 467 2
419 468 2
89 469 7
188 470 1
457 471 3
171 472 2
233 473 1
53 474 2
327 475 3
207 476 1
438 477 1
180 478 3
42 479 3
370 480 3
147 481 2
396 482 1
98 483 1
129 484 3
226 485 3
266 486 2
14 487 2
73 488 2
355 489 1
80 490 1
105 491 3
217 492 2
208 493 1
429 494 2
31 495 3
171 496 3
237 497 2
64 498 2
192 499 2
102 500 2
311 501 3
351 502 3
29 503 3
294 504 3
361 505 2
498 506 2
279 507 2
271 508 1
363 509 2
509 510 2
243 511 2
46 512 3
247 513 7
322 514 1
406 515 3
40 516 3
473 517 2
270 518 3
56 519 2
262 520 1
15 521 3
222 522 2
177 523 2
460 524 2
456 525 3
59 526 2
337 527 3
224 528 2
309 529 1
362 530 2
86 531 3
347 532 2
501 533 3
262 534 2
198 535 6
75 536 3
441 537 1
68 538 2
81 539 1
453 540 1
358 541 2
116 542 2
174 543 1
160 544 1
258 545 3
398 546 3
334 547 1
165 548 1
139 549 10
393 550 11
206 551 2
238 552 1
124 553 3
267 554 1
143 555 18
104 556 2
390 557 2
203 558 2
247 559 1
483 560 3
483 561 2
345 562 2
528 563 2
170 564 3
14 565 8
524 566 3
439 567 1
304 568 3
449 569 3
485 570 2
277 571 2
391 572 1
561 573 2
264 574 2
542 575 2
122 576 3
136 577 2
532 578 1
413 579 1
427 580 2
82 581 1
567 582 1
396 583 3
379 584 8
303 585 2
197 586 3
140 587 1
544 588 2
10 589 2
533 590 3
521 591 1
513 592 7
493 593 4
560 594 1
383 595 4
4 596 2
589 597 2
546 598 2
267 599 3
317 600 9
459 601 3
577 602 1
135 603 3
99 604 3
161 605 2
139 606 4
399 607 1
498 608 3
215 609 7
442 610 3
84 611 3
540 612 2
157 613 2
374 614 3
276 615 2
605 616 1
190 617 1
57 618 1
75 619 3
393 620 3
497 621 1
531 622 1
571 623 2
522 624 2
542 625 3
592 626 2
555 627 18
60 628 2
98 629 2
348 630 3
148 631 2
561 632 1
242 633 2
219 634 2
536 635 1
76 636 3
312 637 3
440 638 2
558 639 3
507 640 2
371 641 1
54 642 1
520 643 3
450 644 3
628 645 1
535 646 7
38 647 1
543 648 2
590 649 3
357 650 1
440 651 1
628 652 2
272 653 2
2 654 3
311 655 2
613 656 3
119 657 7
88 658 2
289 659 2
93 660 2
557 661 2
391 662 3
415 663 2
446 664 2
257 665 1
313 666 1
265 667 1
437 668 2
121 669 3
532 670 1
485 671 1
77 672 7
203 673 3
124 674 6
571 675 3
16 676 2
672 677 3
522 678 1
138 679 1
33 680 4
546 681 3
606 682 10
550 683 11
523 684 2
8 685 1
522 686 2
59 687 2
395 688 2
438 689 2
465 690 2
551 691 2
80 692 2
139 693 9
533 694 1
201 695 4
322 696 2
434 697 3
432 698 2
593 699 2
395 700 3
412 701 1
115 702 4
478 703 5
263 704 2
538 705 1
409 706 3
330 707 2
111 708 3
349 709 1
583 710 3
249 711 3
457 712 1
15 713 3
550 714 3
629 715 1
631 716 2
286 717 2
610 718 1
249 719 1
92 720 2
710 721 3
613 722 3
563 723 2
553 724 1
546 725 2
349 726 3
278 727 3
340 728 1
182 729 2
228 730 3
78 731 2
648 732 1
186 733 4
552 734 2
118 735 3
587 736 3
662 737 3
12 738 3
450 739 2
298 740 2
588 741 20
446 742 2
698 743 1
387 744 2
348 745 3
467 746 2
746 747 1
480 748 2
634 749 2
76 750 3
471 751 2
207 752 2
12 753 3
739 754 2
464 755 3
154 756 3
612 757 2
85 758 3
88 759 2
188 760 2
139 761 3
327 762 1
67 763 2
652 764 1
721 765 2
328 766 1
724 767 2
112 768 3
641 769 2
731 770 2
37 771 3
516 772 3
190 773 2
693 774 1
206 775 1
454 776 3
595 777 2
492 778 2
759 779 2
705 780 2
776 781 2
174 782 2
684 783 1
622 784 2
158 785 1
554 786 1
455 787 1
71 788 2
54 789 3
483 790 2
705 791 3
748 792 3
112 793 1
440 794 3
363 795 3
606 796 4
353 797 10
349 798 1
706 799 3
101 800 3
269 801 3
594 802 1
411 803 2
291 804 2
414 805 2
573 806 2
264 807 1
126 808 1
548 809 1
705 810 1
205 811 3
385 812 2
622 813 2
682 814 10
688 815 2
611 816 3
436 817 4
328 818 3
405 819 3
500 820 1
602 821 2
530 822 2
561 823 3
514 824 2
491 825 2
175 826 3
789 827 1
535 828 3
281 829 1
132 830 2
172 831 1
396 832 3
479 833 1
114 834 1
22 835 16
317 836 3
810 837 1
97 838 2
282 839 2
698 840 3
495 841 1
717 842 1
497 843 3
439 844 1
248 845 3
516 846 1
411 847 1
77 848 1
484 849 3
168 850 1
649 851 1
612 852 3
175 853 3
548 854 1
135 855 2
73 856 2
369 857 2
128 858 1
243 859 3
727 860 2
283 861 4
93 862 3
553 863 2
697 864 1
606 865 14
166 866 1
417 867 2
692 868 1
318 869 4
53 870 3
453 871 1
114 872 2
633 873 3
554 874 3
715 875 3
687 876 3
834 877 3
278 878 3
865 879 3
649 880 3
74 881 10
63 882 3
378 883 1
737 884 1
541 885 2
500 886 3
135 887 15
106 888 1
727 889 3
90 890 2
13 891 1
758 892 2
317 893 5
840 894 3
247 895 20
790 896 2
81 897 2
11 898 1
708 899 2
43 900 2
746 901 2
675 902 2
160 903 1
871 904 1
90 905 1
615 906 2
498 907 1
113 908 5
302 909 3
612 910 3
530 911 3
296 912 2
289 913 2
441 914 3
708 915 3
354 916 1
144 917 2
859 918 2
296 919 2
99 920 1
564 921 3
373 922 1
88 923 3
716 924 1
47 925 3
741 926 20
549 927 5
316 928 3
410 929 1
292 930 3
323 931 2
731 932 2
876 933 1
549 934 8
10 935 3
202 936 3
343 937 2
494 938 2
565 939 2
261 940 1
393 941 3
921 942 2
653 943 1
594 944 1
558 945 1
760 946 1
507 947 1
355 948 2
206 949 3
914 950 2
456 951 2
644 952 1
335 953 1
160 954 3
2 955 2
493 956 2
163 957 2
703 958 5
405 959 1
218 960 1
873 961 3
183 962 3
388 963 2
806 964 3
953 965 3
770 966 1
793 967 1
826 968 1
312 969 1
408 970 3
759 971 1
384 972 2
146 973 3
676 974 3
386 975 3
950 976 1
73 977 1
901 978 3
289 979 2
883 980 2
824 981 1
248 982 1
536 983 1
387 984 2
217 985 3
203 986 1
379 987 2
99 988 1
646 989 3
608 990 2
301 991 1
727 992 2
648 993 2
254 994 2
770 995 3
590 996 3
433 997 3
508 998 2
414 999 3
80 1000 2
448 1001 1
227 1002 3
478 1003 3
47 1004 2
97 1005 2
442 1006 3
335 1007 3
701 1008 1
832 1009 2
568 1010 1
13 18 4
7 43 1
34 52 3
15 61 3
15 83 2
35 114 3
93 115 3
32 123 2
112 173 4
169 173 3
115 205 2
7 223 2
185 236 1
29 237 1
245 248 2
185 260 3
49 275 2
127 278 3
151 280 1
80 284 3
167 290 2
200 295 3
98 319 1
153 320 2
213 335 3
39 336 2
310 342 1
312 354 3
5 356 2
27 359 3
169 361 1
254 365 2
85 372 2
155 375 3
210 376 1
389 393 4
39 394 3
96 395 5
152 398 3
99 399 3
117 403 2
287 412 12
132 413 7
271 416 3
120 419 3
376 424 2
313 426 2
235 427 2
43 441 3
363 442 2
299 446 1
243 453 3
83 458 3
112 465 3
333 473 2
130 474 3
52 477 2
186 477 1
184 478 3
475 483 1
418 486 2
66 493 8
30 497 3
426 497 3
369 499 2
7 501 3
306 502 3
151 503 3
175 512 2
405 530 3
390 533 3
469 535 7
301 547 1
43 549 8
508 551 3
539 556 2
57 557 2
172 561 1
554 565 3
508 570 3
542 574 3
355 577 2
53 582 3
349 582 2
376 582 3
331 583 3
139 588 4
507 591 2
283 592 7
530 592 2
506 595 2
276 598 3
110 611 2
169 616 1
340 619 3
602 619 1
305 623 2
190 635 2
449 635 1
426 637 3
596 638 3
79 646 1
116 646 3
18 653 1
156 659 1
631 660 3
129 665 1
425 667 2
7 668 3
297 668 2
414 672 7
115 674 14
611 675 2
183 678 1
442 680 5
358 681 3
495 694 2
340 695 2
437 696 3
143 697 3
173 699 1
524 699 2
42 700 3
314 702 4
4 704 3
445 704 3
4 705 9
442 705 9
92 709 1
454 709 3
683 715 3
265 717 3
490 719 3
708 721 3
406 731 3
571 731 3
318 733 4
347 734 1
241 736 1
246 736 2
345 739 1
470 739 3
127 743 3
420 745 1
555 748 2
539 750 1
258 753 2
354 755 3
356 758 3
489 761 2
337 762 1
287 763 3
660 763 3
411 767 1
713 770 3
296 773 1
36 775 3
413 779 2
593 782 2
448 783 2
111 785 2
437 785 1
295 789 2
744 789 2
326 793 3
695 796 4
294 798 2
122 799 3
452 806 1
774 807 1
157 810 2
368 813 2
702 814 10
385 817 4
271 818 1
159 819 3
596 819 2
7 823 1
297 823 2
448 823 1
551 829 1
687 838 3
132 851 3
658 855 1
197 856 1
595 861 4
691 861 3
66 862 3
565 863 2
468 864 3
617 866 2
116 872 1
671 872 1
408 873 3
860 874 3
704 878 3
82 885 2
8 887 15
309 889 1
833 893 5
648 897 2
130 900 3
68 901 16
135 901 15
446 901 3
865 901 14
417 904 3
264 905 2
659 906 2
268 908 5
821 914 3
395 915 3
199 916 3
757 917 1
455 919 3
51 921 1
425 921 3
833 927 5
188 930 1
50 931 2
139 933 1
387 936 2
730 939 2
447 941 3
390 946 2
424 946 1
96 947 2
757 948 1
493 949 3
913 953 3
426 954 3
815 957 2
237 958 4
419 958 4
850 959 2
869 965 3
488 968 3
388 969 2
116 970 2
639 971 1
303 973 3
553 973 3
34 975 1
411 975 1
571 975 3
809 975 1
960 978 3
587 981 2
485 982 3
914 983 3
405 985 2
3 986 1
145 988 2
791 989 3
939 993 3
308 995 3
542 995 3
869 995 4
56 998 2
680 998 1
235 1000 3
897 1001 1
633 1002 3
226 1004 3
945 1004 2
168 1007 1
681 1008 1
209 708 554 151 190 37 8 18 46 200 631 736 546 52 137 27 318 312 3 243 97 164 395 279 121 319 173 96 237 497 72 897 44 143 343 92 157 611 234 405 549 438 135 553 345 262 998 21 675 619 99 596 411 548 254 702 939 168 115 123 114 369 132 342 587 571 75 340 2 555 47 390 453 160 558 759 110 152 1004 681 311 215 265 440 104 477 500 246 426 24 11 622 227 393 201 102 557 524 413 354 379 33 36 235 973 5 73 78 582 139 107 268 271 705 203 633 199 41 84 12 98 117 388 322 38 264 507 76 731 155 588 660 785 186 425 258 28 757 313 34 68 362 204 50 532 188 403 495 80 14 793 226 414 64 169 746 606 30 197 748 39 412 561 90 131 263 635 239 166 337 304 213 385 15 668 483 363 704 873 387 565 86 717 177 56 112 391 16 183 327 739 128 449
7 86 15
13 142 9
11 627 18
13 261 18
3 414 12
8 683 11
8 427 5
5 442 10
4 113 14
3 881 10
10 565 11
12 926 20
3 584 8
2 198 8
8 693 9
2 165 8
11 865 13
13 600 9
12 674 19
3 68 2
7 669 1
7 627 12
2 229 6
12 934 8
10 797 10
11 412 15
12 113 9
13 895 20
1 958 8
1 609 7
8 657 7
5 835 16