998 443 59 13 26
1 2 19
2 3 17
3 4 16
4 5 2
2 6 19
4 7 2
1 8 20
1 9 11
8 10 19
6 11 3
10 12 2
6 13 12
9 14 2
14 15 3
12 16 1
11 17 3
15 18 3
1 19 1
18 20 3
4 21 3
16 22 3
12 23 3
13 24 21
23 25 2
17 26 6
6 27 1
3 28 2
8 29 2
19 30 2
7 31 1
4 32 3
13 33 2
12 34 4
17 35 1
14 36 2
32 37 3
15 38 1
9 39 11
3 40 1
11 41 8
29 42 2
2 43 6
6 44 3
38 45 6
33 46 1
32 47 3
7 48 3
40 49 2
6 50 5
23 51 3
36 52 3
7 53 2
26 54 6
28 55 2
44 56 1
21 57 2
54 58 6
47 59 1
43 60 1
13 61 1
2 62 1
58 63 6
46 64 2
45 65 6
46 66 2
7 67 1
67 68 2
6 69 3
68 70 1
52 71 1
47 72 1
57 73 1
58 74 5
63 75 6
51 76 13
20 77 2
38 78 2
67 79 1
3 80 1
80 81 3
50 82 4
55 83 3
46 84 3
65 85 2
25 86 4
69 87 2
76 88 13
60 89 2
57 90 2
22 91 3
56 92 1
33 93 2
33 94 3
94 95 1
90 96 1
14 97 2
56 98 2
67 99 3
67 100 2
13 101 19
24 102 2
50 103 3
60 104 1
13 105 18
65 106 6
24 107 19
87 108 2
5 109 2
67 110 1
92 111 2
63 112 1
48 113 3
110 114 3
91 115 1
80 116 1
58 117 6
99 118 1
19 119 3
38 120 1
72 121 3
108 122 1
74 123 5
51 124 14
12 125 2
106 126 6
35 127 3
56 128 3
116 129 3
102 130 3
80 131 3
127 132 2
80 133 3
7 134 1
95 135 1
13 136 6
53 137 1
105 138 18
38 139 1
130 140 3
90 141 1
127 142 3
103 143 13
120 144 1
75 145 3
94 146 1
111 147 2
55 148 3
44 149 2
93 150 1
114 151 1
66 152 2
52 153 2
73 154 2
43 155 6
82 156 3
102 157 2
92 158 3
145 159 2
46 160 1
38 161 19
159 162 1
77 163 3
21 164 2
91 165 2
155 166 19
132 167 3
115 168 2
74 169 13
138 170 1
102 171 3
70 172 3
124 173 14
81 174 3
32 175 3
151 176 2
53 177 1
75 178 3
4 179 2
120 180 2
8 181 3
5 182 1
128 183 3
86 184 5
43 185 2
65 186 2
35 187 2
59 188 1
33 189 3
113 190 2
132 191 2
9 192 8
123 193 5
59 194 3
5 195 1
10 196 18
176 197 2
178 198 3
68 199 1
99 200 2
134 201 2
139 202 1
186 203 3
199 204 3
186 205 1
146 206 1
36 207 3
203 208 1
143 209 13
186 210 3
122 211 1
10 212 19
27 213 1
93 214 2
177 215 3
42 216 1
66 217 1
52 218 1
142 219 3
91 220 1
49 221 1
24 32 1
17 41 3
38 51 13
25 82 4
4 92 1
24 93 1
32 96 2
41 103 11
8 107 19
80 115 3
110 121 2
18 127 1
127 130 2
68 135 1
104 135 1
117 136 6
110 151 1
39 154 11
33 158 3
113 159 3
84 167 2
114 170 1
107 173 20
126 173 6
128 176 2
116 177 1
107 184 5
186 187 3
171 189 17
135 192 8
171 192 9
155 193 5
163 194 3
155 195 2
151 199 1
70 200 2
56 201 3
78 202 2
72 206 2
104 206 2
101 212 19
199 216 3
180 218 1
7 220 3
164 221 1
239 279 1
273 316 1
250 317 3
285 317 3
268 332 2
244 340 1
283 343 1
222 346 3
365 370 1
322 387 1
385 397 3
286 421 1
326 426 3
269 434 2
400 441 3
433 455 3
393 459 1
276 469 2
379 476 3
458 478 1
459 480 2
448 500 1
439 507 1
252 510 2
225 512 3
225 526 2
350 526 1
303 528 2
245 532 2
248 538 2
529 540 1
502 545 2
542 555 1
429 556 3
304 567 3
391 574 2
416 578 2
342 580 3
260 583 2
469 583 1
360 584 3
402 585 3
337 600 2
243 602 1
573 605 3
489 608 3
433 614 2
443 617 3
614 621 3
470 622 1
473 622 2
361 624 2
467 629 3
354 637 2
380 645 3
447 646 2
327 651 1
626 655 2
470 657 2
519 667 3
598 673 1
249 688 3
650 691 2
559 696 2
624 697 1
300 699 2
477 702 2
528 703 2
244 711 1
586 713 3
482 719 1
568 719 1
635 723 1
348 725 3
252 727 1
553 728 2
349 731 1
657 732 3
439 736 3
573 739 3
532 740 3
688 740 3
265 742 1
376 742 3
652 745 1
423 747 2
689 749 3
293 753 2
325 767 3
629 767 1
425 774 1
656 782 2
673 782 2
519 783 1
350 785 2
426 786 3
515 786 2
562 797 2
259 804 3
421 810 2
377 812 3
299 814 2
278 815 2
382 816 2
381 824 1
498 828 2
692 830 3
730 833 2
346 835 3
503 838 2
317 840 3
359 842 3
755 842 3
292 844 1
246 852 1
494 852 1
529 857 2
770 858 2
727 859 2
790 859 3
855 862 1
324 865 2
721 869 2
778 869 1
844 870 1
568 876 3
854 876 3
703 879 2
298 881 1
572 881 3
385 882 2
578 883 3
787 891 1
590 892 3
774 892 1
589 894 3
725 895 1
265 897 2
424 905 2
788 907 2
297 914 1
343 915 3
410 917 1
752 920 3
681 921 2
850 922 1
647 923 2
354 926 2
769 926 1
618 927 3
900 929 3
530 931 3
869 938 2
584 942 3
453 943 1
447 944 1
793 946 3
483 947 1
722 949 3
398 955 1
955 957 1
502 959 3
556 961 3
773 966 3
238 970 2
285 970 3
781 972 3
805 976 1
723 977 3
262 981 3
400 983 3
770 985 3
605 987 2
466 988 1
749 989 2
823 991 3
264 996 1
325 997 3
102 65 52 24 67 44 51 8 176 36 113 66 5 38 70 23 53 2 33 11 56 21 43 46 132 68 199 93 130 35 10 110 104 4 74 19 25 60 75 151 171 206 159 55 47 116 59 63 14 135 94 92 57 58 155 90 18 192 99
10 41 10
10 166 19
10 135 15
13 3 18
2 170 1
11 169 13
3 34 4
11 126 6
11 88 12
7 209 13
5 161 19
11 86 7
5 93 2
12 189 17
12 138 19
9 154 11
8 37 1
8 196 18
11 82 7
1 26 12
9 43 1
3 4 15
12 75 12
8 101 16
7 88 13
5 105 6