295 312 88 11 17
1 2 20
1 3 1
1 4 20
4 5 7
2 6 12
2 7 9
1 8 20
8 9 15
5 10 8
10 11 1
4 12 13
9 13 3
10 14 4
12 15 1
11 16 2
14 17 3
12 18 1
7 19 3
13 20 2
2 21 9
9 22 1
11 23 3
10 24 9
7 25 3
1 26 3
14 27 4
17 28 1
8 29 7
28 30 1
17 31 2
22 32 3
29 33 3
10 34 2
4 35 3
29 36 2
28 37 1
12 38 18
12 39 3
37 40 2
5 41 1
18 42 3
33 43 3
30 44 3
25 45 2
41 46 3
9 47 1
46 48 2
12 49 8
49 50 8
25 51 1
15 52 1
8 53 5
17 54 3
16 55 2
13 56 1
50 57 1
12 58 1
9 59 6
25 60 3
41 61 2
43 62 2
25 63 1
41 64 2
30 65 2
15 66 1
16 67 2
27 68 9
67 69 1
66 70 9
26 71 1
60 72 3
3 73 1
21 74 1
31 75 2
58 76 2
60 77 2
18 78 3
4 79 3
49 80 3
75 81 2
79 82 3
26 83 1
37 84 3
20 85 2
6 86 2
36 87 2
68 88 2
24 89 19
15 90 3
21 91 3
22 92 1
20 93 1
76 94 1
65 95 3
12 96 2
53 97 1
28 98 3
30 99 1
93 100 1
18 101 1
76 102 3
37 103 3
23 104 1
42 105 1
40 106 3
21 107 3
14 108 3
77 109 5
45 110 3
17 111 11
105 112 1
42 113 1
71 114 1
19 115 1
55 116 3
83 117 3
92 118 3
61 119 3
104 120 3
67 121 3
81 122 2
20 123 2
87 124 1
113 125 2
51 126 2
66 127 2
50 128 2
78 129 1
10 130 2
55 131 1
104 132 3
16 133 3
82 134 3
38 135 1
109 136 3
21 137 8
26 138 1
18 139 1
126 140 3
2 141 12
67 142 1
92 143 3
50 144 3
36 145 2
41 146 1
20 147 3
65 148 3
27 149 6
50 150 15
73 151 1
134 152 1
15 153 3
65 154 1
111 155 1
140 156 2
19 157 1
73 158 1
9 159 2
14 160 1
14 161 3
139 162 1
51 163 2
90 164 3
39 165 1
12 166 1
117 167 3
98 168 1
111 169 1
141 170 12
47 171 1
74 172 3
153 173 1
62 174 3
28 175 1
41 176 2
131 177 3
46 178 2
61 179 3
1 180 2
91 181 2
16 182 3
77 183 5
109 184 5
6 185 3
80 186 8
147 187 3
149 188 6
96 189 3
23 190 1
30 191 3
148 192 3
124 193 3
184 194 2
159 195 2
116 196 3
124 197 3
46 198 3
4 199 9
163 200 3
61 201 3
48 202 3
116 203 2
101 204 3
94 205 2
59 206 6
65 207 3
176 208 3
183 209 1
57 210 3
197 211 1
30 212 3
137 213 17
202 214 2
83 215 1
184 216 3
168 217 3
153 218 9
202 219 2
14 220 1
195 221 1
73 222 2
111 223 2
128 224 1
10 225 3
53 226 5
102 227 2
154 228 2
162 229 2
175 230 2
104 231 3
137 232 1
166 233 1
145 234 2
6 235 3
165 236 3
236 237 3
55 238 1
234 239 1
131 240 3
115 241 3
11 242 1
31 36 2
10 48 2
61 65 1
7 66 9
17 72 4
66 76 1
43 80 2
48 90 2
27 92 2
22 97 1
24 102 11
69 107 1
6 121 3
9 128 3
115 134 3
115 140 3
124 140 1
115 141 3
20 148 3
72 153 4
73 156 1
72 168 2
120 170 12
32 171 2
165 171 2
20 176 1
34 178 1
77 179 2
1 183 5
127 187 1
6 188 6
173 190 2
54 195 2
95 203 1
9 204 2
107 204 2
17 206 6
93 207 3
162 207 3
167 212 1
70 218 9
50 219 3
77 223 3
31 225 3
131 225 2
184 226 5
53 227 3
72 228 1
9 230 2
22 231 2
209 231 1
232 233 3
33 234 3
43 234 1
185 234 3
63 238 3
231 238 1
71 241 3
244 258 3
248 259 2
244 266 3
243 271 3
243 272 2
246 279 2
264 279 1
259 282 3
267 282 3
246 283 2
273 287 1
271 291 1
276 295 1
7 72 171 131 16 77 33 60 176 10 20 50 231 148 18 168 19 28 2 111 225 183 109 26 41 27 48 67 24 153 55 66 21 93 137 43 195 30 25 134 71 202 238 8 83 104 53 36 22 102 11 65 49 73 17 207 80 51 165 76 23 141 46 29 14 5 124 9 15 6 13 107 204 128 116 234 184 115 42 140 4 31 37 90 61 12 92 162
6 186 8
10 82 6
7 188 10
10 150 15
3 184 10
5 153 20
4 111 16
10 89 19
5 213 17
7 49 4
3 120 12
10 120 12
8 7 17
6 27 1
10 68 9
6 38 18
9 199 9