990 781 198 11 28
1 2 20
2 3 3
2 4 3
2 5 8
4 6 5
1 7 13
7 8 1
1 9 21
5 10 3
2 11 2
5 12 3
2 13 2
6 14 6
14 15 9
8 16 7
7 17 11
14 18 3
14 19 9
16 20 7
20 21 7
18 22 3
10 23 3
22 24 3
10 25 3
23 26 2
1 27 21
17 28 9
26 29 1
1 30 20
29 31 5
23 32 3
3 33 2
18 34 1
5 35 2
14 36 3
23 37 3
18 38 2
30 39 17
38 40 3
33 41 4
13 42 1
14 43 4
17 44 3
25 45 1
17 46 2
43 47 4
26 48 2
44 49 2
8 50 2
6 51 1
45 52 3
7 53 3
24 54 3
54 55 3
9 56 14
26 57 3
25 58 3
11 59 3
7 60 3
36 61 1
3 62 6
52 63 2
29 64 3
1 65 2
59 66 1
29 67 6
20 68 2
63 69 6
67 70 3
66 71 1
24 72 3
19 73 8
26 74 3
40 75 2
26 76 4
71 77 2
35 78 3
33 79 2
71 80 3
74 81 1
11 82 1
29 83 1
51 84 3
55 85 3
85 86 1
78 87 1
14 88 3
55 89 3
23 90 2
74 91 3
79 92 2
40 93 1
73 94 1
72 95 1
62 96 2
74 97 3
97 98 3
43 99 3
71 100 1
67 101 1
35 102 2
92 103 1
31 104 3
39 105 3
93 106 1
74 107 2
99 108 2
18 109 9
64 110 3
66 111 3
53 112 3
50 113 3
67 114 17
66 115 1
27 116 16
7 117 2
26 118 1
33 119 2
99 120 2
78 121 1
31 122 3
48 123 1
77 124 1
108 125 1
88 126 3
37 127 2
50 128 3
56 129 8
51 130 3
13 131 3
88 132 1
117 133 1
9 134 3
13 135 1
127 136 1
41 137 7
77 138 2
116 139 2
58 140 2
58 141 3
130 142 1
110 143 3
128 144 2
82 145 3
75 146 11
48 147 3
61 148 1
18 149 3
140 150 3
87 151 3
101 152 1
24 153 1
106 154 3
137 155 2
34 156 1
84 157 3
133 158 2
109 159 9
115 160 3
32 161 3
92 162 2
15 163 3
112 164 3
1 165 3
26 166 2
64 167 2
167 168 1
27 169 5
101 170 2
92 171 1
105 172 2
100 173 3
41 174 2
91 175 2
128 176 2
167 177 3
86 178 1
124 179 1
120 180 4
55 181 3
112 182 3
31 183 5
75 184 8
182 185 3
121 186 1
51 187 1
49 188 3
55 189 3
63 190 3
188 191 1
120 192 6
10 193 2
53 194 3
74 195 2
79 196 3
3 197 2
126 198 2
54 199 2
55 200 3
31 201 3
56 202 6
13 203 1
193 204 2
47 205 2
137 206 7
67 207 14
168 208 1
138 209 3
11 210 2
147 211 2
197 212 3
35 213 2
164 214 2
207 215 3
46 216 3
86 217 1
119 218 1
214 219 2
113 220 2
185 221 3
39 222 9
125 223 4
151 224 3
64 225 3
83 226 2
44 227 3
82 228 3
197 229 3
203 230 3
203 231 3
25 232 1
6 233 1
81 234 2
1 235 2
201 236 3
1 237 6
138 238 1
237 239 3
205 240 2
41 241 2
102 242 2
127 243 2
116 244 16
34 245 3
209 246 3
218 247 3
15 248 9
79 249 2
194 250 1
110 251 2
199 252 3
13 253 3
238 254 2
64 255 1
170 256 1
84 257 2
240 258 2
155 259 1
84 260 3
247 261 3
23 262 1
19 263 3
14 264 2
206 265 9
254 266 1
184 267 11
95 268 3
148 269 3
125 270 3
73 271 8
216 272 17
242 273 2
252 274 2
58 275 2
36 276 1
112 277 5
128 278 2
190 279 3
275 280 1
262 281 1
261 282 3
196 283 1
149 284 3
53 285 1
66 286 3
184 287 3
148 288 2
25 289 1
264 290 1
44 291 2
34 292 3
242 293 3
144 294 2
206 295 2
150 296 1
100 297 2
270 298 1
199 299 3
88 300 5
41 301 2
114 302 2
62 303 3
142 304 2
143 305 3
136 306 1
88 307 3
33 308 2
57 309 2
142 310 1
183 311 18
47 312 2
237 313 4
28 314 1
47 315 1
26 316 1
206 317 9
161 318 12
244 319 1
168 320 1
203 321 2
268 322 3
220 323 3
199 324 9
66 325 3
111 326 1
12 327 1
193 328 2
34 329 3
229 330 2
235 331 2
307 332 2
279 333 3
76 334 7
244 335 16
233 336 2
217 337 3
21 338 6
141 339 3
99 340 1
134 341 3
238 342 1
70 343 4
14 344 2
274 345 2
248 346 3
202 347 1
315 348 4
316 349 3
98 350 1
309 351 2
287 352 2
322 353 2
20 354 2
186 355 2
46 356 1
318 357 12
279 358 1
196 359 1
159 360 13
265 361 7
265 362 1
320 363 1
142 364 4
149 365 2
134 366 2
47 367 2
309 368 2
166 369 2
194 370 2
343 371 3
200 372 3
146 373 2
363 374 1
335 375 3
60 376 1
127 377 3
199 378 3
3 379 4
160 380 6
269 381 3
248 382 11
85 383 3
178 384 3
17 385 3
69 386 6
376 387 1
63 388 2
190 389 1
359 390 3
218 391 3
2 392 1
349 393 2
138 394 1
199 395 9
321 396 2
145 397 2
39 398 3
197 399 1
62 400 1
262 401 3
246 402 3
155 403 2
39 404 2
326 405 2
227 406 3
377 407 3
149 408 2
236 409 2
373 410 3
150 411 1
177 412 1
45 413 2
166 414 2
140 415 3
208 416 1
397 417 3
140 418 2
348 419 4
315 420 2
255 421 1
370 422 1
246 423 2
233 424 3
146 425 11
147 426 5
303 427 3
108 428 2
79 429 3
89 430 1
76 431 9
37 432 3
203 433 3
140 434 1
404 435 1
280 436 1
316 437 1
112 438 3
261 439 1
422 440 2
344 441 2
77 442 2
160 443 6
355 444 1
40 445 3
79 446 2
426 447 3
23 448 3
147 449 2
278 450 3
364 451 3
298 452 2
414 453 3
309 454 1
39 455 6
183 456 1
58 457 2
391 458 1
53 459 2
281 460 3
183 461 19
332 462 2
338 463 2
339 464 3
163 465 2
28 466 9
189 467 3
243 468 3
84 469 2
421 470 2
131 471 3
162 472 1
166 473 2
429 474 1
320 475 3
452 476 2
413 477 1
317 478 4
319 479 2
334 480 1
159 481 1
397 482 3
296 483 2
386 484 6
443 485 1
248 486 17
119 487 3
418 488 1
40 489 1
275 490 1
249 491 2
57 492 1
348 493 1
459 494 2
61 495 1
47 496 19
270 497 3
250 498 3
134 499 3
365 500 2
418 501 1
389 502 1
485 503 1
292 504 2
247 505 2
64 506 3
108 507 2
392 508 1
483 509 1
317 510 4
270 511 2
316 512 1
17 513 1
454 514 3
502 515 2
476 516 2
487 517 2
228 518 3
167 519 1
440 520 1
471 521 3
474 522 1
137 523 3
161 524 3
341 525 3
235 526 3
235 527 1
108 528 2
213 529 1
426 530 2
444 531 2
290 532 2
355 533 1
487 534 2
121 535 1
46 536 3
135 537 1
217 538 1
30 539 3
427 540 11
47 541 11
368 542 2
338 543 3
385 544 3
73 545 2
489 546 1
82 547 2
77 548 1
276 549 3
43 550 3
300 551 5
461 552 2
432 553 2
466 554 2
302 555 2
162 556 3
481 557 1
176 558 1
290 559 1
549 560 3
291 561 2
334 562 1
163 563 2
363 564 3
29 59 2
47 62 9
4 70 2
101 107 10
2 114 17
78 124 1
22 141 3
67 146 11
130 173 2
120 196 2
192 202 6
53 204 2
81 209 3
149 210 2
70 219 2
215 221 3
152 233 2
27 237 4
169 243 2
229 244 2
47 246 1
99 258 2
143 260 5
97 267 3
88 270 2
27 271 8
242 275 1
181 277 5
194 278 3
216 278 6
199 280 1
123 286 2
241 294 1
120 296 3
46 297 2
2 302 1
111 311 2
260 313 5
181 315 5
39 317 9
204 332 2
79 337 2
170 338 3
182 343 3
216 344 2
180 348 4
279 350 3
66 351 3
273 354 3
169 361 7
196 363 2
219 364 4
22 370 3
184 370 3
335 379 16
357 379 12
282 380 3
21 382 7
228 385 3
217 390 1
9 391 7
142 391 4
374 400 1
206 405 3
273 405 2
348 406 2
83 407 2
104 416 2
197 417 1
419 427 4
298 428 3
395 431 9
23 433 5
324 443 9
382 443 8
29 450 3
380 454 3
104 456 2
222 461 9
340 462 2
313 464 3
248 466 9
128 467 2
371 472 1
313 478 4
176 480 3
455 484 6
249 488 1
215 490 3
125 497 3
305 497 3
433 499 3
448 500 1
122 507 3
92 510 4
129 514 8
230 514 3
427 514 11
338 518 3
437 520 1
514 521 3
238 522 1
45 524 3
86 527 3
507 530 2
445 532 3
249 534 1
92 540 6
425 541 11
147 543 3
243 545 3
469 548 2
167 553 3
426 557 2
119 559 2
533 561 3
573 575 1
580 592 2
570 609 1
576 611 3
575 618 1
584 626 2
577 632 3
626 632 1
568 645 1
651 664 3
614 680 1
637 681 2
589 685 2
611 687 1
676 695 2
663 696 2
653 697 2
675 713 2
687 740 3
742 743 1
582 751 1
719 759 3
714 767 3
651 772 3
634 773 3
697 774 2
752 774 1
625 790 1
601 792 2
735 792 1
706 795 1
694 801 1
666 802 3
667 804 3
667 805 1
566 807 3
652 807 2
684 811 3
700 813 2
700 823 2
673 833 2
649 835 2
603 845 3
813 848 2
647 849 1
758 853 1
689 857 2
765 857 2
798 858 2
578 861 1
575 864 2
761 867 1
685 870 2
720 870 2
663 872 1
846 875 2
871 877 2
794 878 1
571 880 1
866 885 2
852 886 2
883 886 1
696 887 1
721 887 3
758 890 3
754 892 1
745 900 2
595 901 3
643 901 1
590 902 1
616 903 2
792 908 2
881 914 3
657 917 2
790 917 1
811 919 1
645 925 1
733 925 3
936 943 2
811 947 3
714 949 3
771 949 3
941 950 3
857 954 1
600 960 1
744 961 1
678 964 3
675 965 3
643 966 3
657 967 1
933 969 2
768 973 3
825 975 1
585 977 3
604 978 3
746 980 1
942 982 1
881 983 1
884 983 3
755 985 1
955 986 1
853 987 2
11 82 46 2 397 261 30 100 85 23 209 31 217 39 6 130 125 168 141 29 7 199 70 391 26 148 14 73 41 121 75 426 146 427 149 197 128 64 36 315 33 466 140 335 92 320 57 218 338 454 48 28 298 343 63 74 142 405 280 382 228 243 17 155 332 248 275 296 150 8 55 380 108 161 166 18 83 216 44 101 176 71 278 47 37 58 114 229 194 202 193 13 99 56 77 244 170 35 27 66 433 514 137 206 265 317 204 302 54 120 219 364 22 348 4 316 59 21 184 9 181 233 290 309 50 86 418 112 67 159 143 238 24 167 379 242 134 313 235 163 127 119 497 203 104 45 363 334 247 249 182 385 43 162 116 344 190 370 111 88 246 97 19 279 138 79 169 487 147 76 25 215 5 62 40 78 461 3 160 84 124 10 110 443 183 81 273 507 61 20 260 262 270 196 15 51 237 355
2 30 7
6 75 19
9 207 17
11 460 1
3 311 16
10 334 20
5 5 13
9 426 6
10 272 17
8 8 20
3 551 5
8 29 18
3 165 3
4 63 10
9 107 10
11 267 14
10 364 16
1 486 17
1 540 17
7 360 13
1 496 19
3 265 13
3 160 7
1 241 3
9 223 4
1 161 10
3 5 11
2 261 1