592 370 80 6 11
1 2 3
1 3 11
3 4 3
4 5 2
5 6 1
1 7 4
1 8 1
8 9 1
7 10 3
3 11 3
4 12 2
7 13 3
7 14 2
2 15 3
9 16 1
10 17 2
4 18 2
9 19 1
8 20 5
16 21 4
8 22 2
10 23 1
22 24 2
24 25 1
1 26 7
1 27 1
3 28 3
18 29 1
7 30 2
24 31 1
24 32 1
23 33 1
13 34 3
29 35 2
22 36 2
1 37 13
17 38 1
26 39 2
4 40 3
39 41 2
16 42 4
27 43 2
36 44 3
23 45 3
22 46 3
46 47 1
46 48 3
12 49 2
32 50 3
6 51 3
44 52 1
31 53 1
49 54 3
37 55 2
21 56 4
45 57 2
11 58 2
36 59 3
6 60 3
12 61 3
60 62 2
20 63 1
26 64 5
50 65 2
51 66 1
7 67 3
32 68 2
37 69 3
3 70 3
43 71 1
20 72 1
39 73 6
20 74 5
26 75 5
8 76 3
26 77 14
12 78 1
43 79 1
79 80 3
56 81 13
41 82 2
80 83 3
45 84 3
10 85 2
5 86 1
3 87 1
4 88 1
77 89 14
21 90 3
30 91 3
41 92 3
79 93 2
11 94 1
32 95 3
90 96 2
29 97 1
3 98 3
34 99 2
36 100 1
64 101 2
73 102 6
55 103 2
64 104 3
25 105 2
75 106 2
78 107 2
42 108 4
86 109 5
19 110 1
7 111 1
6 112 2
72 113 2
69 114 1
43 115 3
110 116 1
9 117 2
100 118 1
37 119 2
23 120 2
84 121 2
86 122 1
31 123 2
39 124 2
54 125 3
103 126 1
58 127 1
72 128 1
55 129 1
119 130 2
52 131 2
108 132 3
113 133 1
110 134 2
89 135 1
93 136 3
121 137 2
126 138 1
3 139 1
3 140 7
81 141 13
74 142 2
34 143 3
85 144 2
51 145 1
125 146 1
60 147 1
131 148 2
140 149 3
10 150 2
90 151 1
112 152 1
14 153 3
118 154 2
119 155 3
57 156 1
141 157 2
21 158 3
152 159 3
120 160 1
95 161 3
140 162 1
145 163 3
129 164 3
80 165 2
8 166 1
116 167 2
94 168 2
31 169 2
145 170 3
61 171 3
158 172 3
143 173 3
172 174 6
166 175 3
93 176 2
117 177 3
58 178 2
33 179 1
8 180 3
175 181 2
138 182 3
95 183 1
179 184 1
154 185 2
159 186 1
47 187 2
30 188 3
142 189 1
67 190 3
44 191 3
61 192 2
157 193 3
50 194 1
58 195 3
100 196 1
61 197 9
53 198 2
176 199 1
18 200 1
103 201 1
75 202 2
151 203 3
144 204 3
174 205 6
22 206 3
52 207 3
58 208 3
182 209 1
6 210 3
176 211 2
54 212 1
173 213 3
40 214 2
63 215 3
189 216 1
61 217 5
94 218 1
205 219 6
4 220 3
195 221 2
19 222 3
53 223 1
74 224 1
181 225 2
68 226 1
32 227 1
174 228 1
90 229 1
18 20 1
24 40 3
31 44 1
17 66 2
17 70 1
50 70 1
37 74 13
40 76 2
70 84 3
92 96 2
98 100 1
2 106 1
21 115 3
23 116 3
112 123 3
50 134 3
101 137 2
108 140 4
130 143 1
83 147 1
62 152 1
48 153 2
56 153 4
13 159 2
106 161 2
56 163 3
24 165 1
149 166 3
116 170 3
1 172 3
144 172 3
153 174 3
93 178 1
156 179 2
45 180 3
13 181 2
53 181 2
117 188 1
187 191 3
145 193 1
78 196 2
74 197 9
127 201 1
190 206 3
187 210 3
142 216 2
109 217 5
66 219 6
161 226 1
86 229 6
108 229 3
238 253 1
253 255 3
256 280 3
266 284 1
290 292 1
259 322 3
232 331 3
265 331 1
284 332 1
258 334 3
303 337 1
317 339 2
244 342 1
234 346 2
254 348 3
305 348 3
306 354 2
246 355 3
327 356 2
346 367 2
251 373 1
316 377 3
256 378 2
320 378 1
231 380 2
327 393 2
249 399 3
238 402 3
399 405 2
375 410 1
342 412 1
377 413 3
360 415 2
366 422 2
284 426 2
287 439 2
326 444 1
374 445 2
344 450 3
424 452 1
283 459 2
276 461 2
286 462 3
249 466 2
439 466 1
335 471 3
316 472 2
406 475 3
288 476 3
425 480 2
447 482 1
413 487 3
465 488 1
288 490 1
471 491 3
477 494 2
343 499 1
418 503 2
435 503 2
358 504 3
240 506 3
245 509 3
411 509 2
329 511 1
340 511 1
312 513 1
344 514 1
424 514 2
495 521 2
405 523 1
381 524 3
394 526 2
452 530 3
464 531 2
455 533 1
262 538 3
331 542 3
441 544 1
456 544 3
526 546 2
480 552 3
491 552 1
418 553 1
329 554 3
485 556 2
306 558 1
293 570 2
305 570 1
325 574 3
517 579 1
517 592 3
23 84 152 90 95 7 143 80 100 5 145 2 142 11 60 78 106 29 58 32 110 53 108 140 39 41 56 181 159 64 52 13 112 172 46 103 75 4 93 187 10 66 9 12 8 74 18 55 174 54 72 19 16 20 17 94 36 70 51 3 86 161 229 116 144 166 176 34 40 117 43 31 26 21 30 179 45 22 153 79
5 69 3
2 103 2
2 141 14
1 61 13
6 205 6
4 102 6
5 66 17
4 89 14
3 117 2
2 229 7
3 70 7