594 279 50 10 22
1 2 18
2 3 16
1 4 4
4 5 4
5 6 4
6 7 3
6 8 1
1 9 17
1 10 12
3 11 6
3 12 15
1 13 1
11 14 15
1 15 16
4 16 1
12 17 15
11 18 3
4 19 1
19 20 8
20 21 3
14 22 3
17 23 1
7 24 3
17 25 8
10 26 7
3 27 3
8 28 2
3 29 2
25 30 9
18 31 3
29 32 1
23 33 1
19 34 1
26 35 7
14 36 8
15 37 9
28 38 3
18 39 3
26 40 1
12 41 16
12 42 2
15 43 4
11 44 13
32 45 1
11 46 2
17 47 3
25 48 7
35 49 2
20 50 1
18 51 1
42 52 1
5 53 3
14 54 5
12 55 9
50 56 1
16 57 1
13 58 1
13 59 2
49 60 2
18 61 1
11 62 15
55 63 3
20 64 3
4 65 2
64 66 1
11 67 14
18 68 3
42 69 3
3 70 2
17 71 1
35 72 1
63 73 1
44 74 13
38 75 12
6 76 5
3 77 1
60 78 3
74 79 1
65 80 3
30 81 1
63 82 1
13 83 1
4 84 4
45 85 3
15 86 6
48 87 2
6 88 8
12 89 4
79 90 2
77 91 1
15 92 1
15 93 2
32 94 1
51 95 1
92 96 1
41 97 14
85 98 1
92 99 2
98 100 3
66 101 1
53 102 1
75 103 12
52 104 1
82 105 3
20 106 3
14 107 10
67 108 14
15 109 8
109 110 9
84 111 1
109 112 1
62 113 2
78 114 3
35 115 5
5 116 1
55 117 1
10 118 3
104 119 2
60 120 1
3 121 2
102 122 2
36 123 1
90 124 3
53 125 3
108 126 2
99 127 3
112 128 2
4 129 1
77 130 1
94 131 3
42 132 2
6 133 3
59 134 2
15 135 2
105 136 3
45 137 3
73 138 3
137 139 1
19 140 1
124 141 2
90 142 2
74 143 2
66 144 2
63 145 2
39 146 3
94 147 1
30 37 9
35 38 7
2 43 4
19 55 9
18 60 2
31 60 3
19 66 2
21 68 3
10 74 13
1 80 1
64 83 3
81 85 1
40 92 3
83 96 3
24 98 2
81 99 1
5 101 1
97 108 14
54 110 1
112 113 1
50 115 1
100 117 1
1 118 1
101 118 1
113 121 1
87 126 3
110 127 17
98 128 2
110 130 2
49 131 3
53 132 3
35 135 1
61 135 1
86 137 6
95 140 1
11 141 2
104 142 3
77 144 1
82 145 3
132 145 2
155 181 2
174 198 3
200 204 2
208 209 2
187 240 2
209 255 2
176 281 1
216 281 2
248 284 3
258 301 1
249 318 3
168 320 3
159 326 2
158 337 3
254 349 2
214 359 3
287 364 3
197 365 2
301 369 1
242 371 1
223 377 3
211 378 1
259 386 1
297 387 2
349 404 2
156 409 1
373 412 1
244 413 3
319 416 3
165 417 3
260 418 2
225 421 1
296 421 3
190 423 1
337 426 1
353 427 1
322 431 2
266 436 3
300 436 1
210 439 3
404 448 2
408 448 2
219 451 3
328 453 2
214 454 2
304 455 2
249 458 3
311 458 3
301 460 3
441 462 1
365 477 3
364 483 2
391 485 1
187 493 2
330 494 3
455 494 2
250 495 1
308 497 2
436 498 1
191 503 3
420 503 2
364 506 1
267 508 3
462 511 2
355 512 2
221 518 3
268 520 1
344 522 3
303 524 3
259 525 2
337 527 3
410 530 3
444 530 1
168 533 1
463 533 1
341 538 1
161 540 2
303 540 1
454 548 3
497 551 2
373 556 1
210 557 3
216 560 1
359 561 2
226 566 2
536 566 1
234 568 1
307 569 2
263 574 3
498 578 2
245 586 2
525 586 2
356 590 1
110 25 112 64 17 66 10 104 82 94 90 19 137 101 55 3 63 132 6 5 83 2 32 135 45 74 49 15 14 98 92 11 145 53 81 18 108 20 4 30 13 118 99 12 26 60 42 38 113 50
2 17 9
6 107 10
7 48 3
6 62 13
8 55 7
7 103 12
2 127 20
3 76 5
10 51 1
6 36 8
2 89 4
7 41 16
5 137 12
7 54 6
8 88 8
7 84 4
9 67 11
7 115 6
1 48 7
9 62 17
8 135 4
7 9 17