608 378 26 11 26
1 2 20
2 3 4
1 4 21
4 5 2
5 6 3
1 7 22
6 8 12
3 9 1
9 10 3
7 11 20
6 12 3
3 13 3
8 14 11
13 15 3
9 16 8
9 17 6
14 18 14
13 19 1
8 20 3
13 21 2
10 22 2
7 23 3
4 24 19
16 25 8
18 26 14
8 27 8
21 28 3
15 29 20
25 30 8
28 31 2
8 32 3
30 33 3
11 34 20
2 35 14
19 36 7
4 37 11
2 38 16
12 39 3
15 40 20
5 41 8
38 42 16
22 43 6
9 44 1
12 45 3
32 46 2
15 47 3
44 48 1
37 49 20
11 50 2
13 51 9
9 52 8
41 53 1
43 54 2
17 55 2
22 56 12
1 57 3
24 58 3
21 59 1
13 60 1
13 61 2
43 62 3
9 63 1
52 64 11
5 65 5
19 66 3
22 67 3
19 68 3
22 69 3
55 70 11
35 71 14
67 72 1
57 73 3
62 74 2
57 75 1
45 76 1
36 77 2
20 78 2
47 79 2
52 80 5
17 81 6
16 82 1
76 83 3
12 84 3
71 85 1
19 86 2
77 87 1
51 88 1
47 89 1
16 90 2
51 91 9
73 92 2
33 93 3
41 94 8
76 95 1
67 96 2
77 97 1
83 98 2
15 99 2
87 100 2
11 101 2
36 102 9
19 103 3
23 104 1
91 105 3
17 106 1
106 107 3
71 108 3
10 109 1
68 110 1
23 111 1
54 112 3
24 113 19
100 114 4
64 115 11
98 116 3
46 117 1
43 118 1
14 119 15
56 120 1
117 121 1
77 122 2
80 123 5
68 124 11
65 125 8
119 126 3
81 127 3
42 128 3
43 129 1
72 130 2
30 131 2
89 132 2
67 133 1
45 134 1
114 135 3
7 136 3
114 137 3
124 138 2
79 139 2
96 140 3
94 141 3
114 142 2
29 143 2
96 144 1
29 145 2
134 146 1
95 147 3
100 148 2
43 149 6
95 150 3
30 151 9
18 152 6
76 153 2
131 154 1
126 155 1
93 156 3
149 157 2
13 158 3
23 159 3
83 160 1
65 161 8
36 162 3
41 163 8
113 164 1
32 165 3
20 166 3
90 167 2
58 168 2
134 169 1
164 170 2
102 171 8
42 172 17
104 173 1
104 174 3
102 175 3
124 176 1
21 177 3
77 178 2
168 179 3
68 180 3
49 181 2
175 182 2
179 183 2
153 184 2
175 185 2
128 186 3
57 187 3
181 188 3
187 189 3
105 190 2
134 191 3
178 192 2
42 193 8
136 194 2
122 195 2
85 196 2
149 197 6
108 198 2
190 199 3
56 200 2
54 201 2
60 202 2
114 203 1
96 204 1
159 205 2
26 206 3
59 207 1
3 208 3
144 209 3
91 210 6
138 211 1
165 212 3
195 213 2
128 214 3
177 215 2
163 216 8
177 217 11
152 218 6
55 219 11
23 220 3
76 221 1
134 222 2
76 223 3
115 224 11
115 225 2
2 13 13
7 26 14
2 31 3
15 61 4
17 61 6
4 71 13
23 73 3
72 85 2
29 113 20
32 119 1
61 122 1
87 122 2
27 123 8
37 124 10
61 125 8
53 130 1
127 130 1
12 132 1
103 135 3
13 137 3
134 139 2
81 143 6
53 144 3
108 153 2
28 156 2
127 158 3
50 159 2
123 161 8
14 165 2
94 177 9
95 179 1
59 183 2
143 183 2
165 184 2
141 185 1
170 187 3
116 188 1
178 188 3
188 190 3
164 192 3
143 193 8
99 195 3
70 197 6
67 208 3
10 209 1
70 210 6
192 211 1
164 214 2
68 216 8
217 219 11
228 248 2
256 258 2
230 270 2
262 282 2
325 333 2
242 334 2
265 334 2
274 346 3
296 346 1
289 354 2
228 355 1
352 363 1
252 366 2
296 371 1
229 373 3
260 377 3
241 382 2
293 390 1
332 393 3
368 397 1
334 403 3
315 408 1
299 409 2
281 418 1
267 421 3
420 425 1
400 429 1
328 437 2
312 440 1
289 447 3
334 449 2
275 457 1
343 458 2
262 462 3
287 462 1
425 463 3
405 466 3
458 469 1
421 475 1
374 480 2
429 485 3
360 488 3
441 489 1
288 496 3
338 496 2
322 503 3
261 506 3
299 506 1
360 506 3
339 507 2
393 509 1
420 509 2
433 511 3
366 513 2
272 514 3
292 516 2
239 518 2
335 518 2
306 526 3
507 527 3
245 531 1
480 532 2
314 535 3
330 537 3
376 541 2
497 543 3
236 545 3
232 547 3
378 549 3
526 551 3
280 552 3
514 552 2
383 553 2
234 555 1
329 561 2
480 561 3
496 561 1
556 563 3
403 566 1
329 567 1
491 568 1
526 570 1
234 573 1
291 576 3
298 577 1
553 577 3
557 579 3
262 582 1
456 583 1
547 583 1
524 584 1
341 585 3
575 585 3
547 590 3
311 591 3
496 591 3
423 592 2
535 593 2
482 594 2
589 594 2
261 600 3
408 603 3
459 605 2
372 608 1
113 19 134 67 124 15 6 59 21 3 179 73 76 108 23 188 9 57 130 164 153 91 2 143 22 95
3 57 3
8 218 6
8 100 4
8 185 1
2 42 3
11 40 20
1 91 7
10 49 20
3 171 8
10 27 3
4 220 3
11 224 11
1 7 15
4 156 2
5 124 12
5 119 16
1 151 9
6 91 19
10 170 5
9 47 1
7 34 20
3 56 12
3 125 2
7 124 1
1 172 17
2 168 3