297 148 25 9 13
1 2 21
1 3 17
2 4 15
2 5 17
5 6 1
2 7 2
5 8 7
8 9 1
9 10 2
5 11 2
8 12 2
2 13 8
3 14 17
12 15 1
1 16 11
14 17 17
8 18 1
6 19 2
7 20 2
19 21 15
2 22 7
15 23 2
1 24 3
20 25 1
7 26 1
17 27 11
17 28 1
15 29 1
5 30 16
20 31 3
27 32 11
16 33 11
30 34 2
21 35 6
8 36 2
13 37 3
25 38 18
7 39 1
7 40 2
23 41 7
11 42 3
38 43 3
6 44 2
31 45 2
25 46 3
1 47 3
35 48 15
4 49 2
20 50 2
25 51 17
48 52 20
36 53 2
51 54 2
30 55 3
29 56 2
33 57 18
14 58 3
13 59 10
41 60 1
51 61 14
45 62 3
48 63 1
13 64 2
41 65 6
62 66 2
33 67 2
47 68 1
10 69 2
39 70 3
4 71 14
16 72 3
37 73 3
56 74 3
65 75 2
42 76 1
41 77 6
61 78 14
20 79 1
49 80 2
77 81 1
8 82 7
17 83 12
10 84 1
55 85 2
19 86 1
21 87 2
17 88 3
9 89 2
22 42 1
30 51 16
20 53 1
38 62 1
22 65 6
54 65 3
42 70 2
60 70 1
35 71 14
39 71 3
64 73 2
67 73 3
19 77 6
73 77 6
54 78 2
21 80 1
65 82 2
43 89 1
98 99 1
108 120 2
121 130 2
140 145 1
107 153 3
96 156 3
126 162 2
145 173 1
139 178 3
131 180 2
139 181 1
163 187 3
162 190 1
99 191 2
163 202 3
167 205 2
161 207 2
115 217 1
105 219 1
171 220 1
97 229 1
134 229 1
176 229 1
104 230 1
93 234 2
192 235 1
116 246 2
200 264 2
124 265 3
95 269 3
127 272 3
271 273 3
96 275 3
187 276 3
157 278 2
146 279 1
230 286 2
178 288 2
250 288 3
102 289 3
160 295 2
294 296 2
33 65 10 48 8 5 42 41 17 7 21 16 20 35 9 71 73 4 2 77 22 19 15 39 14
1 23 7
4 73 7
1 59 10
4 83 12
9 41 13
3 32 11
6 21 20
9 17 11
9 82 9
6 78 14
4 57 18
2 52 20
8 38 18