598 481 47 10 24
1 2 19
1 3 17
2 4 17
1 5 18
4 6 14
6 7 3
1 8 10
4 9 1
4 10 13
10 11 3
11 12 3
8 13 10
3 14 18
5 15 18
6 16 11
4 17 8
14 18 6
18 19 7
12 20 2
18 21 7
17 22 1
6 23 11
6 24 12
6 25 14
19 26 7
1 27 3
15 28 1
25 29 1
3 30 9
16 31 5
10 32 13
20 33 3
2 34 10
26 35 1
11 36 3
13 37 5
1 38 3
17 39 3
15 40 8
3 41 2
15 42 10
36 43 3
43 44 1
7 45 1
5 46 3
21 47 1
30 48 6
42 49 3
12 50 3
22 51 3
28 52 17
49 53 3
27 54 3
23 55 3
29 56 2
52 57 13
16 58 6
15 59 2
10 60 3
47 61 2
20 62 8
40 63 8
25 64 2
26 65 7
29 66 3
33 67 3
4 68 2
7 69 3
61 70 2
28 71 18
13 72 5
34 73 1
14 74 3
48 75 6
30 76 2
37 77 2
22 78 1
22 79 3
36 80 2
44 81 3
29 82 2
4 83 4
29 84 3
32 85 13
21 86 2
6 87 1
85 88 11
2 89 5
68 90 2
73 91 3
73 92 1
70 93 3
52 94 3
18 95 15
3 96 3
32 97 2
75 98 6
36 99 2
13 100 2
88 101 8
70 102 3
74 103 3
80 104 3
25 105 2
27 106 2
91 107 2
24 108 10
39 109 3
14 110 3
58 111 6
3 112 1
53 113 10
72 114 2
78 115 3
106 116 2
14 117 18
97 118 1
28 119 3
66 120 2
49 121 3
77 122 1
50 123 3
22 124 2
46 125 2
5 126 3
107 127 1
74 128 2
79 129 3
129 130 2
101 131 2
89 132 3
49 133 2
107 134 2
83 135 2
51 136 3
92 137 3
113 138 3
10 139 1
63 140 8
72 141 1
95 142 15
79 143 1
44 144 3
59 145 3
145 146 2
85 147 18
17 148 8
63 149 1
102 150 3
102 151 15
98 152 3
110 153 3
21 154 2
151 155 15
29 156 2
25 157 10
28 158 3
25 159 2
28 160 2
31 161 1
117 162 18
148 163 8
140 164 3
73 165 2
146 166 2
121 167 3
115 168 2
144 169 1
155 170 1
146 171 3
96 172 2
64 173 3
28 174 3
107 175 3
142 176 15
26 177 3
13 178 10
24 179 2
134 180 2
161 181 2
34 182 3
69 183 2
57 184 2
56 185 2
29 186 1
72 187 2
142 188 1
64 189 3
147 190 3
182 191 2
39 192 2
180 193 2
88 194 6
101 195 3
45 196 3
159 197 8
106 198 3
57 199 1
18 200 2
73 201 2
67 202 2
140 203 6
47 204 1
52 205 3
179 206 1
156 207 2
104 208 2
72 209 1
48 210 1
167 211 1
104 212 1
24 213 3
213 214 3
71 215 18
81 216 2
144 217 6
128 218 1
20 219 4
167 220 1
24 221 3
69 222 3
147 223 3
61 224 2
208 225 3
160 226 2
92 227 3
73 228 3
115 229 2
200 230 3
104 231 2
93 232 1
81 233 2
180 234 3
159 235 3
186 236 2
157 237 13
231 238 3
230 239 5
166 240 1
70 241 2
238 242 2
71 243 2
53 244 19
240 245 2
147 246 3
39 247 3
218 248 3
100 249 2
47 250 1
14 251 3
225 252 3
188 253 2
228 254 1
88 255 7
193 256 2
121 257 2
239 258 5
157 259 3
35 260 1
153 261 2
53 262 5
138 263 3
256 264 3
46 265 3
67 266 1
207 267 3
146 268 2
25 269 15
58 270 2
138 271 1
56 272 2
182 273 2
207 274 1
222 275 1
108 276 10
147 277 16
237 278 11
247 279 2
155 280 2
238 281 1
29 282 2
161 283 3
91 284 5
113 285 3
62 286 1
204 287 2
280 288 4
86 289 3
85 290 3
43 291 2
197 292 3
145 293 2
200 294 2
87 295 1
151 296 3
202 297 2
202 298 1
118 299 2
163 300 3
237 301 13
9 302 1
288 303 2
93 304 3
130 305 3
239 306 3
24 307 3
122 308 3
283 309 2
171 310 2
67 311 1
211 312 2
259 313 3
179 314 3
186 315 1
138 316 2
189 317 2
17 318 2
28 319 1
16 320 2
265 321 3
117 322 3
262 323 2
267 324 3
246 325 3
3 326 3
268 327 1
3 10 3
1 23 18
31 33 1
31 37 5
23 46 8
30 47 3
42 54 3
1 57 13
18 89 11
43 89 2
40 99 3
70 107 3
21 111 6
81 113 3
113 117 11
96 123 3
43 130 2
90 131 3
57 140 8
103 154 2
91 156 3
84 161 1
128 171 2
32 178 10
94 180 2
94 182 3
82 185 1
116 187 2
171 190 3
79 195 3
21 197 7
94 197 7
124 200 2
98 203 6
72 204 5
69 207 3
74 208 3
29 214 1
194 214 6
131 215 1
34 217 6
204 222 3
124 225 2
136 225 2
220 225 1
207 226 2
113 230 5
42 233 2
218 236 2
91 239 5
164 241 2
15 255 7
201 256 2
229 257 2
88 258 5
16 260 3
141 260 1
30 262 5
225 262 2
264 265 2
259 266 3
15 267 14
83 267 4
110 267 3
105 268 2
46 269 9
269 272 1
120 274 1
262 275 1
264 279 1
172 280 1
102 284 15
168 284 3
276 284 10
43 286 1
60 286 2
226 287 3
266 290 3
144 292 3
271 296 3
60 297 2
136 301 7
219 305 4
288 305 4
97 307 2
294 307 2
20 308 3
280 311 1
256 312 2
118 314 1
52 316 2
172 317 3
79 325 2
137 325 3
339 354 2
353 371 1
340 382 2
361 384 1
337 390 3
342 405 3
375 405 2
350 410 2
354 440 1
420 440 3
405 460 3
339 464 3
404 470 3
417 470 3
351 475 2
334 480 1
345 480 2
448 492 3
384 496 3
454 498 1
486 499 1
466 503 2
416 506 2
465 507 3
443 508 2
492 510 1
425 516 2
342 518 3
348 518 2
381 520 2
484 523 1
332 525 1
498 525 1
524 525 3
468 527 1
334 533 1
451 534 3
361 536 1
493 540 3
460 545 3
349 546 1
495 550 3
489 551 1
480 554 2
478 555 3
493 562 3
468 563 1
344 564 1
552 565 2
359 569 3
383 569 2
456 569 1
523 569 1
333 570 2
421 577 2
382 582 1
505 583 2
466 589 3
394 591 1
460 593 3
356 597 1
89 48 288 268 167 42 262 81 239 7 207 39 74 53 71 155 13 130 269 57 10 36 145 222 98 159 58 26 124 63 226 267 260 214 11 94 5 136 79 20 34 305 97 179 131 16 101
5 197 13
6 147 20
6 34 9
7 46 15
2 277 16
5 14 18
10 278 11
8 62 9
2 162 18
10 219 4
2 176 15
5 194 11
6 176 13
6 6 17
5 42 4
1 151 16
3 215 19
10 26 14
2 65 7
10 15 18
3 244 19
5 3 11
5 301 19
7 163 8