2002 1623 242 12 25
1 2 20
2 3 20
3 4 13
1 5 19
5 6 15
5 7 4
2 8 1
2 9 2
4 10 4
8 11 2
9 12 2
7 13 3
6 14 4
5 15 3
4 16 2
1 17 7
5 18 2
7 19 1
11 20 3
3 21 2
3 22 5
14 23 2
13 24 2
21 25 1
19 26 3
14 27 3
26 28 2
23 29 1
19 30 2
30 31 4
14 32 2
27 33 2
14 34 3
19 35 3
31 36 7
35 37 1
29 38 3
15 39 1
33 40 2
5 41 2
41 42 2
16 43 2
1 44 13
3 45 3
2 46 2
3 47 2
5 48 3
25 49 3
49 50 1
22 51 5
30 52 3
40 53 3
27 54 3
20 55 10
33 56 2
16 57 2
57 58 1
49 59 9
10 60 2
14 61 2
24 62 1
39 63 3
12 64 1
13 65 3
29 66 6
33 67 2
36 68 1
21 69 2
54 70 3
36 71 3
13 72 1
10 73 1
20 74 9
73 75 1
48 76 2
75 77 3
68 78 3
22 79 3
68 80 3
16 81 1
1 82 5
55 83 2
62 84 1
7 85 6
36 86 3
62 87 1
40 88 2
13 89 3
10 90 8
39 91 1
60 92 3
67 93 2
62 94 3
14 95 3
55 96 3
42 97 1
11 98 1
77 99 2
53 100 2
65 101 3
12 102 3
34 103 2
53 104 3
31 105 5
104 106 2
11 107 2
54 108 1
73 109 3
12 110 2
58 111 3
102 112 1
61 113 1
61 114 3
28 115 2
53 116 2
55 117 1
69 118 2
45 119 3
66 120 1
74 121 3
91 122 3
118 123 2
74 124 18
111 125 1
85 126 6
5 127 11
110 128 3
4 129 1
45 130 2
5 131 3
39 132 3
18 133 2
105 134 3
104 135 1
132 136 2
41 137 3
89 138 6
45 139 3
27 140 1
121 141 2
138 142 3
119 143 3
89 144 6
2 145 2
16 146 3
130 147 6
55 148 2
69 149 1
118 150 2
9 151 1
142 152 1
39 153 2
112 154 1
62 155 2
107 156 4
105 157 1
90 158 16
61 159 3
97 160 11
128 161 1
106 162 3
69 163 2
102 164 2
93 165 3
20 166 3
166 167 1
79 168 2
34 169 1
157 170 2
141 171 3
160 172 2
7 173 2
164 174 1
155 175 2
168 176 1
83 177 2
60 178 1
133 179 2
14 180 3
109 181 1
92 182 3
134 183 1
52 184 2
29 185 2
71 186 3
52 187 3
88 188 3
158 189 4
151 190 1
189 191 2
175 192 1
51 193 3
17 194 2
39 195 3
42 196 1
56 197 3
32 198 2
4 199 1
62 200 1
49 201 2
55 202 10
163 203 2
33 204 3
145 205 3
48 206 3
10 207 3
188 208 1
142 209 2
157 210 3
140 211 3
62 212 1
156 213 3
155 214 3
57 215 3
101 216 2
208 217 1
83 218 3
112 219 1
117 220 3
186 221 2
202 222 1
83 223 1
73 224 1
180 225 2
221 226 2
123 227 1
162 228 2
105 229 2
229 230 2
208 231 1
45 232 3
110 233 6
210 234 8
167 235 3
159 236 2
181 237 1
5 238 5
156 239 19
69 240 1
130 241 2
184 242 1
48 243 2
229 244 2
81 245 2
138 246 1
241 247 3
159 248 1
119 249 3
18 250 1
84 251 5
109 252 2
200 253 2
194 254 1
210 255 2
250 256 2
239 257 3
86 258 3
208 259 2
242 260 1
70 261 1
16 262 3
48 263 3
24 264 1
195 265 2
70 266 1
198 267 1
78 268 3
66 269 9
109 270 2
143 271 3
45 272 2
89 273 3
257 274 3
107 275 2
59 276 16
245 277 2
238 278 5
45 279 3
255 280 1
265 281 1
145 282 3
248 283 1
203 284 1
108 285 3
95 286 2
121 287 3
176 288 1
77 289 2
211 290 3
231 291 1
135 292 2
92 293 2
95 294 2
285 295 1
127 296 3
2 297 6
16 298 2
193 299 2
84 300 4
261 301 1
54 302 1
22 303 2
172 304 1
74 305 3
210 306 7
273 307 3
127 308 3
122 309 2
221 310 3
207 311 2
151 312 2
165 313 1
266 314 3
202 315 3
128 316 1
164 317 2
154 318 1
98 319 3
17 320 2
97 321 3
280 322 3
314 323 1
224 324 3
189 325 4
267 326 1
114 327 1
214 328 3
44 329 1
240 330 3
114 331 1
244 332 1
125 333 1
218 334 1
163 335 2
100 336 2
42 337 2
248 338 1
320 339 3
309 340 1
254 341 1
243 342 1
300 343 3
282 344 2
1 345 2
289 346 3
322 347 3
325 348 3
59 349 2
87 350 3
209 351 2
140 352 3
3 353 3
181 354 2
97 355 1
305 356 3
171 357 2
75 358 1
56 359 3
11 360 1
60 361 1
340 362 1
331 363 2
305 364 1
183 365 1
229 366 3
12 367 1
174 368 1
79 369 2
132 370 3
294 371 2
58 372 2
4 373 2
217 374 2
234 375 8
271 376 2
55 377 6
16 378 1
182 379 3
188 380 1
288 381 2
16 382 2
217 383 2
344 384 1
91 385 1
126 386 6
105 387 1
169 388 1
41 389 1
377 390 3
162 391 1
202 392 15
22 393 1
282 394 1
356 395 2
36 396 20
216 397 9
266 398 2
4 399 14
36 400 3
104 401 2
29 402 2
98 403 3
178 404 2
110 405 2
106 406 2
47 407 2
38 408 2
236 409 3
298 410 1
57 411 3
29 412 3
134 413 1
69 414 1
30 415 3
351 416 3
220 417 2
69 418 1
134 419 3
217 420 1
178 421 2
70 422 1
101 423 2
189 424 3
373 425 3
266 426 3
274 427 3
56 428 2
59 429 2
306 430 3
401 431 3
201 432 1
290 433 3
80 434 2
188 435 1
294 436 3
49 437 1
74 438 1
415 439 2
64 440 3
154 441 3
16 442 2
231 443 1
284 444 1
249 445 3
18 446 3
106 447 3
73 448 1
59 449 14
368 450 3
329 451 2
418 452 3
388 453 2
451 454 3
312 455 2
248 456 2
38 457 3
243 458 1
324 459 3
141 460 2
99 461 2
417 462 1
237 463 2
156 464 3
190 465 1
72 466 1
107 467 3
375 468 8
122 469 1
232 470 1
326 471 1
205 472 2
1 473 3
120 474 1
299 475 2
288 476 3
179 477 2
372 478 2
148 479 2
43 480 1
238 481 1
173 482 2
65 483 2
23 484 1
77 485 2
269 486 9
239 487 3
185 488 1
380 489 2
363 490 3
127 491 12
390 492 3
302 493 1
108 494 2
132 495 2
453 496 2
11 497 1
443 498 1
92 499 3
457 500 1
200 501 1
188 502 2
7 503 1
383 504 2
334 505 3
93 506 2
85 507 1
457 508 1
352 509 1
68 510 2
66 511 1
500 512 3
331 513 2
398 514 3
443 515 1
117 516 3
3 517 5
279 518 2
336 519 1
309 520 1
166 521 3
191 522 1
322 523 2
114 524 3
282 525 1
380 526 1
317 527 2
38 528 1
90 529 20
362 530 2
72 531 3
143 532 2
454 533 1
126 534 2
26 535 2
93 536 3
97 537 10
110 538 3
454 539 1
186 540 1
396 541 2
229 542 2
307 543 3
123 544 3
166 545 1
1 546 3
546 547 1
213 548 1
445 549 3
204 550 2
282 551 2
461 552 1
404 553 3
418 554 1
461 555 1
388 556 3
218 557 3
128 558 3
332 559 3
221 560 2
174 561 2
18 562 3
536 563 1
50 564 2
2 565 2
538 566 3
402 567 2
239 568 1
424 569 2
325 570 4
529 571 13
492 572 2
79 573 2
201 574 3
351 575 3
221 576 3
138 577 3
223 578 1
125 579 1
499 580 3
49 581 1
330 582 2
50 583 3
238 584 1
25 585 3
333 586 2
526 587 1
535 588 2
132 589 1
112 590 3
339 591 3
27 592 2
556 593 1
285 594 1
147 595 6
393 596 2
233 597 17
448 598 3
174 599 2
399 600 2
162 601 1
81 602 1
435 603 1
167 604 1
203 605 2
494 606 1
267 607 3
5 608 2
139 609 1
577 610 1
240 611 3
523 612 3
60 613 3
159 614 3
404 615 3
236 616 3
358 617 3
198 618 3
492 619 2
420 620 2
439 621 2
266 622 3
71 623 2
273 624 3
41 625 2
273 626 2
178 627 1
537 628 10
323 629 1
251 630 3
211 631 3
291 632 1
246 633 1
18 634 3
329 635 2
146 636 1
623 637 2
131 638 3
280 639 1
263 640 3
71 641 2
328 642 1
253 643 3
26 644 1
342 645 3
597 646 2
329 647 3
280 648 1
124 649 3
543 650 2
403 651 1
164 652 1
69 653 1
540 654 1
450 655 3
44 656 13
401 657 1
198 658 2
177 659 3
484 660 1
55 661 2
334 662 1
644 663 1
324 664 1
352 665 3
307 666 2
451 667 2
242 668 3
57 669 3
321 670 2
279 671 1
253 672 1
624 673 3
618 674 3
239 675 9
217 676 3
442 677 1
299 678 3
296 679 2
316 680 2
75 681 1
561 682 1
220 683 1
492 684 2
314 685 3
475 686 2
453 687 2
234 688 1
542 689 2
370 690 1
261 691 3
56 692 1
667 693 3
4 694 2
274 695 3
27 696 3
647 697 2
540 698 2
76 699 1
226 700 2
625 701 3
216 702 3
668 703 1
315 704 1
372 705 3
453 706 2
538 707 3
151 708 1
329 709 3
526 710 3
115 711 3
203 712 2
14 713 2
67 714 3
265 715 1
276 716 2
384 717 2
685 718 2
282 719 1
631 720 3
395 721 2
282 722 2
450 723 1
482 724 2
483 725 2
278 726 3
42 727 2
588 728 3
189 729 3
200 730 1
19 731 1
484 732 2
285 733 1
644 734 2
222 735 3
63 736 3
514 737 2
159 738 1
409 739 2
444 740 1
21 741 1
94 742 3
64 743 1
210 744 2
428 745 1
604 746 3
686 747 1
298 748 3
217 749 3
196 750 1
312 751 1
737 752 1
719 753 3
422 754 2
490 755 3
396 756 20
750 757 2
5 758 2
321 759 3
633 760 2
347 761 2
753 762 3
67 763 3
739 764 2
687 765 2
694 766 1
358 767 1
424 768 1
73 769 2
113 770 2
486 771 2
27 772 1
378 773 2
392 774 15
639 775 3
709 776 2
687 777 1
225 778 1
418 779 3
445 780 2
233 781 2
96 782 2
660 783 1
512 784 1
623 785 1
40 786 1
641 787 2
544 788 3
775 789 2
762 790 1
702 791 2
527 792 1
551 793 1
81 794 3
285 795 2
165 796 3
723 797 1
446 798 3
214 799 3
267 800 2
696 801 1
300 802 3
771 803 1
542 804 2
538 805 2
35 806 1
389 807 1
725 808 3
169 809 1
561 810 2
107 811 1
328 812 1
228 813 3
46 814 3
596 815 2
158 816 3
650 817 3
367 818 2
125 819 3
514 820 5
114 821 2
452 822 3
725 823 1
246 824 3
668 825 3
450 826 2
705 827 1
442 828 1
491 829 12
722 830 2
547 831 3
48 832 1
488 833 3
288 834 2
219 835 2
830 836 3
144 837 6
15 838 3
745 839 2
777 840 3
801 841 3
255 842 2
315 843 1
486 844 3
536 845 2
544 846 1
244 847 2
768 848 2
724 849 3
796 850 1
544 851 1
403 852 2
335 853 3
445 854 2
306 855 3
199 856 3
28 857 2
377 858 2
722 859 2
308 860 3
576 861 3
12 862 2
241 863 2
484 864 2
219 865 1
236 866 1
745 867 1
532 868 2
31 869 2
178 870 3
581 871 1
412 872 2
470 873 9
631 874 3
719 875 1
645 876 3
278 877 5
560 878 2
657 879 2
48 880 2
832 881 1
389 882 3
171 883 2
689 884 3
15 885 3
462 886 1
166 887 2
312 888 2
617 889 1
881 890 2
411 891 1
869 892 3
248 893 3
137 894 3
853 895 2
818 896 2
517 897 11
559 898 3
452 899 3
887 900 2
22 901 2
224 902 1
509 903 3
188 904 2
680 905 2
527 906 2
451 907 3
753 908 3
158 909 3
97 910 1
517 911 2
883 912 1
59 913 3
77 914 3
130 915 3
361 916 3
909 917 1
692 918 1
5 919 3
91 920 2
857 921 1
738 922 1
360 923 3
717 924 2
427 925 1
435 926 2
496 927 1
832 928 2
371 929 3
686 930 3
690 931 1
920 932 2
595 933 6
266 934 1
463 935 1
450 936 2
338 937 1
600 938 3
352 939 3
513 940 2
878 941 3
853 942 2
897 943 1
289 944 3
686 945 1
215 946 2
573 947 3
63 948 2
358 949 2
858 950 2
779 951 2
848 952 3
67 953 2
656 954 2
21 955 1
603 956 2
277 957 3
292 958 3
376 959 3
24 960 1
307 961 3
574 962 3
652 963 2
219 964 3
863 965 3
51 966 2
390 967 2
908 968 1
160 969 2
205 970 3
937 971 1
778 972 1
888 973 3
832 974 3
772 975 1
643 976 3
9 977 3
56 978 2
513 979 3
530 980 2
286 981 2
591 982 1
256 983 1
419 984 3
254 985 2
635 986 2
518 987 2
268 988 1
225 989 3
814 990 2
270 991 1
741 992 3
724 993 3
244 994 2
950 995 3
178 996 1
796 997 3
262 998 1
356 999 1
536 1000 2
945 1001 2
959 1002 2
805 1003 1
71 1004 3
214 1005 2
540 1006 3
507 1007 3
714 1008 2
799 1009 1
786 1010 2
56 1011 3
178 1012 1
411 1013 2
256 1014 2
449 1015 14
772 1016 3
679 1017 1
46 1018 1
978 1019 6
330 1020 1
535 1021 1
997 1022 3
451 1023 2
381 1024 2
198 1025 3
829 1026 12
405 1027 3
687 1028 2
657 1029 3
657 1030 3
962 1031 2
341 1032 3
972 1033 1
916 1034 3
322 1035 2
303 1036 1
640 1037 2
227 1038 3
610 1039 2
979 1040 2
152 1041 2
240 1042 3
536 1043 2
958 1044 1
971 1045 1
585 1046 2
431 1047 1
981 1048 2
1031 1049 2
1026 1050 12
493 1051 2
928 1052 3
747 1053 2
600 1054 2
259 1055 2
1019 1056 6
333 1057 1
521 1058 2
331 1059 3
1056 1060 6
826 1061 2
154 1062 1
849 1063 1
106 1064 1
140 1065 2
377 1066 2
1057 1067 3
775 1068 3
839 1069 3
10 1070 9
180 1071 3
384 1072 1
864 1073 2
1041 1074 2
66 1075 1
279 1076 1
447 1077 3
394 1078 2
304 1079 3
430 1080 2
63 1081 3
479 1082 3
350 1083 3
883 1084 1
630 1085 2
460 1086 2
73 1087 1
1050 1088 12
95 1089 2
966 1090 9
755 1091 1
342 1092 2
1062 1093 1
905 1094 1
254 1095 2
1014 1096 1
560 1097 2
819 1098 1
841 1099 3
161 1100 1
433 1101 4
475 1102 2
1080 1103 1
231 1104 3
516 1105 1
131 1106 1
82 93 3
29 105 6
74 142 3
36 158 8
182 196 3
106 214 1
142 215 3
49 216 9
66 220 2
104 220 2
170 221 2
110 238 2
133 238 2
117 241 2
10 242 3
92 243 1
146 249 3
112 256 2
53 258 3
52 270 1
200 290 2
146 295 3
107 297 4
175 297 2
17 306 7
250 307 2
117 308 3
96 316 1
205 318 1
6 327 1
132 339 2
298 343 1
169 352 1
163 357 1
297 361 1
136 364 1
253 365 3
97 366 3
3 379 3
22 385 1
79 387 2
170 393 3
397 399 9
410 415 2
208 422 1
209 426 2
146 427 3
163 430 1
163 433 4
136 435 3
318 450 1
319 451 1
445 472 1
192 484 1
438 493 3
412 497 3
115 498 3
142 498 3
60 502 1
174 515 3
212 516 2
358 520 3
431 529 3
224 530 2
489 534 1
66 538 1
508 542 3
322 547 3
74 559 3
134 568 1
40 570 4
242 572 1
104 578 1
331 578 2
404 580 2
24 583 3
352 588 2
138 589 5
521 590 3
242 593 3
91 594 1
551 603 2
404 607 2
387 610 2
501 615 3
217 616 2
360 627 1
470 628 9
415 633 3
65 634 2
566 638 3
490 640 3
414 642 2
531 642 1
564 643 2
246 653 2
411 654 1
519 655 2
639 655 1
571 656 13
589 663 1
282 673 1
334 673 1
251 675 3
663 676 2
167 679 2
354 684 3
431 706 2
326 708 2
596 709 2
299 712 1
583 712 1
70 716 2
136 717 1
43 719 1
623 719 1
552 721 3
26 724 2
612 724 3
696 730 3
464 731 2
305 732 1
71 737 3
257 737 1
413 737 2
433 742 2
705 746 1
572 752 3
332 753 1
563 753 3
584 758 1
609 764 1
735 769 3
107 770 1
6 774 15
242 783 2
226 793 3
268 793 3
325 795 3
212 798 2
511 803 2
711 803 3
724 803 2
28 806 2
664 807 2
766 807 2
420 810 1
594 810 3
371 811 1
127 813 1
551 817 1
647 818 1
289 819 1
197 820 3
235 822 1
300 824 3
784 824 2
64 834 1
456 836 1
338 838 1
310 839 1
727 839 1
333 847 1
427 853 3
846 854 1
31 861 3
748 862 3
183 865 3
699 867 2
405 872 1
787 872 1
496 873 1
484 875 3
486 876 2
468 877 8
292 879 1
539 884 3
802 884 2
260 885 2
352 887 3
430 887 2
233 892 2
815 893 3
798 894 1
33 898 3
682 900 2
335 906 2
271 912 2
125 915 2
567 917 3
849 919 3
4 920 2
210 922 2
902 923 2
358 925 2
82 926 5
163 926 5
707 927 2
399 929 3
14 932 1
482 938 2
464 940 1
482 943 3
813 943 2
790 944 2
572 948 1
586 953 2
693 953 1
206 954 1
498 955 1
646 956 2
330 957 1
865 958 3
406 959 3
959 962 3
464 963 3
437 964 2
183 966 3
221 966 6
431 969 2
19 971 2
54 972 3
145 975 3
238 976 1
298 978 3
840 980 1
429 984 2
514 984 3
68 988 2
982 990 1
14 992 3
410 993 3
497 999 3
361 1003 3
475 1005 3
480 1006 2
61 1011 2
413 1012 1
621 1013 2
45 1014 2
517 1014 1
628 1015 14
1002 1020 3
950 1022 1
496 1023 3
776 1028 3
398 1030 3
128 1034 3
554 1037 1
183 1039 3
678 1040 1
221 1041 3
927 1046 1
730 1053 2
724 1058 3
304 1061 1
59 1062 3
866 1063 2
658 1064 3
902 1065 1
1032 1065 1
575 1066 2
874 1067 1
252 1070 2
628 1070 12
365 1071 1
373 1072 1
334 1074 3
790 1074 3
623 1079 3
672 1079 3
695 1087 3
590 1089 3
538 1090 1
873 1090 10
864 1091 2
112 1094 2
616 1096 2
103 1101 1
820 1101 6
339 1106 1
1124 1137 2
1150 1154 2
1126 1177 2
1162 1188 3
1117 1195 3
1196 1208 3
1125 1257 1
1177 1257 2
1247 1274 2
1211 1283 2
1160 1290 2
1237 1324 1
1222 1327 3
1173 1348 3
1206 1349 2
1301 1349 2
1111 1350 1
1337 1352 3
1112 1355 3
1125 1355 3
1211 1360 2
1143 1364 1
1163 1371 1
1221 1378 3
1308 1380 3
1113 1389 3
1237 1389 1
1309 1389 2
1290 1393 1
1287 1396 3
1222 1397 3
1330 1413 2
1367 1414 2
1375 1418 1
1283 1421 1
1221 1429 2
1169 1431 3
1190 1444 1
1360 1449 2
1295 1450 3
1341 1452 2
1419 1453 3
1447 1453 3
1381 1454 1
1403 1454 3
1196 1456 2
1428 1467 1
1455 1470 2
1125 1471 1
1328 1473 3
1458 1474 1
1430 1481 2
1195 1485 1
1407 1486 2
1128 1490 2
1475 1501 1
1243 1507 1
1285 1510 1
1275 1513 3
1446 1513 2
1332 1517 3
1181 1521 3
1341 1522 1
1177 1524 3
1498 1528 2
1312 1529 3
1345 1529 3
1157 1532 2
1241 1533 1
1435 1535 2
1306 1546 2
1476 1555 3
1261 1568 1
1566 1578 1
1180 1583 1
1373 1583 1
1535 1585 2
1451 1600 3
1540 1602 2
1386 1609 2
1431 1614 3
1377 1616 3
1169 1619 2
1257 1619 1
1156 1624 3
1172 1624 3
1239 1624 1
1616 1625 1
1294 1626 2
1262 1628 2
1609 1632 1
1508 1634 1
1460 1635 2
1465 1642 3
1356 1644 2
1220 1646 2
1458 1657 3
1545 1662 2
1318 1663 1
1528 1663 1
1533 1668 1
1139 1671 3
1569 1671 1
1114 1672 3
1272 1690 1
1420 1699 2
1216 1700 1
1412 1704 1
1673 1710 2
1625 1712 3
1306 1714 1
1327 1715 2
1355 1717 2
1445 1719 1
1290 1721 3
1623 1723 3
1148 1725 3
1493 1728 1
1590 1748 3
1681 1750 3
1528 1755 3
1190 1764 2
1745 1765 1
1512 1766 1
1447 1768 3
1611 1770 1
1768 1771 1
1379 1774 2
1246 1775 2
1299 1777 2
1389 1779 1
1602 1779 1
1212 1780 1
1357 1782 3
1737 1784 3
1681 1793 1
1710 1794 3
1295 1800 1
1395 1801 1
1346 1802 1
1392 1808 1
1323 1812 3
1456 1813 1
1114 1814 2
1275 1815 3
1196 1817 1
1547 1819 2
1512 1820 2
1715 1824 1
1251 1827 3
1723 1835 1
1790 1838 1
1792 1843 2
1298 1844 3
1310 1844 1
1585 1844 3
1203 1850 1
1149 1851 2
1829 1853 2
1196 1854 2
1694 1855 3
1688 1857 3
1198 1858 2
1571 1862 3
1384 1863 1
1731 1864 2
1525 1868 3
1837 1871 1
1454 1877 3
1474 1878 1
1458 1880 2
1600 1881 1
1302 1882 1
1587 1886 2
1338 1892 3
1685 1893 1
1363 1894 1
1548 1894 3
1670 1895 3
1576 1897 3
1425 1898 3
1535 1901 1
1849 1904 1
1322 1905 3
1752 1905 2
1563 1906 2
1709 1906 1
1169 1907 1
1622 1908 3
1716 1909 2
1764 1914 1
1740 1916 1
1874 1916 2
1447 1917 3
1579 1923 3
1887 1924 2
1152 1925 2
1464 1927 3
1663 1927 2
1340 1928 2
1207 1929 1
1673 1930 3
1729 1931 2
1198 1934 1
1765 1940 1
1771 1942 3
1942 1944 1
1922 1946 1
1268 1947 3
1369 1950 3
1226 1951 3
1842 1954 1
1495 1957 1
1108 1961 2
1297 1961 2
1575 1961 3
1780 1962 3
1788 1962 2
1633 1965 2
1967 1968 3
1672 1969 3
1243 1970 2
1214 1972 2
1658 1973 1
1769 1974 3
1159 1978 3
1191 1980 2
1882 1981 1
1151 1982 2
1205 1986 1
1489 1986 3
1322 1987 1
1792 1989 1
1546 1992 2
1599 1992 1
1699 1998 3
1716 2001 1
356 248 126 95 404 705 166 530 114 278 201 203 72 536 79 807 498 35 696 23 34 492 57 339 109 123 196 1041 24 328 63 273 181 527 130 633 266 58 962 453 966 493 42 115 813 538 351 299 561 186 136 610 119 326 93 338 642 121 212 304 96 445 950 217 745 943 883 324 486 824 517 978 399 28 668 5 484 325 457 309 687 361 849 306 151 803 233 59 450 560 98 686 175 384 41 157 265 540 603 167 267 62 415 178 292 44 112 1074 352 48 926 433 431 68 730 43 256 442 1090 372 775 1065 102 529 308 138 20 52 334 590 588 131 390 209 420 180 154 90 46 401 329 639 719 210 146 60 839 332 240 1101 202 984 208 616 221 155 1070 125 25 50 461 832 65 490 380 81 249 257 793 38 864 22 13 156 717 297 452 388 53 74 211 657 26 335 454 589 104 12 422 737 2 61 853 238 314 242 133 920 305 958 865 274 108 246 174 873 709 77 798 234 663 229 29 49 725 288 33 365 4 214 600 435 514 142 333 673 427 298 31 411 1079 158 143 183 224 66 578 373 261 513 884 17
5 202 20
12 1090 18
2 1085 2
1 877 12
10 276 16
8 897 11
5 51 7
3 150 2
10 837 6
2 675 12
9 377 4
9 386 6
6 933 6
12 597 17
12 846 1
7 124 18
8 820 14
8 618 3
3 160 9
12 399 16
1 756 20
9 415 2
9 1088 12
2 1060 6
8 486 9