299 193 24 7 14
1 2 18
2 3 17
1 4 17
3 5 1
4 6 6
3 7 18
3 8 2
2 9 18
7 10 3
5 11 3
3 12 1
4 13 4
1 14 14
7 15 3
11 16 17
10 17 1
10 18 4
4 19 3
18 20 1
3 21 1
16 22 3
16 23 17
20 24 2
23 25 17
13 26 1
13 27 3
17 28 2
7 29 1
21 30 1
10 31 4
15 32 2
24 33 3
6 34 7
27 35 3
4 36 1
10 37 2
11 38 2
31 39 4
34 40 2
34 41 13
15 42 2
16 43 3
36 44 1
38 45 2
24 46 3
42 47 1
16 48 2
43 49 3
48 50 3
1 51 3
1 52 3
8 53 2
25 54 17
11 55 2
37 56 3
19 57 2
44 58 3
11 59 19
14 60 6
14 61 14
26 62 3
24 63 3
1 64 1
27 65 3
52 66 2
2 67 1
17 68 1
31 69 3
19 70 2
41 71 6
41 72 9
61 73 14
38 74 3
40 75 1
13 76 1
48 77 2
8 78 2
9 79 13
6 80 1
76 81 3
7 82 9
18 83 2
34 84 3
48 85 3
76 86 3
71 87 5
8 88 3
52 89 3
19 90 2
24 91 2
17 92 3
54 93 2
83 94 2
10 95 2
94 96 2
77 97 1
77 98 3
20 99 1
69 100 1
18 101 7
64 102 2
72 103 2
57 104 2
11 105 2
26 106 4
39 107 4
58 108 3
36 109 1
89 110 3
6 111 3
13 112 2
12 113 1
89 114 2
84 115 3
73 116 2
16 117 1
89 118 3
21 119 3
96 120 1
100 121 3
41 122 19
76 123 2
71 124 3
28 125 3
108 126 3
111 127 3
4 128 17
99 129 3
93 130 3
59 131 2
100 132 3
47 133 1
21 57 2
54 60 3
34 63 3
29 75 1
51 76 1
2 86 1
6 91 3
26 91 3
7 100 8
60 102 5
78 102 3
87 102 5
13 107 4
53 108 2
94 113 3
60 119 3
58 126 1
3 127 3
9 128 9
11 128 17
115 132 3
149 161 3
145 170 2
165 180 2
177 183 3
160 187 2
140 194 2
174 197 1
191 198 1
190 203 3
168 216 3
182 216 2
206 223 1
143 229 3
215 229 2
175 233 3
211 234 2
182 241 1
210 243 1
225 248 2
142 249 2
172 250 2
148 254 2
183 255 3
249 257 3
142 258 1
246 260 3
193 265 2
172 267 2
237 267 1
268 280 1
155 285 2
263 285 2
265 285 1
165 286 2
208 288 3
167 289 1
212 290 1
247 292 3
199 296 1
205 296 2
16 8 15 76 27 102 77 26 71 24 14 17 18 48 128 60 52 9 21 10 20 100 108 13
6 101 7
6 106 4
6 73 14
7 59 19
1 82 9
2 107 3
5 122 19
6 102 1
2 90 1
5 5 4
3 72 9
3 54 19
2 74 2
3 79 13