1994 777 40 11 16
1 2 13
1 3 3
1 4 2
1 5 1
2 6 5
5 7 3
6 8 5
3 9 1
2 10 8
1 11 16
10 12 9
10 13 4
2 14 2
10 15 3
11 16 7
10 17 2
1 18 3
15 19 1
17 20 2
11 21 4
8 22 1
16 23 16
22 24 2
12 25 9
2 26 5
15 27 3
10 28 1
23 29 2
20 30 1
17 31 3
8 32 7
14 33 1
31 34 2
21 35 4
20 36 3
34 37 3
21 38 1
20 39 2
19 40 3
25 41 2
4 42 1
9 43 3
42 44 3
20 45 2
20 46 3
35 47 1
36 48 2
27 49 1
36 50 1
14 51 3
45 52 3
44 53 1
52 54 2
23 55 7
17 56 1
23 57 2
19 58 2
23 59 16
37 60 3
36 61 2
46 62 3
30 63 2
9 64 3
48 65 1
28 66 3
65 67 3
27 68 1
7 69 1
17 70 2
30 71 4
50 72 2
28 73 1
40 74 3
34 75 3
1 76 3
4 77 1
77 78 2
69 79 3
55 80 7
43 81 12
81 82 5
54 83 1
80 84 6
78 85 3
19 86 3
35 87 3
19 88 3
83 89 1
18 90 2
8 91 2
84 92 6
91 93 1
13 94 9
65 95 2
65 96 3
51 97 3
24 98 1
6 99 4
25 100 1
11 101 3
49 102 3
43 103 2
19 104 3
1 105 1
23 106 3
18 107 4
24 108 2
31 109 1
71 110 1
83 111 1
94 112 3
49 113 1
59 114 3
79 115 1
60 116 3
66 117 2
77 118 1
92 119 3
68 120 3
29 121 3
63 122 3
41 123 2
47 124 2
41 125 3
108 126 2
35 127 3
63 128 3
73 129 2
62 130 1
44 131 1
2 132 2
107 133 3
87 134 3
51 135 3
71 136 1
44 137 2
15 138 2
72 139 4
96 140 1
117 141 2
103 142 1
39 143 1
138 144 2
43 145 4
104 146 1
30 147 1
122 148 2
69 149 2
145 150 4
127 151 1
68 152 1
13 153 14
3 154 2
64 155 3
46 156 2
6 157 3
47 158 1
64 159 5
104 160 1
108 161 1
101 162 1
147 163 2
97 164 1
129 165 1
121 166 14
112 167 3
2 168 1
104 169 2
7 170 2
37 171 2
17 172 1
105 173 1
24 174 2
172 175 2
28 176 3
90 177 1
129 178 1
162 179 3
9 180 3
126 181 1
85 182 3
150 183 4
45 184 3
176 185 2
134 186 3
115 187 3
183 188 3
165 189 2
93 190 1
179 191 1
135 192 3
180 193 3
2 194 9
17 195 3
130 196 2
107 197 1
154 198 3
198 199 3
77 200 1
100 201 2
11 202 13
162 203 1
9 204 2
59 205 3
124 206 2
34 207 1
116 208 3
94 209 4
133 210 1
2 211 2
22 212 2
107 213 1
151 214 2
130 215 1
192 216 2
170 217 1
48 218 1
214 219 1
183 220 2
130 221 1
189 222 3
99 223 3
88 224 3
94 225 2
126 226 3
83 227 2
193 228 3
78 229 3
132 230 3
180 231 1
86 232 2
191 233 2
211 234 2
124 235 3
5 236 17
45 237 2
199 238 1
106 239 1
5 240 3
185 241 3
229 242 2
116 243 1
66 244 1
3 245 2
150 246 3
82 247 5
194 248 2
164 249 3
32 250 7
80 251 1
41 252 3
9 253 3
180 254 1
54 255 1
27 256 2
75 257 1
153 258 4
19 259 2
12 260 1
27 29 1
11 36 5
36 43 5
1 46 9
52 73 1
37 74 3
69 81 3
65 92 3
10 95 17
13 107 13
48 109 1
76 109 2
52 111 1
91 113 2
99 118 3
3 119 3
85 132 2
1 139 4
9 139 4
103 146 2
46 150 2
99 150 4
120 155 2
26 159 5
36 161 2
42 165 1
74 166 3
93 172 2
81 174 18
65 176 2
1 177 1
97 178 3
129 181 3
35 184 3
70 185 3
9 186 3
19 187 2
152 187 2
163 187 2
121 194 9
108 202 13
14 208 3
35 208 3
72 209 4
97 209 2
8 214 3
30 214 1
2 216 3
48 217 1
204 218 1
98 224 3
138 225 2
125 226 3
89 229 3
171 232 1
117 233 2
194 233 2
107 236 17
85 237 2
108 238 3
123 239 3
104 247 3
233 247 3
203 251 2
10 257 2
71 258 4
164 258 1
43 259 1
248 259 2
342 347 2
288 350 1
272 387 3
356 409 2
421 437 3
271 463 1
314 467 3
324 496 2
386 507 1
320 522 1
347 523 1
416 527 1
295 531 3
424 531 3
529 533 3
273 534 3
313 538 3
425 538 1
456 558 3
517 559 1
365 583 1
286 591 1
524 593 1
386 612 2
573 615 2
574 616 3
634 639 1
321 642 3
552 645 2
312 646 2
486 656 3
515 663 3
610 663 3
456 679 2
504 723 1
597 729 3
666 745 2
281 749 2
455 774 2
773 777 2
383 787 2
605 788 3
423 795 2
417 805 3
479 805 1
466 806 2
501 818 1
800 828 1
588 832 1
461 842 1
322 847 3
795 854 1
747 860 2
514 862 2
830 869 2
617 873 1
284 894 1
630 895 1
408 911 1
454 912 2
494 912 3
773 913 2
884 919 1
885 920 3
513 922 2
648 923 3
519 928 2
782 929 2
273 945 1
556 949 3
759 960 3
430 976 1
400 979 2
766 983 2
762 985 2
372 986 1
641 988 1
701 988 3
830 990 2
935 994 2
386 997 2
941 1001 3
998 1002 1
429 1005 3
813 1010 1
425 1014 2
341 1020 3
1008 1020 3
549 1029 1
917 1029 2
866 1035 2
768 1037 3
877 1040 3
943 1043 3
708 1048 2
394 1049 1
681 1049 3
846 1055 2
381 1058 3
877 1067 1
271 1071 2
475 1073 3
833 1076 3
719 1077 3
780 1087 1
925 1111 3
1036 1111 3
804 1112 2
287 1128 1
588 1139 2
683 1139 3
563 1147 1
955 1155 3
814 1159 1
435 1170 3
546 1170 1
961 1173 2
760 1176 1
990 1180 3
1005 1196 3
581 1197 3
656 1200 1
419 1213 3
645 1215 2
394 1216 3
496 1217 2
942 1218 2
621 1219 3
448 1222 1
841 1225 1
874 1228 3
1175 1233 3
470 1237 1
700 1242 2
646 1245 1
546 1247 1
567 1251 1
988 1263 3
596 1268 2
1229 1270 2
976 1274 1
925 1277 1
1212 1287 2
1080 1288 3
1121 1288 2
498 1289 1
560 1289 1
299 1294 1
319 1300 2
754 1310 1
815 1310 3
1212 1310 2
747 1312 1
1247 1312 2
1266 1312 1
1251 1315 2
1178 1322 1
1214 1331 1
780 1341 1
1036 1346 3
401 1350 2
1070 1360 3
665 1361 2
1059 1363 2
912 1365 3
1042 1366 2
1289 1366 3
1350 1366 1
1307 1372 1
499 1374 2
690 1378 2
1348 1379 1
590 1383 3
1150 1386 2
592 1391 3
1361 1396 1
1275 1397 3
935 1400 1
1251 1406 2
761 1412 3
1005 1415 1
428 1423 1
1272 1423 3
611 1427 3
529 1428 2
350 1429 3
658 1433 3
774 1442 2
498 1443 1
1271 1450 3
736 1457 3
1172 1467 1
1006 1468 2
649 1470 2
1111 1478 3
502 1480 2
1047 1482 3
390 1484 1
373 1485 3
1202 1486 3
1226 1493 2
726 1497 2
926 1498 3
284 1499 2
431 1500 3
558 1500 3
1007 1504 3
1391 1504 2
1010 1507 2
1134 1510 2
1052 1513 1
1170 1514 3
389 1516 1
726 1517 3
1050 1519 1
1202 1520 3
990 1528 1
1069 1528 1
418 1530 1
264 1531 3
1462 1535 1
469 1538 1
921 1539 3
911 1543 3
1394 1544 3
918 1548 3
882 1550 2
614 1551 2
1315 1555 1
524 1558 2
564 1558 3
1308 1558 3
1288 1562 3
301 1563 3
411 1564 1
663 1566 1
759 1569 3
604 1575 1
1009 1575 2
682 1576 2
342 1578 3
1239 1581 3
412 1582 2
745 1582 3
521 1588 1
1271 1588 1
399 1597 1
1340 1600 1
1479 1600 1
1544 1601 1
1011 1603 3
1275 1604 1
1122 1609 3
884 1610 3
579 1611 3
956 1612 2
793 1618 2
739 1623 1
1055 1624 2
433 1626 1
837 1629 1
740 1634 1
1330 1640 1
506 1645 3
1252 1645 1
410 1649 2
1525 1653 3
617 1656 2
1658 1660 1
678 1663 3
1288 1664 3
1434 1664 1
776 1665 1
1005 1665 2
293 1667 1
435 1671 2
1469 1674 2
1535 1676 3
1623 1676 2
313 1680 2
648 1684 1
391 1687 3
1557 1688 3
566 1689 1
483 1692 2
683 1694 3
1117 1695 3
1145 1695 3
1354 1698 1
979 1703 3
1264 1703 2
493 1704 1
1312 1705 1
1449 1706 3
603 1707 1
1170 1709 3
1589 1710 1
777 1713 2
1356 1713 1
758 1714 1
512 1716 2
1568 1719 1
1163 1720 1
667 1722 1
1095 1722 2
299 1726 2
360 1727 3
864 1728 1
319 1730 2
1104 1730 2
723 1731 3
512 1732 2
1219 1733 3
564 1737 3
1114 1737 2
1209 1737 2
415 1738 1
425 1740 1
363 1745 3
338 1746 3
532 1749 2
1125 1753 1
1153 1753 1
640 1754 2
1484 1755 3
1167 1757 2
856 1758 2
1348 1758 2
508 1759 3
1630 1760 1
1690 1768 3
992 1770 2
1283 1770 2
1758 1770 1
997 1772 3
1565 1772 3
614 1773 2
1484 1776 2
1417 1777 2
1738 1777 3
1673 1778 2
582 1779 1
1049 1780 3
756 1784 3
1383 1784 3
1147 1785 1
1678 1786 2
468 1790 2
869 1797 1
1733 1799 3
1440 1803 2
1472 1803 3
1467 1804 1
364 1806 3
1768 1806 3
968 1807 3
1410 1808 3
629 1809 2
1661 1810 1
1471 1811 1
336 1820 3
1354 1820 1
1623 1821 3
1649 1825 2
505 1832 1
534 1833 1
1261 1835 2
1534 1837 1
1818 1840 3
1629 1846 2
373 1848 1
593 1849 3
1261 1851 2
321 1852 1
344 1852 3
1038 1852 2
1189 1853 3
343 1855 1
920 1855 3
1326 1857 1
1614 1857 1
1763 1857 3
1185 1858 2
1613 1858 2
1002 1859 1
1565 1859 2
1671 1860 1
500 1863 1
1519 1869 1
949 1870 1
1737 1877 2
301 1881 1
1484 1881 3
1635 1881 2
464 1885 3
1648 1885 1
1449 1888 3
1236 1893 2
557 1894 3
1042 1895 2
666 1898 2
694 1899 3
1516 1902 2
1449 1904 3
1277 1905 2
1038 1906 1
1494 1906 1
1030 1907 2
1338 1912 3
874 1914 1
1035 1918 2
442 1921 2
874 1921 3
827 1932 1
719 1933 3
1045 1934 2
1312 1938 1
999 1940 2
1740 1941 2
1613 1943 1
415 1944 1
1164 1944 1
1223 1944 3
1577 1944 1
634 1945 2
760 1947 3
782 1954 1
1584 1955 2
1855 1956 1
876 1957 3
629 1958 1
748 1966 1
1075 1966 2
804 1974 3
355 1975 3
640 1977 3
429 1979 1
1862 1979 1
1084 1982 1
1641 1985 1
1071 1987 2
1181 1987 1
1104 1988 2
1649 1989 1
405 1990 2
1167 1990 2
1626 1990 2
1700 1990 1
456 1993 1
74 34 165 116 194 11 93 30 92 94 130 180 259 9 54 49 27 24 8 71 4 73 10 139 28 31 47 83 162 77 20 121 64 183 214 108 109 6 68 69
8 153 15
11 5 18
8 67 3
7 59 16
9 30 6
11 64 6
10 46 9
7 174 19
3 95 19
7 250 7
10 25 11
6 26 4
9 108 17
4 66 4
1 127 4
6 166 17