2008 2492 82 7 11
1 2 9
1 3 9
2 4 7
4 5 1
5 6 1
3 7 7
6 8 3
2 9 2
2 10 3
7 11 3
3 12 1
11 13 3
6 14 1
1 15 9
15 16 9
16 17 2
13 18 4
6 19 2
3 20 3
7 21 2
8 22 2
18 23 4
13 24 2
7 25 3
21 26 2
1 27 11
26 28 1
20 29 1
4 30 2
18 31 1
21 32 1
21 33 2
11 34 2
16 35 3
22 36 2
20 37 3
7 38 3
7 39 2
35 40 2
4 41 7
36 42 2
29 43 3
33 44 2
14 45 3
30 46 1
6 47 3
11 48 2
31 49 3
25 50 2
37 51 2
3 52 1
2 53 3
12 54 2
12 55 3
39 56 2
12 57 2
29 58 3
21 59 1
42 60 3
16 61 3
15 62 2
36 63 3
12 64 1
50 65 3
18 66 3
2 67 1
28 68 1
59 69 3
59 70 2
16 71 3
67 72 3
13 73 4
1 74 3
44 75 1
14 76 3
49 77 2
73 78 3
23 79 2
61 80 1
32 81 3
10 82 2
49 83 3
32 84 2
10 85 2
40 86 1
60 87 1
61 88 3
70 89 1
5 90 3
6 91 1
50 92 1
87 93 1
21 94 1
48 95 2
13 96 3
12 97 2
81 98 1
28 99 2
60 100 1
6 101 2
26 102 1
67 103 2
72 104 1
79 105 2
26 106 1
49 107 3
60 108 1
56 109 3
32 110 3
54 111 1
15 112 3
39 113 1
66 114 9
96 115 2
71 116 2
27 117 4
26 118 3
43 119 1
68 120 2
47 121 3
29 122 2
106 123 3
44 124 2
42 125 2
68 126 2
20 127 3
66 128 2
90 129 2
63 130 1
23 131 2
7 132 3
33 133 2
82 134 3
33 135 3
28 136 1
76 137 2
122 138 1
132 139 3
112 140 2
58 141 2
96 142 2
7 143 2
87 144 2
121 145 1
71 146 3
108 147 2
41 148 3
103 149 2
87 150 1
113 151 2
151 152 3
28 153 1
144 154 3
116 155 2
40 156 1
31 157 1
61 158 1
14 159 1
87 160 1
21 161 2
5 162 2
151 163 3
46 164 1
1 165 3
137 166 3
154 167 2
26 168 3
49 169 3
26 170 2
63 171 2
11 172 3
21 173 1
146 174 2
126 175 3
67 176 3
22 177 3
37 178 1
172 179 1
129 180 3
21 181 2
90 182 3
159 183 1
169 184 3
28 185 2
12 186 1
34 187 1
127 188 1
127 189 2
36 190 1
9 191 3
66 192 4
87 193 3
77 194 2
132 195 1
136 196 3
138 197 3
91 198 1
78 199 2
151 200 2
116 201 3
165 202 3
138 203 2
120 204 2
32 205 3
69 206 1
163 207 1
14 208 1
16 209 2
32 210 1
140 211 1
65 212 1
145 213 2
70 214 2
5 215 2
115 216 4
127 217 2
138 218 2
163 219 1
3 220 1
30 221 2
179 222 1
70 223 1
100 224 2
213 225 1
132 226 2
72 227 2
29 228 2
79 229 1
118 230 2
180 231 1
90 232 3
179 233 3
110 234 3
98 235 2
80 236 2
210 237 2
213 238 2
29 239 2
196 240 3
62 241 3
199 242 3
163 243 2
135 244 1
76 245 3
203 246 3
220 247 2
220 248 2
197 249 3
249 250 2
64 251 3
236 252 3
64 253 2
102 254 3
61 255 3
172 256 1
173 257 2
46 258 1
70 259 1
89 260 2
148 261 1
89 262 3
146 263 1
15 264 2
80 265 2
220 266 2
47 267 1
225 268 3
70 269 3
50 270 3
198 271 1
218 272 3
100 273 2
226 274 3
133 275 3
169 276 3
18 277 3
21 278 2
228 279 3
32 280 2
55 281 3
113 282 2
72 283 2
144 284 1
176 285 2
275 286 1
270 287 3
267 288 1
77 289 3
81 290 1
137 291 3
51 292 1
92 293 3
175 294 1
151 295 1
267 296 3
194 297 1
69 298 1
45 299 1
23 300 2
196 301 2
206 302 1
157 303 3
142 304 1
72 305 2
159 306 1
122 307 2
132 308 1
95 309 2
67 310 1
22 311 2
115 312 1
282 313 2
61 314 1
129 315 1
293 316 2
217 317 2
148 318 3
166 319 3
282 320 1
2 321 2
201 322 2
33 323 2
93 324 1
48 325 2
214 326 1
248 327 2
316 328 4
293 329 2
225 330 2
295 331 2
91 332 1
156 333 2
95 334 2
36 335 1
317 336 3
324 337 1
106 338 1
41 339 4
159 340 2
247 341 2
62 342 3
262 343 2
175 344 3
108 345 3
42 346 1
327 347 2
135 348 1
32 349 2
189 350 2
291 351 2
343 352 2
287 353 1
79 354 2
272 355 2
233 356 1
98 357 2
265 358 3
181 359 1
206 360 2
33 361 2
206 362 1
108 363 2
246 364 2
204 365 2
325 366 1
217 367 1
188 368 2
131 369 1
145 370 3
320 371 2
149 372 3
161 373 1
207 374 3
177 375 1
311 376 3
221 377 3
277 378 1
12 379 1
121 380 3
329 381 2
321 382 4
195 383 2
68 384 3
173 385 3
86 386 3
88 387 2
342 388 1
92 389 2
156 390 1
230 391 2
13 392 9
154 393 2
162 394 2
378 395 3
215 396 3
255 397 3
56 398 1
84 399 2
16 400 2
70 401 2
84 402 2
293 403 2
301 404 2
225 405 3
318 406 2
80 407 2
168 408 2
87 409 3
73 410 1
81 411 3
5 412 3
362 413 3
337 414 2
180 415 2
231 416 1
225 417 2
123 418 1
87 419 2
301 420 1
83 421 3
380 422 3
153 423 1
346 424 3
204 425 1
403 426 1
109 427 1
343 428 2
231 429 3
241 430 1
330 431 3
193 432 1
333 433 3
413 434 2
190 435 1
401 436 2
181 437 2
357 438 1
395 439 3
114 440 1
27 441 2
116 442 2
97 443 2
297 444 2
219 445 2
383 446 1
197 447 3
89 448 3
73 449 3
283 450 1
206 451 2
363 452 2
449 453 2
299 454 2
324 455 2
272 456 2
315 457 2
127 458 2
201 459 1
88 460 2
82 461 1
262 462 2
24 463 2
342 464 1
306 465 3
53 466 3
74 467 1
76 468 1
414 469 3
54 470 1
85 471 1
209 472 1
438 473 1
391 474 2
272 475 6
287 476 1
255 477 1
281 478 1
179 479 1
155 480 3
211 481 2
369 482 1
270 483 2
222 484 2
399 485 1
170 486 2
147 487 2
184 488 2
434 489 3
306 490 1
121 491 3
95 492 3
30 493 1
423 494 3
402 495 3
241 496 2
200 497 1
353 498 1
37 499 1
373 500 3
340 501 1
235 502 1
291 503 3
11 504 1
261 505 3
454 506 3
317 507 3
214 508 1
263 509 2
121 510 1
505 511 2
501 512 1
324 513 3
435 514 1
269 515 3
147 516 1
97 517 1
188 518 1
208 519 3
342 520 1
98 521 3
338 522 1
321 523 2
462 524 2
213 525 2
472 526 3
206 527 2
276 528 2
136 529 1
274 530 3
479 531 3
136 532 3
355 533 2
435 534 1
337 535 2
373 536 2
352 537 3
300 538 2
197 539 1
103 540 1
92 541 2
488 542 1
345 543 2
34 544 2
272 545 3
532 546 2
17 547 3
523 548 1
383 549 3
29 550 3
336 551 3
413 552 1
313 553 1
279 554 2
221 555 2
24 556 2
209 557 2
486 558 2
463 559 2
456 560 3
377 561 3
515 562 1
135 563 2
108 564 1
14 565 9
419 566 3
391 567 3
134 568 3
399 569 3
247 570 3
37 571 1
71 572 2
513 573 1
141 574 1
533 575 2
140 576 3
358 577 2
384 578 2
405 579 1
101 580 3
294 581 1
306 582 3
482 583 2
45 584 3
349 585 3
39 586 3
405 587 1
528 588 2
69 589 2
142 590 1
383 591 1
498 592 2
323 593 1
558 594 2
512 595 3
376 596 3
547 597 1
77 598 3
142 599 3
561 600 1
432 601 1
23 602 2
575 603 1
222 604 2
203 605 1
579 606 2
177 607 2
109 608 1
531 609 3
246 610 2
537 611 2
400 612 2
75 613 3
14 614 2
148 615 2
530 616 3
446 617 3
488 618 3
113 619 3
46 620 1
252 621 1
335 622 3
383 623 1
181 624 2
579 625 2
612 626 3
606 627 2
526 628 3
29 629 3
463 630 1
161 631 2
588 632 3
259 633 3
106 634 2
590 635 2
9 636 2
343 637 3
449 638 3
469 639 1
516 640 2
74 641 3
92 642 3
193 643 3
313 644 2
462 645 1
502 646 2
140 647 3
81 648 2
498 649 1
411 650 2
637 651 2
530 652 3
137 653 2
605 654 2
39 655 2
383 656 2
494 657 1
647 658 2
28 659 2
8 660 2
434 661 3
540 662 2
319 663 3
587 664 3
150 665 2
357 666 2
547 667 1
126 668 2
380 669 3
458 670 3
617 671 3
90 672 2
624 673 1
560 674 1
336 675 2
313 676 3
232 677 3
645 678 1
582 679 1
234 680 2
509 681 2
557 682 3
427 683 2
337 684 1
334 685 3
630 686 1
178 687 3
179 688 3
307 689 3
250 690 1
182 691 2
35 692 1
211 693 1
69 694 3
106 695 3
495 696 1
324 697 1
97 698 1
203 699 3
162 700 3
678 701 2
119 702 3
25 703 2
449 704 3
281 705 3
629 706 2
526 707 3
34 708 3
667 709 2
58 710 1
356 711 6
142 712 3
412 713 2
412 714 3
523 715 3
402 716 2
507 717 1
458 718 3
336 719 1
329 720 2
29 721 1
44 722 1
123 723 1
74 724 1
151 725 3
367 726 1
46 727 3
73 728 1
258 729 3
689 730 1
241 731 3
598 732 2
39 733 1
503 734 3
443 735 1
589 736 1
407 737 1
574 738 3
475 739 3
538 740 1
643 741 2
388 742 3
287 743 2
390 744 2
628 745 1
33 746 1
610 747 1
204 748 3
287 749 3
500 750 3
83 751 3
530 752 2
550 753 3
173 754 3
101 755 1
308 756 3
355 757 2
243 758 1
263 759 3
149 760 2
687 761 3
660 762 3
729 763 1
409 764 1
590 765 3
100 766 3
650 767 3
493 768 3
764 769 3
504 770 2
146 771 1
484 772 2
652 773 2
226 774 2
721 775 1
117 776 4
57 777 3
392 778 9
420 779 1
108 780 1
351 781 2
576 782 1
108 783 2
432 784 2
691 785 3
123 786 1
284 787 1
621 788 1
222 789 3
526 790 2
511 791 2
176 792 3
553 793 1
87 794 3
281 795 3
457 796 2
8 797 3
243 798 2
577 799 1
705 800 2
382 801 3
685 802 1
724 803 3
467 804 2
721 805 2
31 806 2
158 807 3
596 808 2
475 809 3
410 810 2
361 811 1
683 812 2
776 813 1
461 814 2
6 815 1
763 816 3
422 817 2
56 818 1
393 819 1
37 820 3
781 821 3
794 822 3
766 823 3
361 824 2
305 825 1
654 826 3
705 827 2
594 828 2
178 829 3
794 830 3
119 831 2
315 832 1
748 833 3
829 834 2
181 835 1
486 836 1
829 837 1
590 838 2
233 839 1
661 840 2
483 841 2
380 842 3
41 843 2
760 844 1
778 845 3
18 846 3
308 847 1
653 848 2
800 849 1
92 850 2
765 851 2
670 852 1
346 853 1
667 854 2
384 855 2
785 856 2
280 857 1
758 858 1
344 859 3
567 860 2
423 861 3
117 862 1
193 863 2
367 864 2
760 865 3
366 866 3
422 867 2
373 868 3
379 869 1
132 870 1
848 871 2
18 872 3
609 873 2
261 874 3
362 875 2
256 876 2
659 877 2
132 878 3
278 879 1
418 880 1
346 881 1
509 882 1
378 883 2
288 884 3
684 885 2
525 886 3
334 887 3
384 888 2
719 889 1
279 890 1
123 891 1
292 892 2
841 893 2
69 894 1
850 895 3
45 896 1
250 897 1
722 898 2
506 899 1
384 900 3
2 901 8
2 902 3
699 903 2
201 904 2
56 905 1
760 906 1
892 907 2
312 908 1
531 909 3
388 910 1
361 911 3
29 912 3
475 913 6
649 914 1
414 915 2
909 916 2
430 917 3
138 918 2
614 919 1
329 920 2
692 921 1
524 922 3
764 923 3
84 924 2
244 925 1
111 926 2
869 927 2
303 928 2
240 929 3
305 930 2
647 931 3
427 932 2
640 933 2
285 934 3
612 935 3
159 936 2
7 937 3
746 938 1
404 939 1
565 940 9
180 941 1
770 942 2
307 943 2
538 944 1
269 945 3
652 946 1
6 947 3
827 948 2
208 949 2
367 950 1
826 951 2
603 952 3
171 953 3
746 954 2
617 955 2
394 956 3
102 957 3
157 958 3
380 959 4
309 960 2
203 961 1
770 962 3
532 963 2
38 964 1
624 965 3
749 966 1
665 967 3
229 968 2
554 969 3
864 970 3
645 971 2
274 972 2
546 973 3
281 974 2
69 975 3
260 976 2
70 977 2
619 978 2
540 979 3
639 980 2
117 981 3
861 982 1
776 983 4
952 984 2
93 985 2
342 986 1
298 987 3
363 988 2
887 989 3
768 990 2
979 991 1
448 992 1
433 993 3
436 994 3
661 995 1
789 996 2
759 997 2
784 998 3
874 999 3
557 1000 2
337 1001 3
466 1002 1
778 1003 1
335 1004 1
842 1005 6
834 1006 3
993 1007 1
650 1008 2
462 1009 3
480 1010 2
591 1011 2
147 1012 2
170 1013 2
288 1014 2
578 1015 3
255 1016 2
984 1017 2
166 1018 1
852 1019 2
178 1020 2
520 1021 2
852 1022 1
833 1023 1
504 1024 2
955 1025 1
547 1026 3
612 1027 2
720 1028 2
331 1029 2
578 1030 2
133 1031 2
15 1032 3
305 1033 1
12 1034 2
505 1035 2
556 1036 2
830 1037 1
863 1038 1
462 1039 2
270 1040 3
378 1041 3
929 1042 2
836 1043 3
194 1044 2
496 1045 1
537 1046 1
255 1047 2
705 1048 3
410 1049 2
306 1050 3
109 1051 2
487 1052 3
739 1053 1
875 1054 2
696 1055 2
763 1056 1
785 1057 1
662 1058 1
805 1059 2
975 1060 2
85 1061 3
232 1062 1
601 1063 2
635 1064 1
57 1065 3
239 1066 2
114 1067 2
648 1068 2
754 1069 2
494 1070 1
672 1071 2
496 1072 2
632 1073 1
325 1074 2
349 1075 3
26 1076 1
562 1077 1
607 1078 1
35 1079 1
771 1080 3
528 1081 3
36 1082 1
25 1083 3
921 1084 2
736 1085 3
561 1086 3
633 1087 2
30 1088 3
399 1089 2
349 1090 3
16 1091 3
286 1092 2
751 1093 2
33 1094 3
103 1095 3
528 1096 1
255 1097 1
431 1098 1
727 1099 2
692 1100 2
341 1101 1
691 1102 2
151 1103 2
150 1104 2
775 1105 1
382 1106 2
592 1107 2
378 1108 3
1079 1109 3
769 1110 2
873 1111 1
601 1112 1
878 1113 1
444 1114 3
817 1115 2
1110 1116 3
34 1117 3
257 1118 3
740 1119 2
149 1120 3
1065 1121 3
200 1122 3
1109 1123 2
995 1124 3
961 1125 2
136 1126 3
916 1127 2
557 1128 1
1051 1129 2
745 1130 3
254 1131 3
182 1132 1
527 1133 2
686 1134 3
341 1135 3
479 1136 3
897 1137 3
147 1138 2
63 1139 3
835 1140 1
914 1141 1
888 1142 1
418 1143 1
783 1144 2
930 1145 3
1009 1146 1
981 1147 1
427 1148 1
701 1149 3
826 1150 1
293 1151 2
593 1152 2
872 1153 3
996 1154 3
382 1155 4
970 1156 3
1028 1157 3
315 1158 2
57 1159 2
759 1160 3
272 1161 2
851 1162 2
437 1163 3
828 1164 2
519 1165 2
789 1166 2
368 1167 2
250 1168 2
46 1169 3
695 1170 2
288 1171 1
632 1172 2
399 1173 3
906 1174 3
631 1175 2
771 1176 2
794 1177 3
661 1178 3
1105 1179 3
261 1180 3
56 1181 2
103 1182 2
1050 1183 2
479 1184 2
293 1185 3
28 1186 1
651 1187 2
653 1188 3
989 1189 3
1107 1190 2
877 1191 3
979 1192 2
406 1193 2
12 1194 2
895 1195 1
709 1196 1
1094 1197 2
1056 1198 3
708 1199 3
305 1200 3
648 1201 2
982 1202 3
292 1203 3
1027 1204 3
791 1205 3
425 1206 2
118 1207 1
578 1208 1
622 1209 1
157 1210 3
683 1211 3
1151 1212 2
557 1213 2
1136 1214 2
193 1215 1
695 1216 1
573 1217 3
1202 1218 2
801 1219 3
140 1220 3
806 1221 3
707 1222 2
98 1223 2
831 1224 1
257 1225 1
85 1226 3
208 1227 2
176 1228 3
265 1229 1
1140 1230 1
383 1231 2
1094 1232 1
961 1233 1
689 1234 1
1011 1235 1
880 1236 3
9 1237 2
144 1238 1
320 1239 1
977 1240 2
407 1241 2
1105 1242 2
541 1243 3
108 1244 1
12 1245 3
822 1246 1
370 1247 3
482 1248 1
24 1249 1
1086 1250 2
113 1251 1
38 1252 1
298 1253 3
744 1254 3
405 1255 3
873 1256 1
448 1257 1
314 1258 2
1069 1259 1
936 1260 2
643 1261 2
1061 1262 2
1214 1263 3
442 1264 1
40 1265 2
1073 1266 3
1199 1267 2
195 1268 1
62 1269 2
1252 1270 3
135 1271 3
636 1272 1
765 1273 3
128 1274 2
847 1275 3
204 1276 3
1254 1277 3
683 1278 3
960 1279 1
922 1280 2
974 1281 3
935 1282 2
1101 1283 6
307 1284 2
736 1285 2
128 1286 1
240 1287 1
1120 1288 2
471 1289 1
183 1290 1
881 1291 1
1059 1292 3
8 1293 1
1180 1294 3
164 1295 3
168 1296 3
1176 1297 1
623 1298 1
98 1299 1
820 1300 2
1200 1301 3
362 1302 2
996 1303 2
1209 1304 2
1173 1305 3
312 1306 3
1274 1307 2
925 1308 2
485 1309 3
1204 1310 3
1003 1311 2
794 1312 3
879 1313 3
730 1314 2
1230 1315 2
1274 1316 3
1190 1317 2
304 1318 2
138 1319 3
202 1320 3
960 1321 8
915 1322 3
1270 1323 3
1171 1324 2
111 1325 2
267 1326 2
1056 1327 2
309 1328 1
1307 1329 2
1055 1330 2
320 1331 3
957 1332 2
1235 1333 2
1026 1334 3
697 1335 1
1182 1336 2
419 1337 2
323 1338 1
71 1339 3
113 1340 1
953 1341 3
405 1342 1
59 1343 1
476 1344 3
802 1345 1
574 1346 2
404 1347 3
202 1348 3
22 1349 1
524 1350 1
14 1351 5
287 1352 2
655 1353 3
593 1354 1
621 1355 1
705 1356 3
1061 1357 1
1140 1358 1
1071 1359 3
146 1360 2
278 1361 2
96 1362 3
771 1363 2
1112 1364 2
1147 1365 2
1120 1366 1
1348 1367 3
537 1368 1
585 1369 1
280 1370 3
63 1371 1
133 1372 2
719 1373 1
423 1374 2
783 1375 2
570 1376 1
243 1377 3
820 1378 3
943 1379 2
812 1380 3
1173 1381 3
759 1382 3
1286 1383 3
1278 1384 2
196 1385 2
1143 1386 2
1194 1387 2
350 1388 2
513 1389 1
1037 1390 3
1222 1391 1
1119 1392 1
41 1393 2
753 1394 2
1322 1395 2
1145 1396 2
1032 1397 1
306 1398 1
356 1399 3
1084 1400 2
569 1401 3
1029 1402 3
310 1403 2
131 1404 1
1027 1405 1
441 1406 1
426 1407 1
1097 1408 2
752 1409 1
298 1410 1
1350 1411 1
20 1412 2
51 1413 3
371 1414 2
1019 1415 3
793 1416 2
573 1417 2
870 1418 3
618 1419 1
743 1420 2
161 1421 3
141 1422 1
851 1423 3
865 1424 2
328 1425 1
574 1426 2
478 1427 1
1323 1428 2
52 1429 3
1207 1430 3
187 1431 3
987 1432 2
901 1433 2
950 1434 2
458 1435 2
720 1436 3
309 1437 1
1414 1438 3
358 1439 1
169 1440 2
1080 1441 3
237 1442 3
339 1443 2
617 1444 2
30 1445 3
1148 1446 3
171 1447 1
196 1448 3
1179 1449 3
894 1450 1
1004 1451 3
762 1452 3
874 1453 2
216 1454 2
231 1455 2
220 1456 3
327 1457 2
1240 1458 2
276 1459 3
129 1460 3
957 1461 3
29 1462 3
828 1463 2
728 1464 3
1208 1465 3
637 1466 2
754 1467 3
219 1468 2
587 1469 2
252 1470 1
1039 1471 2
308 1472 2
222 1473 3
938 1474 3
1033 1475 2
290 1476 2
265 1477 1
1434 1478 2
555 1479 2
1252 1480 3
290 1481 3
1436 1482 3
917 1483 2
224 1484 1
756 1485 3
22 1486 3
318 1487 1
121 1488 2
1069 1489 3
970 1490 3
1172 1491 3
948 1492 2
928 1493 3
1252 1494 2
374 1495 3
748 1496 1
458 1497 3
214 1498 2
1161 1499 3
606 1500 3
331 1501 3
36 1502 2
516 1503 2
1058 1504 3
431 1505 3
472 1506 2
1184 1507 2
616 1508 1
1463 1509 3
118 1510 2
58 1511 2
204 1512 1
1185 1513 1
859 1514 1
694 1515 3
95 1516 2
1128 1517 3
50 1518 1
512 1519 2
1294 1520 3
818 1521 3
1055 1522 2
520 1523 3
567 1524 2
1375 1525 1
356 1526 2
972 1527 1
785 1528 1
1252 1529 3
963 1530 1
870 1531 3
530 1532 2
490 1533 3
895 1534 1
1258 1535 3
217 1536 3
735 1537 1
96 1538 2
1396 1539 2
848 1540 1
844 1541 3
398 1542 3
8 1543 3
1474 1544 2
1200 1545 3
508 1546 3
204 1547 2
217 1548 3
614 1549 2
358 1550 2
1107 1551 3
54 1552 1
94 1553 2
1146 1554 3
1083 1555 3
100 1556 3
315 1557 1
1101 1558 3
1065 1559 3
1360 1560 2
604 1561 2
837 1562 3
485 1563 3
453 1564 2
627 1565 3
145 1566 2
238 1567 3
825 1568 2
1452 1569 2
1317 1570 1
965 1571 2
817 1572 3
898 1573 2
1410 1574 1
54 1575 3
440 1576 4
343 1577 1
93 1578 3
999 1579 1
945 1580 1
628 1581 2
1248 1582 2
593 1583 1
1443 1584 3
1081 1585 1
435 1586 2
151 1587 3
586 1588 1
833 1589 2
644 1590 1
660 1591 1
572 1592 2
662 1593 3
1068 1594 1
734 1595 2
906 1596 1
932 1597 1
13 1598 3
1414 1599 2
536 1600 3
1059 1601 2
1535 1602 1
1591 1603 3
28 1604 2
167 1605 2
871 1606 2
1241 1607 1
891 1608 1
1460 1609 2
1076 1610 1
1283 1611 2
1591 1612 1
1044 1613 3
697 1614 3
160 1615 2
608 1616 1
227 1617 2
796 1618 1
1212 1619 3
819 1620 2
1173 1621 3
1026 1622 3
179 1623 3
94 1624 3
115 1625 3
1043 1626 1
90 1627 1
1325 1628 3
293 1629 3
935 1630 3
697 1631 3
739 1632 2
1174 1633 3
382 1634 1
611 1635 2
693 1636 1
696 1637 1
492 1638 3
1307 1639 1
104 1640 3
409 1641 3
714 1642 1
450 1643 2
494 1644 1
756 1645 1
145 1646 1
223 1647 2
1101 1648 3
198 1649 3
543 1650 2
1593 1651 1
470 1652 2
349 1653 3
743 1654 1
648 1655 1
1166 1656 1
1006 1657 1
1556 1658 2
803 1659 1
922 1660 2
1365 1661 2
810 1662 2
434 1663 3
132 1664 3
1585 1665 2
28 1666 3
858 1667 1
1385 1668 2
619 1669 2
134 1670 2
1555 1671 2
186 1672 3
1328 1673 1
838 1674 2
633 1675 3
536 1676 2
1442 1677 2
706 1678 3
1658 1679 3
1665 1680 3
1310 1681 2
925 1682 1
58 1683 3
1287 1684 2
247 1685 1
944 1686 2
640 1687 3
1135 1688 1
825 1689 2
942 1690 3
1258 1691 3
278 1692 3
267 1693 2
109 1694 2
300 1695 1
1183 1696 1
571 1697 3
1242 1698 2
886 1699 3
1070 1700 2
113 1701 2
664 1702 1
1596 1703 1
999 1704 1
1623 1705 1
1648 1706 3
633 1707 2
959 1708 3
653 1709 1
776 1710 2
1434 1711 1
395 1712 2
1272 1713 3
131 1714 1
1692 1715 1
699 1716 1
1040 1717 1
1208 1718 1
363 1719 3
875 1720 3
1467 1721 3
367 1722 2
286 1723 3
1189 1724 3
5 1725 2
715 1726 1
1137 1727 3
904 1728 3
1495 1729 2
450 1730 1
363 1731 3
908 1732 2
402 1733 1
1682 1734 1
1072 1735 2
243 1736 1
593 1737 2
1298 1738 3
1560 1739 1
1692 1740 3
14 1741 2
969 1742 1
922 1743 1
965 1744 1
1454 1745 1
988 1746 1
543 1747 3
222 1748 2
1034 1749 3
160 1750 2
529 1751 1
1446 1752 1
1291 1753 1
718 1754 1
1727 1755 3
1656 1756 1
101 1757 1
769 1758 1
1321 1759 8
1005 1760 11
361 1761 3
1055 1762 1
1654 1763 2
1305 1764 1
1183 1765 3
576 1766 3
231 1767 3
324 1768 3
817 1769 3
1571 1770 3
1765 1771 3
684 1772 2
115 1773 1
440 1774 1
1406 1775 2
222 1776 3
325 1777 1
983 1778 1
1745 1779 1
889 1780 1
1659 1781 3
1407 1782 1
794 1783 3
1572 1784 1
782 1785 1
1088 1786 3
1508 1787 1
1519 1788 1
1601 1789 2
1234 1790 3
311 1791 3
697 1792 1
335 1793 1
850 1794 1
1148 1795 1
1242 1796 3
1436 1797 3
1063 1798 3
770 1799 1
886 1800 2
968 1801 3
1761 1802 3
827 1803 1
1300 1804 3
739 1805 3
1733 1806 1
1225 1807 1
840 1808 3
1333 1809 2
667 1810 1
989 1811 2
1188 1812 2
1468 1813 2
1313 1814 1
489 1815 1
1375 1816 1
1137 1817 2
1088 1818 2
1360 1819 3
1515 1820 1
662 1821 2
1076 1822 3
1146 1823 3
256 1824 2
604 1825 3
864 1826 3
1110 1827 1
88 1828 3
1567 1829 3
810 1830 2
440 1831 2
1403 1832 1
1419 1833 3
1134 1834 3
433 1835 2
361 1836 3
1322 1837 2
1069 1838 1
872 1839 1
1483 1840 3
1253 1841 3
1370 1842 1
1344 1843 3
1005 1844 3
1403 1845 3
777 1846 3
1156 1847 2
256 1848 3
638 1849 1
1036 1850 2
630 1851 1
1213 1852 2
749 1853 1
1155 1854 10
1760 1855 2
575 1856 1
663 1857 2
1248 1858 2
356 1859 7
950 1860 2
1404 1861 2
1483 1862 2
509 1863 1
1104 1864 3
1475 1865 2
417 1866 1
1610 1867 3
951 1868 1
977 1869 3
952 1870 2
1396 1871 1
1102 1872 2
879 1873 1
861 1874 3
585 1875 3
891 1876 1
1310 1877 2
127 1878 2
734 1879 1
298 1880 2
999 1881 3
1209 1882 3
442 1883 3
1390 1884 3
730 1885 3
1801 1886 2
530 1887 3
1308 1888 1
514 1889 3
704 1890 1
306 1891 2
328 1892 2
678 1893 2
373 1894 3
1192 1895 1
730 1896 2
505 1897 3
226 1898 3
435 1899 1
377 1900 3
1446 1901 2
1623 1902 2
1271 1903 2
1081 1904 1
222 1905 2
112 1906 2
1037 1907 2
1271 1908 3
1351 1909 5
576 1910 1
837 1911 1
1127 1912 2
500 1913 3
136 1914 3
472 1915 3
831 1916 1
1042 1917 3
1495 1918 3
587 1919 2
1158 1920 3
1331 1921 3
1325 1922 3
1841 1923 1
1339 1924 1
692 1925 3
940 1926 7
1514 1927 3
1175 1928 3
1862 1929 1
1873 1930 2
1517 1931 1
1440 1932 2
793 1933 3
67 1934 1
1839 1935 2
1904 1936 2
282 1937 2
811 1938 3
1520 1939 2
1498 1940 3
557 1941 2
773 1942 1
834 1943 3
427 1944 2
1571 1945 2
1054 1946 2
426 1947 2
1747 1948 2
324 1949 3
1558 1950 2
288 1951 1
108 1952 3
1759 1953 3
648 1954 2
1587 1955 1
265 1956 1
1778 1957 3
314 1958 1
842 1959 3
746 1960 1
954 1961 2
129 1962 1
22 1963 3
827 1964 3
720 1965 2
1434 1966 2
1858 1967 1
1787 1968 3
347 1969 2
1907 1970 3
334 1971 2
152 1972 2
22 1973 1
352 1974 3
47 1975 2
1426 1976 2
1620 1977 2
715 1978 3
1171 1979 2
165 1980 1
1534 1981 3
1008 1982 1
1061 1983 3
854 1984 1
1454 1985 1
601 1986 2
1963 1987 2
257 1988 1
1042 1989 3
1000 1990 3
1203 1991 2
1691 1992 1
135 1993 1
756 1994 3
1172 1995 3
938 1996 1
198 1997 1
1051 1998 1
1228 1999 2
785 2000 3
1139 2001 1
1844 2002 3
1974 2003 1
2 5 2
31 142 3
17 149 3
125 163 1
5 170 2
126 186 1
168 215 3
28 231 3
27 275 3
109 304 2
155 304 3
279 312 3
278 334 1
130 335 2
61 339 4
226 357 2
170 362 2
185 364 3
316 381 3
12 393 1
142 397 3
126 409 2
229 409 1
244 412 2
290 425 2
38 436 1
384 447 2
72 453 3
199 466 2
221 466 3
271 485 2
447 491 3
358 496 2
313 510 1
49 537 1
187 555 2
272 556 1
192 558 2
321 569 3
344 576 1
531 578 3
558 585 2
403 587 2
543 615 1
105 616 2
543 622 1
316 624 3
193 634 2
12 644 2
311 648 2
502 663 1
243 668 2
545 670 3
264 682 3
426 690 3
123 693 1
150 708 1
209 708 2
483 709 2
328 711 6
68 712 3
429 716 3
223 718 3
708 718 11
132 719 2
349 739 1
681 742 3
322 749 2
155 751 1
462 751 1
156 760 2
495 761 2
726 761 2
599 765 2
756 766 3
428 769 2
593 780 1
310 781 1
441 785 3
523 801 3
395 807 3
627 818 2
770 821 2
12 829 2
163 832 1
745 841 3
438 859 2
428 860 1
527 868 1
297 891 3
189 898 2
3 904 2
537 908 2
531 921 2
875 924 2
181 925 2
241 928 1
16 929 1
183 930 1
322 930 2
239 931 3
652 933 2
272 935 3
501 938 1
804 941 3
452 962 3
518 967 2
559 972 1
331 974 2
327 977 1
549 978 2
616 978 1
115 983 3
905 986 3
258 988 1
842 989 3
549 990 1
8 1000 1
330 1001 3
838 1004 2
900 1007 1
451 1011 3
638 1015 1
417 1024 3
854 1028 3
592 1029 3
722 1037 3
27 1039 4
466 1039 4
699 1039 2
287 1049 1
826 1056 2
856 1056 1
954 1057 1
755 1069 2
195 1076 2
416 1078 3
768 1079 1
198 1080 3
626 1083 3
905 1086 2
352 1088 1
22 1091 3
954 1095 2
590 1101 1
426 1113 1
812 1118 3
1007 1119 2
63 1121 3
31 1122 3
1075 1126 3
905 1127 2
323 1128 3
474 1129 1
353 1131 1
824 1131 1
1067 1131 2
342 1132 2
653 1132 3
65 1142 1
477 1152 2
985 1154 1
413 1180 1
431 1182 2
442 1183 1
886 1185 2
478 1196 1
979 1196 1
192 1198 3
666 1198 1
218 1205 2
822 1209 1
788 1210 1
300 1212 1
1110 1213 2
1183 1217 1
741 1218 2
686 1223 2
933 1225 2
964 1226 3
1 1231 2
158 1236 1
862 1243 2
1108 1244 1
75 1245 3
277 1252 2
123 1254 2
160 1254 2
500 1254 3
874 1262 1
984 1267 3
1195 1275 2
411 1281 2
114 1283 6
805 1286 2
136 1291 3
983 1291 3
890 1296 1
533 1303 3
1186 1304 2
753 1308 1
186 1314 1
440 1315 4
696 1325 3
608 1327 2
789 1328 2
172 1331 2
638 1332 1
1209 1333 1
568 1337 1
426 1339 2
1061 1339 1
182 1342 3
1049 1343 3
585 1345 2
1237 1346 3
336 1349 2
513 1353 2
203 1356 1
1234 1356 2
275 1359 3
544 1359 3
1065 1361 2
457 1363 1
1215 1363 3
580 1366 2
99 1367 3
1072 1367 3
625 1372 2
1044 1375 2
1300 1378 3
30 1389 2
1301 1389 2
133 1394 1
918 1400 3
899 1402 2
791 1404 2
769 1405 3
70 1407 1
1114 1409 3
450 1426 1
1354 1426 1
349 1428 2
959 1431 3
594 1435 1
408 1436 1
224 1437 3
295 1439 3
1206 1443 3
1262 1447 1
8 1448 2
192 1452 2
1176 1452 1
93 1476 3
114 1478 3
1172 1478 1
1403 1481 1
78 1488 1
115 1489 3
1212 1493 1
1251 1497 2
896 1498 1
1347 1499 2
1128 1500 3
83 1501 3
503 1501 3
611 1502 2
161 1503 2
919 1503 3
114 1504 1
304 1506 2
1355 1506 2
1462 1508 2
1109 1510 2
727 1514 3
336 1515 1
505 1515 2
663 1519 3
1318 1524 3
170 1530 1
1072 1533 2
689 1536 3
119 1539 1
306 1540 3
897 1544 2
778 1546 3
1424 1547 1
737 1552 3
872 1557 3
1417 1557 1
615 1564 2
203 1566 3
258 1566 2
822 1569 1
882 1570 3
939 1574 1
524 1575 2
56 1576 2
1335 1576 2
1447 1576 2
1543 1577 2
1377 1584 1
1295 1585 3
566 1588 2
1328 1589 3
452 1590 2
1584 1593 3
1230 1595 1
623 1596 1
1312 1598 3
1186 1601 2
743 1602 1
767 1606 1
669 1607 1
1281 1613 1
286 1614 3
841 1615 1
431 1616 3
876 1616 1
748 1622 3
734 1626 3
640 1636 3
1274 1640 3
1553 1642 1
782 1643 2
961 1647 1
461 1649 1
664 1649 1
1638 1657 1
742 1658 1
54 1666 1
498 1669 2
687 1670 3
716 1672 2
660 1677 2
709 1678 3
1243 1691 1
1575 1693 2
508 1695 3
203 1697 2
1152 1698 3
462 1700 1
216 1706 3
14 1707 2
1436 1707 2
112 1708 1
513 1709 1
1407 1714 1
1483 1714 3
1211 1716 1
1387 1718 2
660 1719 1
854 1720 2
336 1724 2
889 1724 3
917 1726 2
1484 1729 3
932 1735 3
1059 1736 1
1267 1736 1
9 1737 2
1116 1738 3
6 1739 1
658 1740 3
1330 1743 1
1141 1746 2
216 1748 3
137 1754 8
1665 1756 1
713 1757 3
901 1759 8
1055 1761 2
1745 1762 1
1515 1765 1
296 1777 3
1138 1777 2
49 1778 2
1186 1781 3
1612 1789 1
1329 1796 2
800 1797 2
733 1800 2
671 1802 1
1048 1804 3
470 1806 2
960 1809 9
1395 1815 1
853 1817 1
1005 1817 3
1474 1817 2
481 1824 2
1267 1826 2
939 1827 3
1245 1827 1
1155 1828 1
174 1830 1
608 1830 3
1368 1830 3
757 1839 4
101 1840 1
757 1844 2
1320 1844 3
1404 1844 1
1793 1844 3
1711 1847 2
199 1848 2
1079 1850 1
375 1852 3
1315 1854 5
481 1857 3
778 1859 7
95 1862 3
1062 1862 1
1352 1864 2
1529 1864 1
462 1865 1
1324 1866 2
932 1867 3
1437 1868 1
1156 1871 3
1250 1874 2
88 1881 2
302 1881 2
1170 1881 2
1450 1883 2
451 1885 3
739 1885 3
1565 1889 3
1466 1892 2
430 1893 1
293 1900 1
626 1901 1
1693 1901 1
306 1902 2
971 1903 2
980 1903 2
571 1909 2
1759 1909 5
141 1912 2
675 1915 3
745 1918 3
443 1920 3
1551 1920 1
1754 1926 7
1457 1927 3
1254 1928 3
1648 1929 2
327 1930 1
31 1931 3
1790 1931 3
299 1933 1
1505 1933 3
1293 1934 1
1295 1935 2
1065 1938 3
1780 1941 2
1549 1944 2
916 1945 1
923 1945 3
600 1949 3
834 1950 2
821 1951 2
398 1954 3
621 1954 1
1650 1954 1
937 1956 1
236 1957 1
456 1958 1
1874 1959 1
295 1960 3
244 1962 3
927 1964 2
159 1966 2
404 1968 2
683 1970 3
479 1974 1
284 1977 1
1535 1977 1
1509 1978 3
393 1983 3
1325 1983 2
181 1986 3
1840 1990 3
1218 1992 1
221 1998 3
110 1999 2
508 1999 2
1647 1999 1
1607 2001 3
2005 2006 2
83 206 494 47 793 327 660 743 959 23 287 110 21 1107 851 761 1585 232 870 748 624 40 650 1745 1977 109 801 159 305 274 148 308 1127 391 1105 236 1180 1155 745 705 952 841 1446 352 616 412 154 313 861 1331 1146 1363 35 404 250 69 820 189 456 276 1983 1083 1356 1885 81 334 411 208 1037 1557 645 822 573 932 739 699 314 89 22 75 983 71
7 1444 1
6 778 19
6 114 18
7 1809 10
6 1854 15
1 990 1
7 1175 2
1 940 16
6 1760 11
1 913 6
6 1839 5