98 36 5 14 34
1 2 16
1 3 35
1 4 17
4 5 13
2 6 18
3 7 32
7 8 12
8 9 16
2 10 17
3 11 6
9 12 20
9 13 13
5 14 13
4 15 11
7 9 23
7 11 3
32 34 2
40 47 1
43 48 1
25 56 3
20 59 3
49 62 3
54 63 1
24 66 2
25 66 2
68 74 1
69 74 2
72 74 2
67 76 3
54 79 3
61 82 1
38 83 3
76 84 3
84 92 1
39 96 1
33 98 2
2 7 3 4 9
13 8 16
4 11 6
1 4 10
9 15 2
12 12 1
10 9 3
1 14 7
12 8 20
3 12 11
14 14 9
10 2 13
7 12 14
3 8 3
1 12 16
13 11 2
5 9 3
4 7 6
8 15 11
14 6 18
2 10 17
11 9 1
8 6 7
3 11 3
11 13 13
11 4 2
1 6 13
1 9 19
9 12 20
4 12 4
4 4 15
2 3 6
8 7 5
13 12 9
11 14 13