595 578 66 5 9
1 2 3
1 3 21
2 4 2
2 5 1
3 6 3
3 7 3
1 8 22
8 9 22
2 10 3
8 11 2
10 12 2
1 13 8
3 14 3
2 15 1
10 16 2
9 17 3
3 18 2
14 19 5
3 20 10
19 21 1
17 22 3
2 23 1
10 24 1
5 25 2
17 26 3
3 27 3
27 28 3
25 29 2
29 30 3
11 31 2
10 32 3
14 33 2
23 34 3
14 35 5
20 36 8
12 37 4
4 38 10
26 39 5
4 40 3
29 41 7
40 42 3
36 43 2
24 44 3
4 45 1
20 46 2
33 47 3
18 48 3
41 49 13
20 50 1
7 51 1
1 52 6
36 53 3
41 54 1
33 55 1
45 56 3
14 57 1
34 58 2
37 59 3
21 60 1
55 61 3
12 62 4
5 63 2
26 64 3
42 65 3
56 66 2
58 67 3
59 68 1
24 69 3
56 70 3
67 71 3
30 72 1
24 73 1
67 74 1
74 75 3
4 76 3
15 77 3
8 78 1
13 79 2
37 80 2
51 81 2
47 82 2
10 83 2
23 84 1
33 85 3
20 86 3
4 87 2
48 88 3
70 89 2
14 90 1
23 91 3
33 92 2
51 93 3
71 94 1
18 95 2
50 96 2
88 97 2
19 98 1
16 99 2
65 100 1
22 101 2
91 102 3
26 103 1
36 104 7
39 105 3
5 106 1
65 107 2
19 108 2
29 109 7
27 110 3
61 111 1
91 112 1
47 113 1
96 114 3
16 115 1
79 116 3
46 117 2
84 118 3
64 119 3
38 120 10
117 121 1
34 122 3
47 123 1
3 124 3
68 125 3
97 126 3
114 127 2
6 128 1
52 129 3
120 130 1
68 131 3
10 132 3
110 133 3
131 134 2
4 135 1
3 136 2
63 137 3
69 138 3
32 139 3
23 140 1
61 141 3
14 142 2
61 143 3
139 144 1
104 145 2
88 146 1
86 147 3
15 148 1
30 149 3
86 150 1
9 151 16
129 152 4
140 153 2
114 154 1
127 155 3
106 156 1
50 157 2
134 158 1
39 159 2
16 160 3
143 161 8
117 162 1
101 163 1
148 164 2
19 165 7
38 166 2
164 167 2
105 168 1
69 169 2
105 170 3
97 171 2
65 172 3
142 173 3
33 174 1
120 175 3
135 176 2
88 177 3
75 178 3
169 179 2
154 180 3
19 181 2
77 182 1
117 183 3
138 184 3
141 185 3
45 186 1
93 187 3
164 188 2
9 189 3
139 190 3
80 191 1
154 192 3
125 193 1
89 194 3
55 195 1
49 196 2
156 197 2
83 198 1
50 199 2
36 200 3
30 201 1
124 202 2
61 203 2
73 204 2
17 205 1
190 206 1
2 207 2
157 208 1
116 209 1
102 210 2
7 211 9
44 212 3
82 213 2
39 214 2
142 215 2
96 216 1
51 217 2
113 218 2
5 219 3
178 220 2
24 221 3
43 222 2
136 223 1
120 224 20
41 225 3
62 226 3
11 227 1
179 228 2
209 229 3
15 230 2
137 231 1
43 232 1
42 233 3
223 234 3
45 235 3
126 236 3
8 237 1
180 238 3
74 239 3
120 240 2
135 241 2
236 242 1
136 243 3
188 244 3
22 245 2
205 246 1
179 247 2
154 248 1
98 249 3
249 250 3
127 251 2
94 252 3
153 253 3
220 254 2
62 255 3
47 256 3
29 257 3
53 258 1
15 259 1
93 260 3
149 261 1
181 262 2
18 263 2
151 264 2
70 265 2
19 266 2
100 267 3
35 268 6
75 269 1
17 270 1
150 271 3
112 272 1
13 273 2
167 274 1
194 275 1
217 276 1
18 277 2
39 278 1
248 279 3
42 280 2
76 281 3
112 282 1
89 283 3
212 284 1
211 285 3
172 286 2
117 287 3
1 288 1
110 289 2
242 290 2
125 291 2
288 292 3
129 293 1
230 294 2
261 295 2
54 296 1
250 297 2
207 298 3
115 299 2
146 300 3
24 301 2
37 302 2
193 303 2
28 304 1
232 305 1
305 306 1
110 307 1
270 308 2
185 309 2
165 310 11
152 311 2
264 312 2
280 313 3
34 314 2
225 315 1
167 316 3
271 317 3
277 318 3
88 319 1
296 320 2
80 321 1
183 322 1
36 323 3
318 324 2
280 325 3
215 326 2
267 327 3
24 328 3
269 329 2
137 330 1
114 331 5
134 332 2
100 333 2
43 334 3
237 335 2
5 336 3
249 337 3
241 338 2
53 339 1
334 340 2
218 341 3
297 342 2
214 343 2
305 344 2
123 345 1
173 346 3
198 347 6
271 348 1
303 349 1
201 350 1
36 351 2
67 352 2
57 353 1
99 354 3
140 355 3
113 356 2
290 357 2
145 358 1
116 359 3
61 360 1
249 361 1
290 362 2
305 363 2
63 364 2
289 365 3
365 366 1
257 367 1
130 368 1
211 369 15
219 370 3
186 371 3
143 372 1
86 373 2
224 374 20
107 375 2
118 376 1
364 377 2
375 378 1
20 379 1
25 380 1
323 381 1
201 382 2
369 383 15
65 384 3
331 385 2
375 386 3
273 387 2
172 388 2
13 389 3
286 390 2
100 391 2
81 392 1
176 393 2
340 394 1
84 395 1
165 396 3
85 397 3
236 398 1
226 399 2
140 400 2
172 401 2
5 402 3
391 403 3
381 404 2
44 405 3
194 406 3
208 407 3
345 408 3
78 409 3
122 410 1
282 411 2
68 412 2
9 413 3
115 414 3
344 415 2
388 416 2
314 417 2
315 418 2
8 419 3
175 420 2
312 421 3
260 422 1
378 423 3
258 424 1
379 425 3
36 426 2
97 427 2
134 428 2
201 429 2
97 430 2
131 431 1
111 432 3
256 433 3
37 434 1
48 435 1
367 436 3
90 437 2
104 438 2
37 41 4
52 62 4
49 70 4
61 110 3
109 114 7
90 129 2
26 141 2
4 143 8
84 146 1
10 148 2
30 148 2
141 155 3
13 161 8
159 168 1
91 180 1
77 193 2
39 198 5
104 199 3
136 201 2
19 203 2
40 211 3
183 217 1
68 221 2
218 221 1
163 222 2
234 239 1
127 245 3
75 246 1
237 247 2
22 250 1
98 251 1
78 252 3
83 261 3
173 266 3
152 268 4
14 269 1
2 273 3
234 274 1
250 280 2
147 285 3
251 285 3
13 291 1
11 292 2
205 293 3
278 293 2
270 297 1
248 298 1
238 301 1
176 303 2
19 308 2
231 308 3
76 314 1
258 315 2
52 316 3
123 320 2
165 323 3
134 325 3
282 326 2
317 328 1
215 329 2
152 331 3
125 334 2
309 340 2
207 346 1
275 346 3
327 347 3
33 348 3
254 348 1
84 353 1
154 354 3
328 356 1
218 359 3
345 360 3
139 362 1
199 364 2
249 365 1
92 376 1
303 376 2
307 377 3
321 377 2
199 379 1
326 379 2
87 385 1
189 385 3
362 385 3
101 392 3
181 392 2
293 396 2
35 403 2
305 403 1
306 406 3
21 410 2
176 414 1
169 415 3
332 421 2
312 425 1
362 425 2
169 426 2
265 429 2
3 433 3
188 438 2
468 479 2
476 481 2
448 491 2
485 492 3
491 494 3
500 508 2
444 509 2
458 519 1
518 524 1
442 527 1
517 527 2
508 531 1
472 535 1
508 535 2
481 541 2
478 546 2
491 546 3
518 548 2
507 551 3
472 552 1
498 553 3
499 554 2
532 557 2
503 562 2
446 565 2
529 565 3
534 566 1
483 567 2
476 570 3
444 575 1
499 576 2
487 578 2
540 579 1
517 580 2
524 582 3
503 585 3
478 586 1
572 590 3
442 592 1
495 595 3
10 258 221 100 305 270 164 115 169 50 282 49 129 105 68 198 30 14 101 143 69 199 45 250 78 17 207 22 141 290 113 20 3 93 137 315 88 33 131 125 77 7 38 234 120 312 97 90 16 425 65 51 201 91 8 139 323 183 83 62 26 70 110 218 89 142
4 174 1
5 268 10
2 151 18
1 104 12
4 310 11
1 49 17
3 374 20
4 383 15
2 347 9