99 111 14 4 5
1 2 1
1 3 4
3 4 3
1 5 1
1 6 18
4 7 1
3 8 4
8 9 3
1 10 2
5 11 2
9 12 2
10 13 2
8 14 1
4 15 2
13 16 2
1 17 15
14 18 2
10 19 2
10 20 2
1 21 3
15 22 1
7 23 3
22 24 1
18 25 3
17 26 15
24 27 2
4 28 3
15 29 1
9 30 2
22 31 3
1 32 1
3 33 8
2 34 3
18 35 3
35 36 2
3 37 1
24 38 3
18 39 3
18 40 2
32 41 1
8 42 1
32 43 2
13 44 1
27 45 3
22 46 3
43 47 2
1 48 6
32 49 1
48 50 1
15 51 1
33 52 8
35 53 1
14 54 3
40 55 2
17 56 2
8 57 2
3 58 2
21 59 2
52 60 2
49 61 2
18 62 3
25 63 1
5 64 2
41 65 1
8 66 3
9 67 3
23 68 1
23 69 2
52 70 16
40 71 3
10 72 3
52 73 1
56 74 3
74 75 2
52 76 3
10 77 2
18 78 1
75 79 2
34 80 1
69 81 3
57 82 1
11 83 3
8 84 4
32 85 2
67 86 1
62 87 2
16 35 3
19 36 3
32 40 1
15 47 2
47 48 3
44 50 1
23 54 1
40 56 3
7 57 1
10 61 2
16 62 2
34 63 1
58 65 1
22 73 1
45 75 1
70 75 17
16 76 2
50 80 3
75 81 3
26 84 4
54 86 2
36 87 2
90 93 1
88 97 3
94 99 3
16 56 17 8 22 7 75 52 3 23 47 57 35 24
4 70 16
3 6 18
2 26 11
3 39 3
1 48 6