294 118 11 8 15
1 2 17
2 3 8
2 4 8
1 5 3
1 6 18
3 7 2
2 8 17
6 9 3
8 10 8
8 11 1
9 12 3
1 13 7
7 14 2
4 15 2
9 16 2
15 17 1
4 18 9
3 19 5
18 20 5
13 21 7
2 22 2
14 23 3
16 24 2
24 25 3
3 26 3
17 27 3
10 28 1
6 29 16
12 30 1
23 31 2
24 32 4
31 33 2
21 34 7
6 35 1
30 36 3
12 37 2
19 38 1
4 39 2
8 40 15
30 41 2
39 42 3
28 43 3
6 8 2
16 17 1
8 24 9
9 26 3
4 27 2
24 33 14
17 40 3
11 43 1
51 63 2
83 111 2
101 112 2
104 119 1
49 121 3
72 124 3
71 135 3
51 136 1
66 137 1
145 146 3
83 147 1
82 149 3
80 161 3
63 171 3
89 171 1
109 184 1
88 187 1
155 190 1
134 192 2
141 193 3
152 194 2
50 196 3
106 196 1
181 198 1
67 204 2
138 204 1
138 211 2
191 211 1
74 215 1
210 217 2
125 224 2
146 227 1
206 227 3
170 230 2
195 231 3
88 237 2
179 237 3
68 241 2
96 247 3
94 248 3
190 260 2
127 261 3
257 261 2
123 262 2
155 262 2
64 263 1
91 263 3
49 264 1
72 264 1
93 265 1
185 265 2
215 267 2
178 269 2
196 271 3
220 271 3
253 271 2
60 274 1
262 278 3
136 279 1
211 280 1
236 280 1
254 281 3
183 282 3
180 284 1
49 288 1
45 289 3
59 291 3
149 293 3
6 16 24 12 2 3 9 30 4 8 17
5 10 8
1 4 8
6 40 15
2 29 16
6 32 4
5 18 9
3 26 6
7 8 18
8 6 3
3 19 5
7 6 20
3 20 5
5 33 16
4 3 8
4 34 7