2007 1678 67 14 39
1 2 14
2 3 4
1 4 16
2 5 3
1 6 16
6 7 4
1 8 16
8 9 8
6 10 2
3 11 1
7 12 4
10 13 6
6 14 8
2 15 3
3 16 3
13 17 2
2 18 7
14 19 2
19 20 3
4 21 4
16 22 1
22 23 2
11 24 5
12 25 3
9 26 3
17 27 5
21 28 2
18 29 3
7 30 3
24 31 3
22 32 1
17 33 3
15 34 2
9 35 3
20 36 2
6 37 2
4 38 8
36 39 3
17 40 4
3 41 1
27 42 8
9 43 5
1 44 3
7 45 2
33 46 1
42 47 2
19 48 2
13 49 1
20 50 2
12 51 4
35 52 3
19 53 3
3 54 3
35 55 2
11 56 6
46 57 1
15 58 2
12 59 10
4 60 3
12 61 1
36 62 3
9 63 8
11 64 5
1 65 15
5 66 3
25 67 3
22 68 3
56 69 9
5 70 3
31 71 2
20 72 1
26 73 3
32 74 2
17 75 2
46 76 2
67 77 3
27 78 7
27 79 4
56 80 5
51 81 1
56 82 3
21 83 2
54 84 2
6 85 6
80 86 2
45 87 3
74 88 2
55 89 1
42 90 2
75 91 15
56 92 13
9 93 1
70 94 3
41 95 3
21 96 3
38 97 8
25 98 1
59 99 3
20 100 3
65 101 7
30 102 3
66 103 2
2 104 2
24 105 4
40 106 8
72 107 2
77 108 1
13 109 1
26 110 2
90 111 2
90 112 1
61 113 2
11 114 3
82 115 2
78 116 2
24 117 4
42 118 11
10 119 2
66 120 2
38 121 3
21 122 1
87 123 3
48 124 3
92 125 16
106 126 1
115 127 2
73 128 1
74 129 1
35 130 1
96 131 3
45 132 3
126 133 2
50 134 2
37 135 2
20 136 3
43 137 3
74 138 2
60 139 1
52 140 1
63 141 1
119 142 3
100 143 1
44 144 1
122 145 3
112 146 2
106 147 8
15 148 1
90 149 3
62 150 2
75 151 2
48 152 1
98 153 3
31 154 3
36 155 1
116 156 2
147 157 1
40 158 2
155 159 3
110 160 3
72 161 3
3 162 2
40 163 1
19 164 3
122 165 3
139 166 2
139 167 2
44 168 2
22 169 3
82 170 2
63 171 2
15 172 2
34 173 1
3 174 1
91 175 3
87 176 2
110 177 3
156 178 2
104 179 2
119 180 3
74 181 2
154 182 3
175 183 3
143 184 3
83 185 2
185 186 2
84 187 2
20 188 2
164 189 3
2 190 9
115 191 1
63 192 6
9 193 5
177 194 3
54 195 3
166 196 3
65 197 12
94 198 3
85 199 1
13 200 3
71 201 2
114 202 3
164 203 2
130 204 2
107 205 3
95 206 3
13 207 8
151 208 2
135 209 3
21 210 3
102 211 2
151 212 1
166 213 6
11 214 6
115 215 1
181 216 2
63 217 3
31 218 1
83 219 2
10 220 4
46 221 2
215 222 1
23 223 10
17 224 2
180 225 3
9 226 3
90 227 1
5 228 3
207 229 8
86 230 3
84 231 3
41 232 3
223 233 12
9 234 1
100 235 3
84 236 1
5 237 1
12 238 3
233 239 12
140 240 2
131 241 2
166 242 2
141 243 2
110 244 3
4 245 5
238 246 2
43 247 2
132 248 3
142 249 3
241 250 2
26 251 2
221 252 8
27 253 2
15 254 3
16 255 3
29 256 1
82 257 1
3 258 1
242 259 2
214 260 2
109 261 3
218 262 3
200 263 3
96 264 1
75 265 5
237 266 1
198 267 3
187 268 1
96 269 3
215 270 3
15 271 3
160 272 3
12 273 2
105 274 3
238 275 2
16 276 2
265 277 2
181 278 3
91 279 15
259 280 1
137 281 2
11 282 14
92 283 1
43 284 3
34 285 3
184 286 2
14 287 7
262 288 2
156 289 3
202 290 1
1 291 2
198 292 3
212 293 2
246 294 1
132 295 2
185 296 2
183 297 3
67 298 3
253 299 3
21 300 2
186 301 1
81 302 1
151 303 1
247 304 3
284 305 1
232 306 3
193 307 1
139 308 2
124 309 2
270 310 1
166 311 2
218 312 1
198 313 3
91 314 1
6 315 2
270 316 2
120 317 3
40 318 1
293 319 2
261 320 1
76 321 3
126 322 3
104 323 1
286 324 1
292 325 1
283 326 1
257 327 1
302 328 3
249 329 3
57 330 3
195 331 2
18 332 5
102 333 1
3 334 2
172 335 3
152 336 1
284 337 2
299 338 5
72 339 3
230 340 2
103 341 2
184 342 2
306 343 3
332 344 5
108 345 1
132 346 5
345 347 3
311 348 2
238 349 1
235 350 3
309 351 2
254 352 1
344 353 3
318 354 1
31 355 2
70 356 1
129 357 3
145 358 1
204 359 2
30 360 2
20 361 2
155 362 2
67 363 2
234 364 3
64 365 6
295 366 2
140 367 3
142 368 2
194 369 3
78 370 1
246 371 3
304 372 1
148 373 3
66 374 3
211 375 2
38 376 3
298 377 3
179 378 2
39 379 1
375 380 2
158 381 2
36 382 1
379 383 1
289 384 1
173 385 3
143 386 3
290 387 2
226 388 3
23 389 6
144 390 2
287 391 2
100 392 2
277 393 2
221 394 4
351 395 1
166 396 2
74 397 2
28 398 2
386 399 3
257 400 2
123 401 3
286 402 1
164 403 4
35 404 3
396 405 1
251 406 3
285 407 3
330 408 3
324 409 3
276 410 1
182 411 3
408 412 3
296 413 3
196 414 3
264 415 2
190 416 3
193 417 3
88 418 3
258 419 3
358 420 3
350 421 1
205 422 3
229 423 1
192 424 3
109 425 3
22 426 3
4 427 2
292 428 3
370 429 1
178 430 1
12 431 2
197 432 3
395 433 2
35 434 3
393 435 2
249 436 2
41 437 2
187 438 2
250 439 2
386 440 1
355 441 2
154 442 2
228 443 3
197 444 10
207 445 2
413 446 2
190 447 3
42 448 2
412 449 3
57 450 2
197 451 2
430 452 1
225 453 3
248 454 2
339 455 1
365 456 2
383 457 1
177 458 2
306 459 5
92 460 1
219 461 2
155 462 1
193 463 8
85 464 1
308 465 2
27 466 3
323 467 2
389 468 2
63 469 3
36 470 3
221 471 2
325 472 3
353 473 3
241 474 1
145 475 2
159 476 2
57 477 1
187 478 2
4 479 4
423 480 3
353 481 1
122 482 2
464 483 3
2 484 2
300 485 1
210 486 1
262 487 5
43 488 3
389 489 5
217 490 2
72 491 2
385 492 2
282 493 11
421 494 2
103 495 2
401 496 2
174 497 2
277 498 1
46 499 2
413 500 3
405 501 1
485 502 1
68 503 2
479 504 2
264 505 3
250 506 1
222 507 2
166 508 1
124 509 2
220 510 1
34 511 2
184 512 1
244 513 1
234 514 2
27 515 1
304 516 3
55 517 1
17 518 2
515 519 3
161 520 2
229 521 9
227 522 1
439 523 2
229 524 2
245 525 2
303 526 2
273 527 2
76 528 2
377 529 3
199 530 3
366 531 2
415 532 3
184 533 2
425 534 2
157 535 2
369 536 4
19 537 2
20 538 2
311 539 1
35 540 1
87 541 3
509 542 1
121 543 5
494 544 3
97 545 8
143 546 1
197 547 10
82 548 1
501 549 3
487 550 5
384 551 1
455 552 3
41 553 1
121 554 2
18 555 3
249 556 1
102 557 1
177 558 2
490 559 2
146 560 3
513 561 3
327 562 1
350 563 3
493 564 11
455 565 2
65 566 2
251 567 2
164 568 3
199 569 3
509 570 2
97 571 3
192 572 2
31 573 1
101 574 2
347 575 3
123 576 2
354 577 2
54 578 1
164 579 4
492 580 2
561 581 2
39 582 3
156 583 3
311 584 2
139 585 2
84 586 2
52 587 2
250 588 3
41 589 3
521 590 3
91 591 4
17 592 2
531 593 3
422 594 3
426 595 3
567 596 1
260 597 2
447 598 1
36 599 3
333 600 1
85 601 6
137 602 3
92 603 3
362 604 2
358 605 4
362 606 2
371 607 2
79 608 3
422 609 7
82 610 3
521 611 9
525 612 2
200 613 1
377 614 3
43 615 3
265 616 5
304 617 1
467 618 1
424 619 2
542 620 3
527 621 2
268 622 2
211 623 3
332 624 3
220 625 6
390 626 1
531 627 2
58 628 3
205 629 1
377 630 2
564 631 1
459 632 2
144 633 2
182 634 2
117 635 13
484 636 3
69 637 9
246 638 3
349 639 3
491 640 1
53 641 2
36 642 2
42 643 3
322 644 3
250 645 1
441 646 2
499 647 2
334 648 2
363 649 3
349 650 3
59 651 10
126 652 2
642 653 1
136 654 3
200 655 2
291 656 3
297 657 3
410 658 2
478 659 12
145 660 3
223 661 1
415 662 2
378 663 3
394 664 3
216 665 1
244 666 1
435 667 1
629 668 1
459 669 10
42 670 8
612 671 3
320 672 3
563 673 2
198 674 2
172 675 1
551 676 5
444 677 3
220 678 3
30 679 2
443 680 2
617 681 1
581 682 1
365 683 3
398 684 3
71 685 2
268 686 1
50 687 3
158 688 3
563 689 3
5 690 3
625 691 6
213 692 2
607 693 3
362 694 3
41 695 1
615 696 3
489 697 3
25 698 1
451 699 2
609 700 1
267 701 9
167 702 1
88 703 2
530 704 3
397 705 2
287 706 6
401 707 2
640 708 2
268 709 2
169 710 3
147 711 1
510 712 1
471 713 2
684 714 1
362 715 6
543 716 2
350 717 1
652 718 1
571 719 1
451 720 3
137 721 5
576 722 2
172 723 2
641 724 2
340 725 3
200 726 2
242 727 2
88 728 3
313 729 3
243 730 3
126 731 1
203 732 3
272 733 3
691 734 2
618 735 2
360 736 2
677 737 2
651 738 2
546 739 1
563 740 2
462 741 1
724 742 1
79 743 2
29 744 2
23 745 2
691 746 3
339 747 2
564 748 2
504 749 3
105 750 3
433 751 2
533 752 3
232 753 2
609 754 5
556 755 6
642 756 3
326 757 1
455 758 2
542 759 2
444 760 8
162 761 3
67 762 3
74 763 2
672 764 3
57 765 2
497 766 1
601 767 2
253 768 1
581 769 2
280 770 2
425 771 1
606 772 3
72 773 3
660 774 3
650 775 1
662 776 1
67 777 2
156 778 1
745 779 3
223 780 3
273 781 2
550 782 3
186 783 2
539 784 2
575 785 3
229 786 2
409 787 3
637 788 9
630 789 2
178 790 3
474 791 1
387 792 2
21 793 2
46 794 3
663 795 2
195 796 3
190 797 3
658 798 1
478 799 11
691 800 6
608 801 3
425 802 2
711 803 2
645 804 2
286 805 1
620 806 1
659 807 3
218 808 2
267 809 1
193 810 1
63 811 1
251 812 5
226 813 1
376 814 1
683 815 3
666 816 3
115 817 1
461 818 7
481 819 1
781 820 3
256 821 1
701 822 2
451 823 1
726 824 2
311 825 2
797 826 3
41 827 2
267 828 2
597 829 2
733 830 2
377 831 1
149 832 2
328 833 1
285 834 1
102 835 1
469 836 2
11 837 1
449 838 3
76 839 2
715 840 7
156 841 1
59 842 2
487 843 12
551 844 5
577 845 1
533 846 3
213 847 3
105 848 4
268 849 1
35 850 3
328 851 2
481 852 3
63 853 1
511 854 1
660 855 1
653 856 2
573 857 3
534 858 2
104 859 2
139 860 1
632 861 2
841 862 3
725 863 2
578 864 1
471 865 1
494 866 3
214 867 3
334 868 2
75 869 1
664 870 1
26 871 1
619 872 1
96 873 3
831 874 2
557 875 1
290 876 3
382 877 2
476 878 2
286 879 1
289 880 1
146 881 2
31 882 2
740 883 3
816 884 3
610 885 2
195 886 3
559 887 1
635 888 3
859 889 1
506 890 1
467 891 2
458 892 2
704 893 2
160 894 1
148 895 2
593 896 3
70 897 3
160 898 1
148 899 3
769 900 3
511 901 2
366 902 3
385 903 1
62 904 1
159 905 1
672 906 2
178 907 2
638 908 1
424 909 1
796 910 3
64 911 1
412 912 3
760 913 8
769 914 3
277 915 1
439 916 3
238 917 1
251 918 2
748 919 3
16 920 1
469 921 3
126 922 3
386 923 3
454 924 2
262 925 3
365 926 6
601 927 6
571 928 2
710 929 1
627 930 2
550 931 3
487 932 3
166 933 3
718 934 3
452 935 2
205 936 1
690 937 2
109 938 3
274 939 3
281 940 3
154 941 2
749 942 1
906 943 3
719 944 3
733 945 2
214 946 2
857 947 1
930 948 3
877 949 2
155 950 2
775 951 1
577 952 2
249 953 2
249 954 2
638 955 1
687 956 2
783 957 2
611 958 9
401 959 2
439 960 2
401 961 2
47 962 3
66 963 3
858 964 3
200 965 2
758 966 3
610 967 3
158 968 2
144 969 1
817 970 2
823 971 1
64 972 1
602 973 1
641 974 3
312 975 3
51 976 10
830 977 3
756 978 3
394 979 3
275 980 3
782 981 1
497 982 1
75 983 1
868 984 3
666 985 3
51 986 3
700 987 2
787 988 2
590 989 3
679 990 2
966 991 3
210 992 3
271 993 3
548 994 3
610 995 3
109 996 3
733 997 1
800 998 15
595 999 3
666 1000 2
399 1001 1
1 1002 1
363 1003 2
881 1004 2
989 1005 1
780 1006 2
253 1007 1
925 1008 1
5 1009 3
438 1010 1
438 1011 2
779 1012 1
141 1013 3
338 1014 3
693 1015 3
914 1016 3
870 1017 2
624 1018 2
206 1019 2
302 1020 3
452 1021 2
112 1022 1
1006 1023 3
497 1024 1
798 1025 1
266 1026 1
555 1027 3
510 1028 2
862 1029 3
581 1030 3
347 1031 2
429 1032 1
246 1033 1
68 1034 2
263 1035 1
86 1036 2
454 1037 3
807 1038 1
70 1039 2
731 1040 3
32 1041 3
229 1042 3
255 1043 1
160 1044 1
852 1045 3
346 1046 1
773 1047 2
948 1048 2
142 1049 2
51 1050 3
346 1051 5
215 1052 3
17 1053 3
371 1054 1
166 1055 3
220 1056 1
779 1057 1
727 1058 3
1045 1059 1
269 1060 1
703 1061 1
448 1062 2
301 1063 1
526 1064 2
904 1065 2
241 1066 1
472 1067 1
574 1068 3
1034 1069 3
926 1070 6
334 1071 3
872 1072 1
982 1073 2
358 1074 2
126 1075 2
40 1076 6
1028 1077 2
1046 1078 2
276 1079 2
89 1080 2
217 1081 3
475 1082 3
737 1083 2
137 1084 3
1016 1085 3
715 1086 2
802 1087 2
758 1088 1
941 1089 4
170 1090 2
138 1091 3
706 1092 6
617 1093 2
272 1094 1
606 1095 2
816 1096 3
283 1097 2
526 1098 2
1026 1099 3
812 1100 2
701 1101 4
61 1102 3
472 1103 3
545 1104 12
774 1105 2
539 1106 2
313 1107 2
591 1108 15
792 1109 2
532 1110 2
180 1111 1
275 1112 2
113 1113 1
757 1114 2
205 1115 1
221 1116 3
330 1117 3
418 1118 2
316 1119 3
1026 1120 1
217 1121 3
97 1122 3
1115 1123 1
786 1124 3
39 1125 1
675 1126 1
868 1127 2
39 1128 1
489 1129 5
403 1130 2
973 1131 1
547 1132 10
1023 1133 1
1028 1134 3
776 1135 1
919 1136 1
600 1137 1
1075 1138 3
92 1139 2
1018 1140 1
412 1141 3
530 1142 2
1019 1143 1
662 1144 1
792 1145 1
725 1146 3
192 1147 2
116 1148 3
680 1149 1
585 1150 2
251 1151 2
1012 1152 3
23 1153 1
420 1154 3
71 1155 2
722 1156 2
428 1157 2
779 1158 3
607 1159 2
436 1160 3
452 1161 2
295 1162 3
624 1163 2
791 1164 1
895 1165 3
618 1166 1
658 1167 2
1164 1168 1
822 1169 2
486 1170 2
443 1171 2
252 1172 1
158 1173 1
319 1174 3
139 1175 2
551 1176 3
923 1177 2
1019 1178 3
411 1179 3
127 1180 3
276 1181 1
843 1182 12
1008 1183 2
136 1184 3
1166 1185 3
38 111 5
8 117 15
47 134 2
96 180 2
109 181 3
97 205 3
119 211 3
113 214 2
38 217 3
88 232 3
263 287 2
272 296 2
160 302 1
283 311 4
299 311 5
284 313 1
91 338 5
81 340 2
142 344 5
221 348 1
18 358 5
77 362 4
62 363 2
252 369 5
284 378 2
180 389 3
284 394 3
293 413 1
347 413 2
93 420 2
80 424 5
380 427 3
166 431 1
441 447 2
68 448 3
155 453 3
310 454 3
221 459 3
101 461 7
128 462 1
416 469 3
142 470 3
242 475 1
194 477 1
306 487 4
400 491 2
457 493 3
399 503 1
227 508 2
145 528 2
242 528 3
177 532 1
392 539 2
482 539 3
364 544 3
473 545 3
148 549 3
221 550 2
452 550 4
91 554 2
48 564 7
217 564 2
396 564 1
154 566 2
292 576 3
143 579 2
255 579 3
592 597 2
312 599 2
146 600 2
347 604 2
210 607 3
262 609 5
243 614 1
7 616 5
120 623 3
191 628 1
522 630 3
621 633 1
449 637 2
560 638 3
59 639 3
408 647 2
524 656 2
536 657 4
605 657 7
635 659 13
93 667 3
178 668 3
2 670 10
523 670 2
122 671 2
271 671 2
432 678 3
146 685 2
239 688 2
656 696 3
305 698 1
313 704 2
548 707 3
81 715 1
213 721 5
659 723 2
257 724 3
607 728 2
340 730 1
667 730 3
671 730 2
157 731 3
674 734 2
98 736 2
435 736 2
193 754 5
375 755 1
600 759 1
196 761 2
255 781 3
572 782 3
237 784 3
364 787 1
15 793 3
321 795 2
459 799 11
651 800 10
784 801 2
87 807 3
431 808 1
702 808 3
4 812 5
383 813 3
78 818 7
676 818 5
111 820 3
272 825 1
375 826 3
448 828 2
303 832 2
817 833 2
487 834 1
824 841 2
543 844 5
453 845 2
532 845 2
499 846 3
111 848 5
733 854 2
198 855 1
190 858 10
124 861 3
670 867 3
399 876 3
634 877 3
501 881 1
851 881 2
579 885 2
10 886 3
558 893 3
622 894 3
122 895 1
218 904 3
267 906 6
394 906 3
403 906 3
783 908 2
708 912 3
304 915 1
636 919 2
550 927 16
660 932 3
176 935 2
851 936 1
479 937 4
580 937 3
763 937 3
584 938 3
214 940 2
446 940 3
403 941 3
629 943 1
513 947 1
328 948 2
410 951 1
675 953 3
790 954 3
32 955 1
786 958 2
164 959 1
440 960 2
569 960 1
570 960 3
687 961 1
201 962 2
678 965 2
728 965 2
300 967 2
900 967 2
686 968 3
489 969 3
326 972 3
768 972 3
858 976 10
40 979 3
229 981 2
158 982 1
420 982 2
904 985 1
213 986 4
497 986 1
580 988 1
246 991 2
82 994 2
279 999 15
659 999 12
39 1000 1
515 1001 2
697 1008 3
716 1011 3
723 1014 2
1002 1017 3
34 1021 2
135 1023 2
481 1026 1
622 1031 2
218 1034 2
646 1034 3
522 1035 2
1035 1037 2
739 1041 2
703 1043 2
275 1044 3
946 1048 3
283 1049 2
916 1049 2
245 1051 5
375 1055 3
599 1056 1
327 1061 3
761 1061 2
210 1066 3
849 1072 1
735 1073 1
556 1076 6
574 1076 3
685 1076 3
960 1076 3
931 1079 2
896 1082 3
460 1088 2
347 1089 4
648 1090 3
351 1092 9
605 1092 8
154 1097 2
530 1097 3
648 1101 4
743 1101 2
407 1105 1
724 1106 2
701 1108 15
828 1110 3
123 1113 3
549 1117 2
404 1119 2
789 1120 2
1082 1121 2
616 1122 1
253 1128 1
42 1129 5
260 1132 2
550 1132 12
746 1143 1
296 1146 2
28 1149 2
51 1149 2
1151 1154 2
228 1155 2
561 1156 2
587 1158 3
242 1160 2
949 1163 2
314 1169 3
488 1169 3
339 1170 1
845 1170 1
932 1170 2
996 1179 2
582 1181 3
327 1184 2
1219 1227 2
1226 1233 3
1233 1238 3
1255 1268 1
1258 1310 3
1294 1311 2
1191 1320 2
1292 1327 3
1316 1341 3
1325 1343 2
1323 1353 2
1239 1376 1
1361 1391 3
1192 1396 1
1360 1397 3
1216 1399 3
1218 1403 3
1392 1419 3
1399 1422 2
1247 1434 1
1393 1437 3
1265 1446 2
1196 1455 2
1434 1458 3
1289 1473 3
1373 1473 3
1232 1476 3
1458 1477 3
1453 1485 2
1470 1490 2
1358 1501 3
1432 1501 1
1316 1509 1
1419 1519 3
1200 1524 1
1284 1525 3
1365 1535 2
1505 1554 2
1442 1555 2
1347 1567 3
1268 1569 2
1526 1581 1
1448 1582 3
1551 1584 3
1331 1585 1
1426 1593 2
1319 1601 2
1431 1604 2
1431 1605 1
1518 1612 2
1465 1616 2
1571 1617 2
1475 1619 3
1421 1625 3
1624 1634 1
1467 1637 1
1550 1638 3
1583 1638 2
1437 1647 3
1568 1648 2
1188 1650 1
1249 1652 3
1464 1652 1
1315 1655 1
1331 1657 3
1407 1659 3
1328 1660 1
1262 1661 2
1289 1663 1
1372 1665 2
1592 1668 2
1502 1672 1
1598 1676 1
1609 1676 2
1652 1678 3
1289 1683 3
1196 1685 2
1371 1686 1
1427 1686 3
1408 1687 2
1656 1691 3
1568 1693 2
1314 1697 2
1474 1698 2
1295 1699 2
1285 1701 3
1661 1707 3
1229 1708 3
1357 1708 2
1200 1712 1
1623 1716 1
1265 1720 3
1666 1726 2
1239 1727 3
1660 1731 2
1695 1740 1
1625 1743 3
1509 1744 2
1714 1751 3
1572 1753 1
1714 1758 1
1337 1760 2
1376 1767 3
1408 1767 2
1740 1768 2
1240 1769 2
1221 1773 3
1286 1779 2
1305 1787 3
1474 1789 1
1375 1795 1
1615 1797 1
1762 1797 1
1556 1799 1
1203 1801 1
1482 1803 1
1597 1804 2
1788 1811 2
1578 1812 3
1589 1814 1
1459 1825 3
1496 1825 2
1483 1826 1
1621 1828 2
1278 1832 3
1315 1832 1
1643 1834 2
1675 1837 2
1214 1838 1
1203 1842 3
1597 1843 1
1352 1846 1
1442 1846 2
1453 1849 2
1440 1850 2
1511 1852 1
1284 1854 2
1191 1855 3
1214 1856 3
1401 1857 2
1782 1868 3
1486 1870 3
1557 1870 1
1465 1874 3
1711 1874 1
1565 1877 3
1763 1879 1
1464 1880 2
1393 1883 1
1556 1883 3
1882 1883 3
1233 1885 2
1431 1888 1
1706 1891 2
1447 1892 3
1265 1897 1
1482 1898 1
1270 1899 1
1485 1908 1
1279 1909 2
1323 1913 2
1624 1914 1
1669 1918 3
1810 1919 1
1435 1922 2
1642 1923 2
1199 1924 1
1662 1924 2
1766 1929 3
1318 1937 3
1515 1943 2
1730 1944 2
1644 1945 2
1657 1946 1
1827 1947 3
1414 1948 3
1488 1949 2
1249 1950 1
1555 1951 2
1895 1952 3
1555 1953 3
1548 1955 2
1309 1959 3
1372 1959 1
1602 1959 3
1808 1959 2
1814 1959 2
1754 1963 2
1223 1965 2
1686 1972 3
1417 1976 1
1640 1979 3
1454 1982 3
1948 1983 2
1954 1988 3
1408 1990 3
1207 1991 1
1769 1992 1
1361 1994 1
1848 1995 2
1460 1998 3
1207 1999 3
1267 2000 3
1888 2000 3
1760 2003 1
1902 2005 2
550 648 48 399 295 571 126 6 139 12 91 350 657 147 658 377 59 93 622 228 1092 20 671 143 731 27 192 1061 257 200 386 234 545 375 1019 816 403 51 455 364 701 106 660 10 932 251 92 41 211 818 424 475 444 782 353 422 156 52 97 1049 296 112 70 579 439 656 828
6 756 1
5 939 1
2 125 16
2 147 13
7 871 1
14 153 2
9 701 17
10 1104 12
4 351 10
2 743 1
4 252 12
4 676 2
8 669 10
9 998 15
11 755 6
5 958 11
5 927 17
1 118 11
8 452 6
6 883 2
8 1070 6
13 463 8
5 690 3
14 282 16
4 69 5
14 840 7
4 239 13
12 788 9
11 1182 12
13 306 9
1 660 1
9 991 1
10 213 14
14 591 19
3 913 8
11 848 8
5 707 2
12 296 3
5 75 18