599 544 86 3 6
1 2 8
2 3 2
2 4 1
2 5 5
3 6 3
2 7 1
3 8 1
6 9 9
8 10 3
3 11 2
8 12 2
7 13 3
13 14 2
10 15 2
2 16 3
14 17 2
6 18 4
10 19 3
18 20 5
12 21 2
20 22 2
9 23 3
7 24 3
16 25 3
25 26 3
5 27 2
11 28 4
4 29 3
15 30 2
11 31 2
10 32 2
2 33 2
25 34 1
30 35 2
18 36 1
33 37 2
36 38 1
31 39 1
31 40 1
7 41 2
22 42 1
25 43 2
22 44 1
37 45 2
13 46 2
14 47 2
33 48 3
6 49 10
37 50 3
40 51 3
39 52 3
21 53 4
26 54 1
10 55 3
25 56 3
14 57 2
1 58 10
29 59 1
8 60 1
1 61 10
54 62 2
31 63 2
4 64 2
62 65 3
36 66 3
22 67 3
67 68 3
57 69 1
66 70 1
20 71 1
36 72 3
1 73 1
26 74 2
58 75 6
56 76 2
55 77 6
77 78 3
65 79 1
19 80 1
32 81 1
71 82 1
35 83 3
15 84 3
75 85 6
81 86 2
2 87 1
2 88 3
21 89 2
7 90 2
54 91 1
10 92 5
5 93 3
35 94 1
13 95 5
34 96 2
7 97 1
95 98 1
1 99 3
61 100 3
15 101 3
92 102 2
15 103 2
42 104 1
36 105 3
16 106 3
70 107 2
35 108 2
5 109 5
107 110 3
36 111 1
24 112 2
107 113 1
8 114 2
61 115 10
43 116 3
116 117 1
116 118 2
38 119 1
92 120 5
117 121 3
57 122 2
99 123 1
2 124 2
15 125 1
50 126 2
119 127 2
95 128 2
49 129 2
124 130 1
88 131 3
6 132 10
86 133 1
116 134 2
116 135 1
53 136 2
85 137 2
86 138 1
107 139 3
51 140 2
128 141 1
125 142 1
89 143 1
43 144 10
60 145 2
7 146 1
5 147 3
17 148 1
20 149 1
63 150 3
48 151 2
119 152 1
116 153 1
53 154 2
150 155 2
49 156 9
129 157 2
67 158 3
115 159 10
85 160 5
35 161 1
47 162 1
63 163 2
160 164 2
22 165 3
101 166 1
42 167 1
109 168 2
147 169 1
10 170 2
133 171 1
143 172 3
129 173 3
159 174 10
116 175 1
51 176 1
86 177 2
36 178 2
71 179 3
34 180 2
106 181 1
146 182 2
127 183 1
16 184 3
141 185 2
47 186 3
138 187 2
96 188 8
13 189 3
116 190 3
58 191 10
151 192 2
166 193 1
175 194 1
149 195 3
109 196 1
32 197 1
196 198 3
196 199 2
71 200 2
96 201 10
56 202 3
127 203 1
10 204 3
110 205 2
91 206 2
198 207 3
201 208 11
71 209 2
14 210 1
62 211 2
186 212 3
168 213 3
111 214 3
63 215 1
120 216 11
56 217 1
162 218 3
176 219 1
160 220 2
148 221 2
113 222 1
196 223 1
186 224 2
110 225 1
188 226 8
142 227 2
83 228 2
119 229 1
182 230 2
151 231 1
157 232 2
88 233 1
110 234 3
134 235 1
174 236 1
154 237 2
69 238 1
157 239 2
72 240 1
22 241 3
207 242 3
161 243 3
51 244 1
180 245 2
243 246 1
150 247 2
11 248 1
129 249 1
245 250 3
39 251 3
112 252 1
113 253 2
33 254 3
223 255 3
241 256 2
124 257 2
121 258 1
204 259 1
122 260 3
64 261 3
239 262 3
190 263 2
35 264 2
259 265 3
232 266 3
40 267 3
153 268 1
145 269 1
164 270 3
147 271 1
160 272 3
11 273 3
5 274 3
27 275 1
60 276 3
148 277 1
5 278 3
154 279 3
201 280 1
122 281 1
196 282 3
135 283 3
81 284 3
241 285 3
10 286 1
152 287 3
77 288 2
224 289 3
252 290 3
103 291 3
236 292 1
87 293 3
184 294 3
70 295 3
84 296 3
286 297 2
156 298 9
198 299 2
271 300 1
284 301 2
244 302 2
148 303 3
114 304 1
16 305 2
152 306 2
235 307 1
22 308 2
117 309 3
260 310 1
198 311 2
173 312 1
166 313 1
48 314 2
238 315 1
103 316 3
258 317 2
96 318 3
109 319 3
151 320 1
110 321 2
140 322 1
256 323 8
163 324 3
263 325 1
166 326 1
89 327 2
185 328 1
237 329 2
109 330 2
75 331 2
219 332 3
88 333 1
239 334 3
244 335 2
177 336 1
214 337 2
60 338 1
255 339 1
320 340 1
314 341 3
285 342 3
87 343 1
174 344 10
268 345 2
344 346 3
304 347 2
282 348 2
89 349 7
160 350 9
144 351 3
245 352 3
31 353 2
147 354 1
279 355 3
250 356 1
104 357 3
293 358 1
116 359 3
280 360 2
117 361 3
219 362 2
44 363 3
298 364 9
255 365 2
24 366 2
304 367 2
286 368 2
54 369 3
240 370 1
8 371 1
181 372 3
20 373 3
87 374 3
52 375 3
132 376 11
335 377 2
311 378 1
244 379 1
111 380 2
369 381 3
160 382 7
71 383 1
293 384 3
295 385 1
19 386 3
225 387 1
98 388 2
342 389 2
105 390 1
311 391 1
66 392 3
289 393 2
18 394 2
257 395 2
197 396 3
329 397 3
134 398 1
265 399 1
363 400 2
27 48 3
7 65 3
7 70 1
74 79 1
77 95 5
63 105 1
24 109 2
41 127 1
52 140 2
88 140 3
20 144 5
54 145 1
94 146 2
29 148 1
36 150 2
60 156 1
119 157 2
37 163 2
62 168 2
78 173 2
171 176 1
43 191 10
41 192 3
158 204 2
48 205 1
130 212 2
154 214 2
1 216 11
176 223 2
54 227 2
199 227 2
222 227 3
77 231 2
28 237 6
109 237 5
53 245 4
109 245 4
22 253 3
226 256 8
162 258 1
185 258 1
94 262 1
58 263 2
24 265 1
51 269 3
246 285 1
138 290 1
61 294 1
74 294 3
225 297 1
67 299 3
203 301 2
151 305 1
201 311 2
94 315 2
235 319 3
144 323 8
85 324 1
105 332 1
278 335 2
234 336 2
258 341 1
279 341 3
230 342 1
28 344 10
140 346 1
149 348 2
13 349 7
164 350 1
208 350 10
285 351 3
331 353 2
49 357 3
50 357 3
337 357 2
338 359 3
120 364 9
146 370 2
335 372 3
89 376 7
203 376 3
197 377 3
32 378 1
141 378 1
300 379 2
55 382 7
60 388 3
361 388 1
24 389 1
101 391 1
55 394 2
189 395 2
170 396 2
163 399 2
211 399 1
404 442 2
426 443 3
436 447 1
443 466 3
432 468 3
432 471 1
452 472 2
472 475 3
439 479 1
416 484 2
466 490 1
418 491 1
411 492 3
476 493 3
412 504 3
492 505 1
443 517 3
435 518 1
446 519 2
484 521 1
483 525 3
463 527 1
488 544 1
519 548 1
503 550 1
428 551 2
441 556 3
462 556 3
514 558 2
516 561 1
449 563 1
425 564 3
510 564 2
417 571 1
493 574 3
569 575 2
570 578 3
438 579 3
585 586 2
487 588 2
510 588 2
521 588 2
554 588 2
414 590 3
436 591 3
421 592 3
404 593 2
592 593 3
568 594 3
464 599 2
256 294 344 94 293 173 219 95 129 163 101 265 176 223 388 53 15 157 48 40 196 117 150 162 141 66 197 26 81 49 54 2 350 144 111 34 10 25 311 20 244 29 47 37 376 107 87 71 166 11 21 7 255 89 174 341 245 335 145 127 86 56 24 204 55 63 239 16 342 160 110 140 39 164 42 198 227 51 6 60 50 74 88 263 113 378
3 132 20
2 394 2
1 120 15
1 125 2
2 9 9
1 208 20