290 222 25 4 4
1 2 10
2 3 7
2 4 1
2 5 2
5 6 3
5 7 3
3 8 6
3 9 5
6 10 2
7 11 2
8 12 6
7 13 3
6 14 3
4 15 2
4 16 1
9 17 3
9 18 8
12 19 10
11 20 3
3 21 2
7 22 3
14 23 3
1 24 10
21 25 2
14 26 3
21 27 3
16 28 3
19 29 1
24 30 3
12 31 3
7 32 2
8 33 2
26 34 1
13 35 1
19 36 10
18 37 8
35 38 1
5 39 2
27 40 2
2 41 2
15 42 1
37 43 1
24 44 10
20 45 2
40 46 1
21 47 1
18 48 3
10 49 2
22 50 3
27 51 1
38 52 1
9 53 3
32 54 3
2 55 1
16 56 2
54 57 2
3 58 3
31 59 2
58 60 1
12 61 1
37 62 3
13 63 3
2 64 1
42 65 2
5 66 4
6 67 3
27 68 1
52 69 1
53 70 1
21 71 3
11 72 2
12 73 3
53 74 1
50 75 1
49 76 3
75 77 2
49 78 3
37 79 3
40 80 2
71 81 3
10 82 3
41 83 2
45 84 3
80 85 3
62 86 2
11 87 1
67 88 1
13 89 2
83 90 3
5 91 2
1 92 1
33 93 1
29 94 2
15 95 1
50 96 2
51 97 3
17 98 3
17 99 2
28 100 2
89 101 3
63 102 3
42 103 3
18 104 2
69 105 2
54 106 2
53 107 2
66 108 3
15 109 1
75 110 3
59 111 1
51 112 1
110 113 1
22 114 2
43 115 3
5 116 2
102 117 3
78 118 2
56 119 2
87 120 3
79 121 3
73 122 2
58 123 2
123 124 2
58 125 1
44 126 10
72 127 1
107 128 3
34 129 1
100 130 3
101 131 1
9 132 2
3 133 2
17 134 3
21 135 1
37 136 8
93 137 3
66 138 5
65 139 2
26 140 3
91 141 3
17 142 1
113 143 3
64 144 3
36 145 10
128 146 3
63 147 2
93 148 3
66 149 3
65 150 1
111 151 1
125 152 3
48 153 1
63 154 3
80 155 3
61 156 2
51 157 1
10 12 3
2 23 10
5 67 2
18 72 3
71 72 1
46 82 3
69 83 3
7 84 1
73 85 3
77 98 3
80 100 1
35 106 1
56 107 2
33 114 1
97 119 1
61 123 2
65 125 2
69 131 1
100 133 2
74 135 3
23 136 12
9 138 11
77 138 5
10 141 3
131 141 2
132 143 2
126 145 10
119 148 2
130 148 1
95 150 1
141 155 3
69 156 3
162 180 2
175 192 1
181 196 1
169 198 3
182 209 3
207 209 1
178 210 1
208 210 3
159 217 2
167 217 2
221 229 1
223 232 3
167 238 3
223 238 1
214 241 2
205 242 3
181 244 2
243 244 1
193 245 3
215 248 1
188 250 1
204 250 2
223 251 3
249 255 1
234 262 1
188 263 3
162 265 2
217 268 2
176 272 3
208 279 1
243 280 1
271 282 3
261 283 2
246 288 3
24 21 14 3 42 61 37 5 51 23 2 138 26 125 63 22 10 53 18 49 6 123 58 40 66
3 138 20
2 36 18
4 63 1
1 136 19