99 116 13 3 4
1 2 6
2 3 6
3 4 1
3 5 2
4 6 1
4 7 2
6 8 3
4 9 1
1 10 6
10 11 2
9 12 1
1 13 1
3 14 8
6 15 1
10 16 3
3 17 1
10 18 6
18 19 3
1 20 3
20 21 3
6 22 2
9 23 2
9 24 3
14 25 2
24 26 3
12 27 3
5 28 1
5 29 3
11 30 1
7 31 2
12 32 2
19 33 3
4 34 2
3 35 1
29 36 1
29 37 3
8 38 1
26 39 1
33 40 2
32 41 2
33 42 2
13 43 1
13 44 1
28 45 3
7 46 3
1 47 1
20 48 1
9 49 1
37 50 2
14 51 3
10 52 3
42 53 1
36 54 2
30 55 3
13 56 3
14 57 7
12 58 3
22 59 1
56 60 1
45 61 1
24 62 3
56 63 3
17 64 3
3 65 2
29 66 3
54 67 1
55 68 2
12 69 2
18 70 4
40 71 2
28 72 1
45 73 1
10 74 2
25 75 1
2 76 3
21 77 1
27 78 1
65 79 1
46 80 1
28 81 1
79 82 1
70 83 3
53 84 1
79 85 3
69 86 3
86 87 1
53 88 3
78 89 1
82 90 1
76 91 3
1 8 6
3 19 2
18 27 3
46 52 2
8 54 3
57 58 6
19 60 1
28 65 3
28 66 3
21 70 3
25 70 1
58 70 8
31 73 3
35 77 3
8 78 3
31 80 3
30 81 1
35 82 3
40 84 2
83 84 3
28 85 2
17 86 2
25 87 2
95 96 2
93 97 2
97 99 3
17 9 79 8 4 58 12 6 18 82 13 86 24
2 8 10
3 91 3
1 57 13
1 58 5