594 437 30 12 36
1 2 19
2 3 6
1 4 19
1 5 19
1 6 12
4 7 16
5 8 6
2 9 18
3 10 1
1 11 13
3 12 4
4 13 2
12 14 10
13 15 12
7 16 13
3 17 1
4 18 14
15 19 12
15 20 12
10 21 2
21 22 1
11 23 7
12 24 7
7 25 3
1 26 6
23 27 7
20 28 13
14 29 18
28 30 3
22 31 1
27 32 7
31 33 6
16 34 13
7 35 11
24 36 2
1 37 19
8 38 6
20 39 16
7 40 16
11 41 2
34 42 19
7 43 2
9 44 13
14 45 2
32 46 10
28 47 7
21 48 2
31 49 6
49 50 9
36 51 2
30 52 1
13 53 2
37 54 9
22 55 3
32 56 1
22 57 1
9 58 16
21 59 2
23 60 2
3 61 3
8 62 2
7 63 1
42 64 19
27 65 2
29 66 6
55 67 1
17 68 1
13 69 1
37 70 10
65 71 1
44 72 1
7 73 1
66 74 5
73 75 3
67 76 1
74 77 4
18 78 2
31 79 7
74 80 15
19 81 3
50 82 9
4 83 6
66 84 6
14 85 3
68 86 11
3 87 2
58 88 2
16 89 11
59 90 2
87 91 3
53 92 13
41 93 1
37 94 1
78 95 6
25 96 3
86 97 6
24 98 6
53 99 3
22 100 2
73 101 2
94 102 2
86 103 2
48 104 2
60 105 3
83 106 6
97 107 3
31 108 3
96 109 3
63 110 1
99 111 3
99 112 1
84 113 3
74 114 16
56 115 3
6 116 12
72 117 6
42 118 8
104 119 2
60 120 3
114 121 3
13 122 12
114 123 16
3 124 2
78 125 4
86 126 3
71 127 1
108 128 2
100 129 2
19 130 4
83 131 1
117 132 6
14 133 4
42 134 1
46 135 10
25 136 2
39 137 14
31 138 1
95 139 3
37 140 10
53 141 3
73 142 3
77 143 1
32 144 3
20 145 1
32 146 7
23 147 3
37 148 2
45 149 3
4 150 1
21 151 1
134 152 1
45 153 2
133 154 4
100 155 1
118 156 3
41 157 2
37 158 2
102 159 3
33 160 6
62 161 3
21 162 1
125 163 4
3 164 3
157 165 2
47 166 1
86 167 1
142 168 3
135 169 10
59 170 3
56 171 1
160 172 6
35 173 1
62 174 2
77 175 1
161 176 1
42 177 2
176 178 1
15 179 2
11 180 1
95 181 7
128 182 2
26 183 6
29 184 17
25 185 1
174 186 2
125 187 3
11 188 2
181 189 3
1 190 3
156 191 3
157 192 1
3 193 1
54 194 7
146 195 7
56 196 2
122 197 17
176 198 3
24 199 7
83 200 6
91 201 3
91 202 3
197 203 2
163 204 4
80 205 1
40 206 3
63 207 2
58 208 16
168 209 7
16 210 18
42 211 6
124 212 3
48 213 3
103 214 1
153 215 3
159 216 3
55 217 2
155 218 2
177 219 3
166 220 3
89 221 11
1 222 1
76 223 3
196 224 3
45 225 2
58 226 2
76 227 1
115 228 2
72 229 3
90 230 1
66 231 3
93 232 1
140 233 3
230 234 1
103 235 3
49 236 7
77 237 3
56 238 3
194 239 7
54 240 3
137 241 14
132 242 5
60 243 1
241 244 10
116 245 1
232 246 2
221 247 3
177 248 2
93 249 2
38 250 1
21 251 2
46 252 7
186 253 1
200 254 6
252 255 7
201 256 1
123 257 19
75 258 3
24 259 1
108 260 2
211 261 3
170 262 3
104 263 1
211 264 3
170 265 1
232 266 1
234 267 3
41 268 4
11 269 2
50 270 2
57 271 3
202 272 14
262 273 1
240 274 2
271 275 1
247 276 2
198 277 2
76 278 1
39 279 1
195 280 1
27 281 2
236 282 2
146 283 2
70 284 10
18 285 3
21 286 2
162 287 3
87 288 2
172 289 6
92 290 9
177 291 2
181 292 1
138 293 2
191 294 3
5 295 3
162 296 2
106 297 3
252 298 2
74 299 2
270 300 1
169 301 3
12 302 2
229 303 3
229 304 2
2 305 3
11 47 6
6 57 2
5 64 19
36 64 2
27 79 7
41 86 3
9 87 2
34 88 2
50 97 10
26 98 6
69 106 2
101 115 1
80 118 8
35 122 9
10 123 16
67 130 2
115 132 2
80 140 10
82 151 1
92 154 5
136 164 3
84 168 6
95 171 1
11 181 7
40 185 9
34 195 7
134 197 18
21 203 3
130 204 4
118 205 1
47 209 11
154 211 5
20 212 12
25 216 2
33 221 6
132 221 11
215 221 2
172 223 3
10 236 16
74 242 5
232 242 2
236 244 10
87 264 2
32 266 3
27 268 4
159 270 1
110 271 1
20 274 2
262 275 3
125 276 2
264 277 3
212 284 10
38 289 8
255 289 7
266 289 1
155 290 1
202 290 10
235 291 2
5 296 2
38 297 3
315 319 3
342 347 3
354 356 3
328 359 1
350 395 2
335 398 3
337 403 3
317 410 1
351 411 2
356 417 2
429 432 1
382 450 3
458 464 3
427 468 2
351 474 3
481 482 1
348 483 3
430 484 1
360 489 3
341 491 2
423 495 3
356 503 2
463 504 1
341 505 1
348 505 2
332 506 2
474 506 1
311 508 2
483 511 2
364 512 1
307 513 3
470 513 3
314 514 3
399 521 2
410 521 2
401 528 1
323 531 3
509 531 3
332 533 3
490 536 3
498 536 2
534 536 2
460 538 1
328 544 3
383 546 2
428 555 1
333 558 2
356 558 1
548 559 1
326 561 1
425 561 1
476 562 2
458 565 1
360 566 3
512 566 2
427 567 3
541 574 3
328 576 1
485 576 1
473 580 2
369 582 3
552 582 1
440 584 3
519 584 2
478 585 3
322 586 2
401 586 1
502 586 1
436 588 1
469 588 1
307 589 1
561 590 2
412 593 2
159 7 49 47 42 134 162 155 22 35 39 14 176 86 72 202 97 106 59 31 262 23 108 87 62 74 99 73 92 8
8 239 7
3 183 6
12 35 13
3 257 19
5 82 9
4 185 9
3 221 14
12 185 6
2 184 17
11 89 14
11 53 14
7 51 2
3 40 16
8 210 18
10 104 2
9 199 7
10 285 2
11 272 14
3 169 10
2 254 6
9 28 13
8 2 4
4 208 16
3 241 14
10 77 4
2 226 1
10 19 12
6 68 12
1 134 19
9 18 12
3 209 11
2 68 8
1 44 14
12 169 7
11 116 12
3 294 3