995 817 131 5 6
1 2 15
2 3 15
3 4 3
4 5 2
2 6 1
5 7 3
3 8 15
8 9 2
2 10 2
9 11 3
5 12 3
6 13 2
12 14 2
12 15 12
14 16 2
5 17 3
6 18 1
17 19 1
16 20 2
12 21 8
21 22 14
5 23 3
18 24 3
12 25 3
9 26 1
23 27 1
10 28 1
12 29 2
6 30 3
28 31 1
11 32 1
13 33 2
31 34 2
6 35 1
18 36 3
15 37 3
4 38 2
14 39 3
27 40 1
15 41 12
6 42 2
14 43 2
20 44 1
35 45 1
43 46 2
11 47 1
5 48 2
2 49 1
48 50 3
30 51 2
28 52 2
24 53 3
48 54 3
24 55 3
9 56 3
43 57 3
52 58 1
56 59 2
22 60 2
25 61 2
29 62 1
20 63 3
7 64 3
50 65 1
37 66 2
12 67 3
33 68 2
25 69 3
45 70 1
1 71 3
32 72 2
4 73 2
11 74 2
66 75 2
10 76 2
22 77 14
73 78 1
72 79 3
5 80 2
62 81 3
28 82 3
25 83 3
11 84 1
56 85 2
17 86 1
17 87 1
74 88 2
39 89 1
70 90 2
62 91 1
20 92 1
70 93 3
56 94 3
2 95 2
8 96 1
45 97 1
5 98 3
33 99 2
34 100 1
83 101 2
67 102 1
19 103 1
45 104 3
80 105 6
92 106 2
102 107 1
99 108 2
65 109 3
55 110 2
61 111 2
53 112 3
94 113 3
63 114 1
100 115 2
108 116 1
69 117 2
15 118 2
75 119 1
116 120 1
100 121 3
94 122 2
26 123 1
59 124 1
70 125 3
94 126 1
22 127 3
105 128 3
102 129 3
99 130 2
44 131 3
127 132 3
121 133 1
57 134 1
127 135 1
70 136 1
108 137 3
89 138 2
119 139 2
76 140 1
112 141 3
115 142 3
142 143 3
19 144 2
84 145 2
5 146 3
123 147 2
51 148 1
7 149 3
57 150 2
85 151 3
138 152 3
8 153 15
105 154 1
141 155 8
17 156 1
108 157 2
44 158 2
136 159 1
149 160 1
61 161 2
158 162 2
7 163 3
121 164 3
130 165 1
65 166 2
17 167 3
105 168 1
86 169 2
164 170 3
143 171 2
94 172 2
60 173 1
73 174 2
36 175 3
38 176 1
100 177 3
2 178 2
97 179 2
112 180 2
166 181 3
142 182 3
161 183 1
88 184 3
30 185 2
28 186 3
123 187 3
27 188 1
181 189 3
16 190 3
146 191 2
48 192 2
29 193 2
9 194 3
120 195 2
81 196 3
129 197 2
93 198 2
152 199 2
132 200 3
84 201 3
100 202 2
191 203 2
72 204 3
4 205 1
11 206 2
89 207 2
204 208 3
141 209 3
22 210 3
177 211 3
149 212 3
198 213 2
92 214 1
116 215 1
164 216 2
168 217 2
154 218 1
101 219 1
157 220 1
8 221 3
138 222 2
137 223 3
98 224 3
41 225 3
75 226 3
26 227 3
162 228 2
59 229 1
77 230 14
198 231 1
214 232 1
165 233 3
52 234 1
11 235 2
21 236 2
143 237 1
180 238 1
130 239 1
127 240 3
105 241 1
150 242 3
161 243 3
4 244 2
155 245 2
169 246 1
92 247 3
74 248 2
196 249 1
62 250 2
3 251 2
43 252 1
208 253 3
87 254 1
214 255 1
93 256 3
10 257 2
130 258 2
192 259 3
68 260 2
133 261 3
247 262 2
186 263 3
158 264 2
59 265 1
182 266 3
111 267 1
99 268 3
6 269 1
161 270 2
71 271 2
221 272 1
171 273 2
67 274 2
13 275 1
246 276 2
67 277 3
27 278 1
104 279 1
220 280 1
190 281 2
253 282 2
183 283 2
207 284 2
173 285 3
136 286 2
267 287 3
198 288 1
162 289 2
222 290 1
86 291 1
197 292 1
44 293 3
151 294 1
140 295 1
98 296 3
247 297 3
88 298 3
137 299 3
299 300 2
236 301 1
155 302 2
125 303 1
66 304 3
198 305 1
117 306 3
205 307 1
105 308 3
122 309 2
177 310 1
211 311 1
231 312 1
66 313 3
81 314 3
299 315 5
59 316 1
54 317 2
39 318 3
233 319 2
53 320 1
100 321 1
206 322 2
316 323 3
65 324 1
145 325 1
96 326 3
170 327 1
157 328 2
216 329 1
265 330 1
108 331 1
221 332 1
266 333 2
99 334 3
122 335 3
177 336 1
195 337 1
189 338 3
166 339 1
244 340 2
251 341 3
263 342 1
199 343 3
219 344 2
81 345 2
38 346 2
336 347 2
224 348 3
203 349 1
123 350 1
142 351 1
147 352 3
314 353 1
298 354 2
310 355 1
55 356 1
21 357 3
113 358 3
241 359 3
186 360 2
295 361 3
49 362 3
27 363 2
58 364 2
257 365 3
354 366 2
52 367 3
85 368 2
349 369 3
94 370 1
81 371 3
8 372 3
329 373 1
212 374 1
135 375 3
252 376 1
26 377 1
222 378 2
68 379 3
362 380 3
174 381 1
372 382 3
250 383 2
36 384 3
78 385 2
75 386 1
40 387 1
301 388 3
124 389 1
71 390 2
212 391 3
57 392 2
166 393 3
46 394 1
120 395 1
299 396 2
367 397 1
70 398 1
22 399 3
203 400 3
158 401 2
210 402 3
175 403 3
378 404 2
96 405 2
38 406 1
373 407 2
62 408 1
124 409 2
341 410 1
315 411 2
203 412 2
94 413 2
30 414 2
312 415 2
293 416 1
182 417 1
397 418 2
174 419 2
308 420 3
119 421 2
32 422 1
164 423 1
259 424 3
294 425 1
17 426 2
146 427 1
182 428 2
354 429 2
292 430 1
176 431 1
389 432 1
217 433 1
114 434 2
24 435 1
206 436 2
90 437 2
65 438 2
296 439 1
372 440 1
295 441 1
166 442 2
273 443 1
387 444 2
225 445 3
370 446 3
215 447 1
226 448 3
228 449 1
306 450 2
439 451 3
173 452 1
7 453 3
341 454 2
26 455 2
219 456 2
305 457 1
33 458 2
63 459 3
7 460 2
176 461 2
184 462 3
353 463 2
41 464 2
370 465 1
213 466 3
392 467 3
222 468 3
421 469 2
301 470 2
346 471 2
19 472 1
448 473 2
38 474 3
243 475 1
59 476 2
25 477 1
422 478 3
59 479 3
417 480 1
397 481 2
126 482 2
299 483 1
12 484 1
380 485 2
39 486 2
106 487 3
75 488 3
41 489 12
193 490 2
370 491 3
459 492 1
29 493 1
351 494 3
370 495 2
356 496 1
46 497 3
63 498 1
449 499 1
124 500 1
195 501 3
104 502 3
188 503 1
388 504 1
178 505 3
45 506 2
277 507 2
485 508 3
388 509 1
352 510 1
52 511 2
121 512 1
392 513 2
493 514 1
185 515 1
109 516 1
95 517 2
508 518 2
368 519 3
350 520 1
391 521 2
155 522 3
277 523 1
334 524 1
126 525 1
295 526 3
52 527 1
473 528 2
447 529 2
397 530 1
283 531 2
116 532 2
160 533 2
260 534 2
358 535 1
162 536 1
348 537 2
297 538 3
433 539 2
181 540 3
78 541 1
41 542 1
385 543 1
13 544 3
141 545 3
397 546 2
265 547 1
241 548 1
498 549 3
510 550 1
529 551 3
206 552 3
287 553 2
490 554 2
423 555 3
51 57 3
38 58 2
28 67 1
11 76 1
89 91 3
78 125 1
46 131 2
11 134 2
80 141 8
105 145 1
18 149 3
157 160 3
150 163 1
45 175 2
126 187 3
144 188 3
154 192 3
144 194 3
40 202 1
161 202 2
192 204 3
139 208 3
191 213 3
191 236 2
33 237 1
131 252 3
72 255 1
76 257 3
131 260 1
214 263 3
95 273 2
51 281 3
99 286 1
26 291 3
17 292 3
55 294 1
63 299 3
165 302 2
191 304 3
111 305 2
44 311 1
270 314 1
310 319 1
110 320 1
73 332 1
177 333 3
283 333 3
96 340 2
205 342 2
295 343 1
303 346 2
67 348 3
324 348 2
164 349 2
96 351 2
209 352 1
208 362 3
252 370 1
306 370 3
76 377 1
316 378 3
307 382 1
252 387 3
290 396 2
159 400 2
168 400 3
166 408 2
273 408 2
72 412 3
21 414 3
180 417 2
198 418 1
71 420 3
85 421 1
202 423 3
414 423 1
226 427 1
319 427 3
386 429 3
409 430 1
431 432 2
44 433 2
374 434 2
289 437 1
415 439 3
201 442 3
286 442 2
121 443 1
307 443 2
1 445 3
321 447 1
442 451 1
181 455 3
168 457 1
39 458 2
156 459 1
446 461 3
293 463 3
272 468 3
230 469 3
4 470 1
409 471 1
400 472 1
58 473 1
205 474 3
221 474 2
398 474 1
15 476 1
394 476 3
164 483 1
372 484 2
1 489 12
62 491 3
246 492 2
83 497 1
252 497 1
364 497 3
439 498 3
38 499 3
264 499 2
369 500 1
344 501 3
392 503 3
460 505 3
480 505 2
14 509 2
70 511 1
326 511 2
377 511 2
433 521 1
333 526 2
471 526 2
98 527 3
254 530 3
15 531 3
37 531 3
319 531 1
288 533 3
247 535 2
367 537 3
184 540 1
431 543 1
300 546 3
437 548 3
198 550 1
299 554 2
148 555 1
558 564 2
574 596 1
602 633 2
602 634 1
591 635 3
621 650 3
585 656 2
571 660 3
664 670 1
597 683 1
605 704 2
688 706 1
595 709 3
613 714 3
606 717 1
641 717 3
581 724 3
640 724 3
697 724 1
676 739 3
721 749 3
570 754 3
677 758 3
709 758 3
726 760 1
701 762 3
580 763 1
723 763 2
677 768 3
755 770 3
692 775 3
760 783 1
676 785 3
713 785 1
785 791 1
595 798 1
769 798 2
788 800 1
684 804 1
560 806 1
565 806 2
636 806 1
722 806 3
719 807 1
701 811 3
583 820 2
568 822 3
778 825 3
620 832 1
724 834 3
557 837 3
721 841 2
608 844 1
813 848 3
572 849 1
574 851 1
792 852 1
703 856 2
835 856 3
634 867 1
834 870 1
677 871 3
571 873 3
734 873 3
758 875 1
738 876 1
673 877 2
562 879 2
675 881 3
879 883 1
843 888 3
807 889 2
811 889 1
816 891 1
589 893 2
869 893 1
561 894 3
572 894 1
661 897 3
826 911 1
563 913 3
718 914 1
702 915 3
730 917 3
683 918 1
863 920 1
585 926 2
879 928 3
580 929 3
574 933 3
585 934 3
693 934 3
740 936 2
568 937 1
702 946 2
864 949 1
927 953 3
712 955 2
829 964 2
753 966 2
817 966 2
710 971 3
748 971 3
934 973 1
645 974 2
932 976 3
718 979 3
668 981 1
777 981 1
856 981 1
651 982 2
887 985 2
787 986 2
740 988 1
801 995 3
919 995 3
4 184 427 372 437 29 2 208 498 219 431 226 421 341 241 131 78 283 33 203 89 48 22 143 177 16 180 37 166 12 173 400 352 292 367 38 138 137 68 76 293 155 75 388 99 65 439 67 346 105 71 11 150 32 13 511 56 198 263 310 168 192 471 144 88 531 3 305 25 474 306 181 85 443 40 20 286 154 204 57 214 295 182 95 499 84 213 370 265 362 408 205 18 39 161 72 247 98 7 30 348 160 126 83 123 58 260 80 74 61 136 236 246 397 19 447 423 333 102 351 120 277 195 206 202 21 36 212 473 17 164
1 153 15
5 315 5
4 41 16
5 450 2
3 155 8
3 230 14