98 98 6 10 10
1 2 10
2 3 14
1 4 10
1 5 2
2 6 3
3 7 5
7 8 6
7 9 3
3 10 15
3 11 1
6 12 4
11 13 3
12 14 6
6 15 8
4 16 1
8 17 1
6 18 1
14 19 2
18 20 2
1 21 7
6 22 1
12 23 8
21 24 1
4 25 3
14 26 1
22 27 3
3 28 10
1 29 3
21 30 3
24 31 2
4 32 10
11 33 2
5 34 3
32 35 15
7 36 2
18 37 1
35 38 1
30 39 3
27 40 2
23 41 1
30 42 2
21 43 2
30 44 2
5 45 3
35 46 15
20 47 3
29 48 2
48 49 1
7 50 2
1 51 7
2 52 1
45 53 1
25 54 3
23 55 2
52 56 1
29 57 3
46 58 15
38 59 2
35 60 1
36 61 3
10 62 15
56 63 1
14 64 2
41 65 1
8 66 1
1 67 1
62 68 5
44 69 3
6 70 1
35 71 1
15 72 13
72 73 6
25 74 1
34 75 3
68 76 2
5 77 2
9 12 2
1 14 6
2 25 3
18 25 1
15 36 5
32 45 1
36 51 7
37 51 3
20 57 2
44 57 1
44 65 3
28 68 5
8 73 6
11 75 2
9 76 2
78 84 2
81 86 2
88 90 2
85 91 2
88 91 1
88 94 2
78 98 1
18 5 32 12 20 14
9 62 20
4 61 1
4 23 8
9 32 6
6 28 10
8 9 4
7 58 15
1 72 19
3 47 3
10 21 7