2003 1454 64 14 30
1 2 3
1 3 19
1 4 3
3 5 3
3 6 8
1 7 4
2 8 1
2 9 2
5 10 4
7 11 2
3 12 2
9 13 2
3 14 2
12 15 3
13 16 3
15 17 4
15 18 2
11 19 3
10 20 4
3 21 1
3 22 3
8 23 3
23 24 1
22 25 1
25 26 3
24 27 3
10 28 2
20 29 2
23 30 2
12 31 2
4 32 3
14 33 1
27 34 1
1 35 3
26 36 3
17 37 3
36 38 2
5 39 3
27 40 12
39 41 3
10 42 3
1 43 13
43 44 13
38 45 3
1 46 2
16 47 3
32 48 3
7 49 3
6 50 2
22 51 3
36 52 1
42 53 2
5 54 4
2 55 3
35 56 3
47 57 12
52 58 5
1 59 3
1 60 19
33 61 3
7 62 1
40 63 2
52 64 2
35 65 1
23 66 3
27 67 2
36 68 2
4 69 2
25 70 3
56 71 5
3 72 8
58 73 2
25 74 3
2 75 2
17 76 1
67 77 3
21 78 1
20 79 3
42 80 2
17 81 3
53 82 4
71 83 2
13 84 4
79 85 3
1 86 1
25 87 3
79 88 3
82 89 5
12 90 3
75 91 2
53 92 3
6 93 3
57 94 2
92 95 1
88 96 3
91 97 1
2 98 2
2 99 1
27 100 3
6 101 6
41 102 2
55 103 3
40 104 10
3 105 3
68 106 3
93 107 2
36 108 4
16 109 3
31 110 3
6 111 4
77 112 3
71 113 2
80 114 2
43 115 2
4 116 2
7 117 3
47 118 3
81 119 2
112 120 1
47 121 3
13 122 3
63 123 3
83 124 3
84 125 4
4 126 1
102 127 3
124 128 1
6 129 1
61 130 2
129 131 3
83 132 1
97 133 3
31 134 1
72 135 3
15 136 3
49 137 1
116 138 1
68 139 3
103 140 2
38 141 2
136 142 1
6 143 13
86 144 1
47 145 10
118 146 18
67 147 3
118 148 1
72 149 4
44 150 1
46 151 3
107 152 2
128 153 2
118 154 1
48 155 7
93 156 2
71 157 7
37 158 3
138 159 2
115 160 2
148 161 3
83 162 3
159 163 2
163 164 3
95 165 2
74 166 18
7 167 1
13 168 2
92 169 3
36 170 4
69 171 2
59 172 3
148 173 2
114 174 2
138 175 1
138 176 1
82 177 16
85 178 3
175 179 3
150 180 3
104 181 10
167 182 2
13 183 7
44 184 1
9 185 1
78 186 2
182 187 2
89 188 3
8 189 1
89 190 1
172 191 2
40 192 3
53 193 3
168 194 1
110 195 3
125 196 3
6 197 3
184 198 2
45 199 3
186 200 1
109 201 3
54 202 3
125 203 3
155 204 2
155 205 3
13 206 3
52 207 4
173 208 3
179 209 2
128 210 3
80 211 1
111 212 2
141 213 1
24 214 2
123 215 3
187 216 2
12 217 2
130 218 2
33 219 3
14 220 2
33 221 3
113 222 2
136 223 1
191 224 1
157 225 6
136 226 2
19 227 2
195 228 3
181 229 3
217 230 1
177 231 1
36 232 2
145 233 1
15 234 2
220 235 2
35 236 1
204 237 3
145 238 2
54 239 2
202 240 3
120 241 1
26 242 1
13 243 1
23 244 2
19 245 2
135 246 3
145 247 2
224 248 3
185 249 3
242 250 4
68 251 2
161 252 3
5 253 1
57 254 10
194 255 3
239 256 3
77 257 1
150 258 1
255 259 2
152 260 1
140 261 3
164 262 1
214 263 3
177 264 5
164 265 2
219 266 7
137 267 1
183 268 3
78 269 2
161 270 2
128 271 3
79 272 2
119 273 3
85 274 3
78 275 1
223 276 3
197 277 2
229 278 2
53 279 3
253 280 2
82 281 16
255 282 1
22 283 3
20 284 5
94 285 1
157 286 8
4 287 3
180 288 3
285 289 1
125 290 3
174 291 1
11 292 3
194 293 2
223 294 1
192 295 3
20 296 4
293 297 2
120 298 3
44 299 5
4 300 1
183 301 4
80 302 7
151 303 2
215 304 2
122 305 2
140 306 3
117 307 2
87 308 2
118 309 2
52 310 1
304 311 2
168 312 2
289 313 2
45 314 1
139 315 2
109 316 3
181 317 1
284 318 17
34 319 1
168 320 1
53 321 2
210 322 3
72 323 18
201 324 2
309 325 2
250 326 2
127 327 1
226 328 2
252 329 3
230 330 2
206 331 3
229 332 3
227 333 3
281 334 19
169 335 2
81 336 2
158 337 3
148 338 2
295 339 3
259 340 3
173 341 1
136 342 3
108 343 1
146 344 3
228 345 3
258 346 3
82 347 11
161 348 2
87 349 3
214 350 1
125 351 2
252 352 1
102 353 3
48 354 1
78 355 3
51 356 1
181 357 3
166 358 11
197 359 3
203 360 2
222 361 2
328 362 3
183 363 13
141 364 1
218 365 3
34 366 2
120 367 2
238 368 2
321 369 2
276 370 1
130 371 1
195 372 3
291 373 2
259 374 9
137 375 1
323 376 18
134 377 1
27 378 1
17 379 3
232 380 2
31 381 1
320 382 3
306 383 3
362 384 2
278 385 2
58 386 3
217 387 2
331 388 1
115 389 3
308 390 3
289 391 1
357 392 3
354 393 5
389 394 1
61 395 1
91 396 1
132 397 2
232 398 1
387 399 3
26 400 3
51 401 1
92 402 2
146 403 18
87 404 1
395 405 3
34 406 3
183 407 3
322 408 3
225 409 1
334 410 1
408 411 3
212 412 2
273 413 3
268 414 3
170 415 4
63 416 3
48 417 3
36 418 9
21 419 3
102 420 1
254 421 11
201 422 3
181 423 3
67 424 3
376 425 1
89 426 2
112 427 3
240 428 3
168 429 1
284 430 3
207 431 4
117 432 2
156 433 2
249 434 2
65 435 1
33 436 3
48 437 7
292 438 2
328 439 2
319 440 1
195 441 2
31 442 2
240 443 3
262 444 3
162 445 3
213 446 2
350 447 2
291 448 15
163 449 1
148 450 3
1 451 11
185 452 3
302 453 3
93 454 2
224 455 2
316 456 3
394 457 1
410 458 1
253 459 2
246 460 1
7 461 3
186 462 3
149 463 4
420 464 2
120 465 2
61 466 1
456 467 1
462 468 3
198 469 3
74 470 11
27 471 5
302 472 13
113 473 1
244 474 1
382 475 2
299 476 3
70 477 2
380 478 2
46 479 2
190 480 1
365 481 3
444 482 2
127 483 1
120 484 1
420 485 2
168 486 1
282 487 3
434 488 3
202 489 1
90 490 2
80 491 1
374 492 9
326 493 2
111 494 3
336 495 3
280 496 1
147 497 3
444 498 3
329 499 3
279 500 2
101 501 2
56 502 3
496 503 2
146 504 1
196 505 3
470 506 15
437 507 1
419 508 3
113 509 2
401 510 1
297 511 1
267 512 2
437 513 3
198 514 2
344 515 3
307 516 2
221 517 2
230 518 1
311 519 3
225 520 18
413 521 2
219 522 5
330 523 2
412 524 3
56 525 3
79 526 2
136 527 3
331 528 2
156 529 1
414 530 3
110 531 1
480 532 3
457 533 3
423 534 1
290 535 2
179 536 3
8 537 2
240 538 2
260 539 2
484 540 2
214 541 1
367 542 3
383 543 2
65 544 2
228 545 2
534 546 1
493 547 3
211 548 1
426 549 2
128 550 3
50 551 3
7 552 2
58 553 3
422 554 3
204 555 3
386 556 1
235 557 2
130 558 2
293 559 1
198 560 3
123 561 2
484 562 1
21 563 2
38 564 1
251 565 2
308 566 3
280 567 2
436 568 1
206 569 1
54 570 3
43 571 2
222 572 2
371 573 2
434 574 3
493 575 3
305 576 2
299 577 3
440 578 1
237 579 1
418 580 1
206 581 1
262 582 1
541 583 1
463 584 1
194 585 1
548 586 2
58 587 2
148 588 2
220 589 3
255 590 2
410 591 3
504 592 1
52 593 13
562 594 1
482 595 2
397 596 1
536 597 2
160 598 2
199 599 3
311 600 1
279 601 2
387 602 2
269 603 2
528 604 2
72 605 15
554 606 3
425 607 3
48 608 2
333 609 3
41 610 3
57 611 3
212 612 1
558 613 2
127 614 2
304 615 3
161 616 3
291 617 3
510 618 3
262 619 3
111 620 1
441 621 2
356 622 3
77 623 3
279 624 3
135 625 2
138 626 1
36 627 2
474 628 3
583 629 1
320 630 2
464 631 2
25 632 2
264 633 5
265 634 3
87 635 2
479 636 3
258 637 3
44 638 3
532 639 2
586 640 1
197 641 3
67 642 2
398 643 6
22 644 3
639 645 1
309 646 3
211 647 3
573 648 2
603 649 2
393 650 5
354 651 7
437 652 5
23 653 1
30 654 1
591 655 3
435 656 3
542 657 3
632 658 2
136 659 3
492 660 9
109 661 2
503 662 1
36 663 2
399 664 3
602 665 1
576 666 3
272 667 3
170 668 1
472 669 1
354 670 3
441 671 2
191 672 1
375 673 2
36 674 3
581 675 1
514 676 3
125 677 3
478 678 2
173 679 3
636 680 2
239 681 1
169 682 3
222 683 2
344 684 2
653 685 3
285 686 3
197 687 1
34 688 2
576 689 2
348 690 2
347 691 3
421 692 17
26 693 1
451 694 3
329 695 1
544 696 2
60 697 1
69 698 2
322 699 1
665 700 1
112 701 1
207 702 1
210 703 2
391 704 1
420 705 2
327 706 3
334 707 2
645 708 2
223 709 3
274 710 1
34 711 2
400 712 1
128 713 3
639 714 2
637 715 2
430 716 1
129 717 3
707 718 3
125 719 5
138 720 1
692 721 18
394 722 3
522 723 3
596 724 3
455 725 1
357 726 2
611 727 3
299 728 7
28 729 3
349 730 1
428 731 1
712 732 3
131 733 3
3 734 4
404 735 3
340 736 3
319 737 4
163 738 1
570 739 2
108 740 4
135 741 2
681 742 2
329 743 2
284 744 13
637 745 3
447 746 2
522 747 3
317 748 3
746 749 1
324 750 2
77 751 3
534 752 1
427 753 1
406 754 1
588 755 3
344 756 1
277 757 2
414 758 3
217 759 3
8 760 2
69 761 1
57 762 1
432 763 3
218 764 1
483 765 3
77 766 1
367 767 2
654 768 3
630 769 2
620 770 3
646 771 1
713 772 1
98 773 2
407 774 3
328 775 3
436 776 1
85 777 3
620 778 2
113 779 3
455 780 10
57 781 3
726 782 2
363 783 13
262 784 1
213 785 3
670 786 1
98 787 1
475 788 1
444 789 1
785 790 3
744 791 2
282 792 3
597 793 2
188 794 1
650 795 2
35 796 2
541 797 2
312 798 2
542 799 3
254 800 2
439 801 1
485 802 3
749 803 3
37 804 1
432 805 4
447 806 3
16 807 2
603 808 1
497 809 2
701 810 2
788 811 1
110 812 2
18 813 2
155 814 5
499 815 2
613 816 2
509 817 3
493 818 2
394 819 2
397 820 18
534 821 2
764 822 2
426 823 2
578 824 1
514 825 1
226 826 3
451 827 2
274 828 2
615 829 2
399 830 3
322 831 3
499 832 1
684 833 3
397 834 3
102 835 2
621 836 1
17 837 3
68 838 1
519 839 2
182 840 1
297 841 3
671 842 1
446 843 3
112 844 1
661 845 3
12 846 2
542 847 3
308 848 2
362 849 3
192 850 1
299 851 2
260 852 3
661 853 1
722 854 2
815 855 1
675 856 2
54 857 2
404 858 2
319 859 2
85 860 3
768 861 2
661 862 2
450 863 1
753 864 3
388 865 2
826 866 2
663 867 3
398 868 7
92 869 3
271 870 1
437 871 2
187 872 3
25 873 1
564 874 3
609 875 2
358 876 11
647 877 3
608 878 1
555 879 3
60 880 3
128 881 3
804 882 3
405 883 1
413 884 2
14 885 3
172 886 1
2 887 2
60 888 18
41 889 2
76 890 1
874 891 2
645 892 2
376 893 18
197 894 3
109 895 5
157 896 4
829 897 2
799 898 1
781 899 2
218 900 1
253 901 2
642 902 1
635 903 2
706 904 2
806 905 2
480 906 2
876 907 3
740 908 1
505 909 1
265 910 1
45 911 3
893 912 18
654 913 2
114 914 2
296 915 4
730 916 3
802 917 1
548 918 1
894 919 3
397 920 2
890 921 2
815 922 1
436 923 3
164 924 3
277 925 2
228 926 2
542 927 3
580 928 2
900 929 3
461 930 1
493 931 3
49 932 2
282 933 1
30 101 2
99 173 2
176 189 1
63 191 3
167 194 3
51 197 3
128 212 3
192 216 3
172 242 3
225 242 4
165 245 3
121 247 3
259 266 7
31 275 3
99 276 1
123 279 1
41 280 3
78 285 3
189 290 2
40 291 10
189 294 3
242 295 2
11 297 2
89 297 2
257 329 1
275 332 3
278 338 1
224 346 1
190 358 1
83 377 3
56 388 3
225 397 15
309 397 1
213 401 1
137 404 1
309 412 1
387 417 3
87 419 2
6 421 9
250 431 4
315 431 2
24 434 2
291 437 8
305 445 1
435 447 1
4 451 3
358 451 11
92 452 1
122 453 3
3 455 11
74 456 3
359 458 1
234 460 2
235 460 3
168 461 3
270 462 3
321 462 3
332 463 3
359 463 4
282 465 1
227 479 2
389 479 3
213 482 3
302 488 3
287 490 1
300 496 2
72 500 6
433 502 2
252 511 3
395 511 3
411 512 1
223 516 5
337 519 3
366 520 2
188 528 2
153 535 2
494 536 3
220 537 1
142 543 1
473 545 1
326 547 3
202 551 2
13 553 3
301 558 5
500 558 6
154 566 2
221 567 2
55 573 2
364 574 2
74 577 2
485 582 3
519 583 2
280 585 2
545 589 3
318 593 13
165 594 3
224 598 3
286 604 2
470 605 15
604 606 2
31 618 3
228 618 3
490 622 3
79 624 3
519 627 2
471 633 5
386 634 3
112 639 2
15 643 6
52 643 7
411 643 3
600 648 2
274 651 7
301 652 5
598 652 1
132 653 2
588 653 2
59 656 2
263 657 3
624 658 3
26 660 2
279 665 3
420 666 3
175 670 1
647 671 2
281 674 3
400 675 3
305 677 3
70 679 2
71 681 3
354 692 2
288 696 1
475 699 3
62 703 1
362 703 3
285 707 1
475 710 3
99 712 3
265 713 1
626 715 1
712 717 3
403 719 16
227 720 1
520 721 18
498 722 1
91 725 2
324 725 1
623 725 3
60 727 3
223 728 4
650 728 7
17 730 2
555 732 2
531 736 1
493 737 3
506 737 15
439 739 2
640 740 2
390 741 2
692 741 3
43 744 13
670 746 2
192 749 3
367 749 3
200 751 3
644 752 2
419 755 3
99 757 3
26 763 2
444 766 2
386 770 3
275 771 2
60 774 3
27 780 10
270 780 3
389 782 2
164 784 2
155 790 1
297 792 3
297 795 2
185 798 1
293 798 2
641 801 2
244 803 3
195 805 2
448 808 3
742 813 2
101 814 5
782 817 2
1 820 18
805 820 6
793 828 2
804 828 3
617 834 3
604 842 2
46 843 2
506 845 3
122 847 3
249 848 3
103 852 2
313 853 3
517 856 3
167 857 3
272 862 2
658 862 2
658 865 3
682 866 3
855 867 1
433 869 2
191 870 1
719 876 11
656 877 1
319 881 3
737 888 18
249 892 3
230 894 1
838 894 1
522 895 5
415 896 4
440 902 3
258 905 2
19 906 2
359 906 1
861 908 2
573 909 2
698 910 2
728 913 1
302 915 4
819 922 3
326 924 2
913 925 3
390 926 2
603 926 2
521 931 2
892 933 2
934 1002 3
1005 1038 1
975 1051 2
1073 1079 3
1074 1089 1
1024 1116 1
1003 1118 2
977 1157 3
937 1162 2
1140 1165 1
1098 1166 1
1071 1176 2
959 1178 1
1117 1181 2
997 1208 3
1013 1218 2
1149 1226 2
1023 1227 2
961 1239 3
1027 1240 3
952 1243 1
1018 1246 3
1000 1250 1
1251 1259 3
939 1268 1
1083 1287 2
1223 1296 3
1283 1298 1
952 1299 3
1234 1300 1
1139 1302 3
1273 1308 2
1048 1336 3
1116 1345 3
1012 1350 3
1029 1368 1
1324 1369 1
978 1374 1
1276 1377 3
959 1379 3
1264 1381 1
1032 1387 2
988 1388 1
1192 1388 3
1081 1398 2
977 1399 3
1100 1404 2
1028 1406 1
1330 1411 3
1125 1414 2
1149 1414 1
1222 1418 2
994 1423 2
1310 1423 3
1123 1425 1
1426 1441 3
1380 1444 3
1251 1449 1
1308 1453 1
1088 1461 3
990 1468 3
1049 1471 3
1080 1472 2
1077 1475 1
1355 1477 1
983 1479 2
1425 1480 3
1011 1482 2
1095 1483 3
1299 1491 3
1347 1496 2
1053 1497 2
1380 1501 2
1224 1503 3
1088 1504 1
1226 1507 1
1087 1514 2
1508 1516 2
1130 1526 2
1446 1527 1
982 1528 1
1485 1529 1
1192 1531 3
1180 1533 3
1336 1536 3
960 1541 3
1410 1542 1
1509 1543 1
1241 1549 3
1526 1552 1
974 1554 2
1546 1554 2
1152 1559 3
1335 1561 3
1452 1561 2
1423 1566 2
1284 1571 1
1446 1575 3
987 1583 3
1373 1583 3
1570 1583 3
1217 1584 3
1355 1585 1
1563 1590 1
1338 1592 3
1516 1594 2
1197 1595 1
1391 1596 2
1166 1601 1
1142 1605 3
1122 1608 3
1362 1612 3
1611 1614 1
1339 1615 3
1233 1616 3
941 1618 2
1304 1618 2
1064 1626 1
1266 1626 2
1466 1626 2
1165 1631 2
1197 1638 2
1294 1641 3
1568 1655 3
1608 1656 3
1384 1672 2
1667 1672 2
1126 1682 1
1545 1684 3
1034 1686 1
1257 1687 1
1628 1688 2
1310 1693 1
1617 1696 1
1480 1699 1
1214 1700 3
1636 1701 3
1590 1706 1
991 1708 3
1283 1710 2
1170 1712 1
1334 1713 3
1241 1715 1
1455 1719 1
1476 1730 1
1651 1732 3
1035 1733 1
1504 1734 3
1255 1735 1
1335 1737 1
1068 1742 3
1511 1742 2
1161 1745 2
1365 1747 2
1187 1748 3
1601 1751 1
1180 1752 3
1174 1756 2
1010 1757 3
951 1759 1
1359 1760 3
1353 1762 3
1005 1763 1
1696 1764 2
1315 1765 3
1461 1765 1
1439 1768 2
1627 1768 3
1300 1770 2
1359 1770 3
1067 1774 2
983 1777 2
1007 1780 1
1302 1783 2
1455 1783 3
1185 1785 1
1288 1786 1
1402 1789 2
1774 1791 1
1685 1793 3
980 1794 1
1281 1794 2
1309 1795 3
1188 1801 3
1587 1801 3
1126 1803 1
1320 1803 1
1722 1803 3
1149 1805 1
1243 1805 2
1760 1805 1
1548 1806 3
1668 1807 3
1311 1810 1
953 1813 3
1148 1814 2
1303 1817 3
1680 1821 2
1381 1827 3
1526 1830 3
1516 1835 1
1396 1836 2
1516 1836 3
1765 1836 1
1759 1837 2
953 1840 2
1218 1840 2
1633 1841 1
1201 1842 1
1545 1842 3
1632 1842 1
977 1845 1
1332 1845 2
1483 1846 1
1393 1849 3
1628 1849 1
1232 1850 3
1820 1850 3
1108 1852 1
1723 1862 1
1386 1863 3
1853 1863 3
1799 1866 1
1167 1867 3
1313 1868 2
1836 1871 1
1775 1872 3
1462 1873 2
1011 1875 2
1060 1879 3
969 1883 1
1045 1883 3
1222 1884 3
970 1886 1
1596 1887 2
1551 1888 1
1527 1890 2
1553 1892 2
995 1894 3
1847 1899 2
1230 1901 2
1083 1903 3
1680 1905 2
1527 1911 3
1505 1912 1
1718 1915 2
1304 1917 3
1584 1922 3
1157 1923 1
1089 1926 3
1226 1935 2
1477 1938 2
1370 1940 3
1284 1943 2
1559 1945 2
1916 1946 2
990 1950 1
1779 1954 1
1018 1957 2
1887 1958 3
1937 1958 3
1568 1959 1
1196 1962 2
1835 1962 1
1460 1963 1
1581 1964 3
1586 1964 2
1512 1966 3
1344 1967 3
1389 1969 3
1858 1969 2
1064 1970 1
1696 1971 2
1605 1974 1
1168 1986 2
1546 1986 1
1083 1987 3
1654 1989 1
1807 1991 1
1833 1991 3
1205 1994 3
1665 1994 1
1802 1995 1
1865 1995 3
1002 1996 2
1150 1999 1
1087 2001 3
118 344 712 528 254 202 291 185 740 280 302 177 58 485 324 155 220 240 89 218 804 212 188 573 221 43 820 80 419 703 129 127 181 413 60 169 414 737 138 274 359 132 388 681 308 782 618 189 170 145 190 444 19 670 165 249 401 101 214 115 34 451 455 38
9 347 11
11 721 20
6 403 14
12 143 13
9 238 2
10 104 9
1 689 2
3 418 9
4 783 13
8 448 14
11 318 17
5 567 1
6 451 5
8 40 16
13 777 3
12 286 8
5 660 10
3 421 15
2 869 3
1 58 8
4 894 5
13 472 13
3 516 6
9 734 4
1 913 1
8 912 18
6 334 19
2 790 3
4 44 8
5 868 7