2002 596 24 14 34
1 2 21
2 3 16
2 4 15
2 5 8
2 6 14
4 7 8
6 8 3
4 9 5
5 10 8
3 11 7
10 12 2
1 13 21
13 14 19
7 15 15
8 16 4
7 17 6
10 18 8
2 19 9
4 20 10
19 21 9
9 22 8
11 23 2
4 24 3
4 25 3
10 26 4
19 27 16
19 28 3
16 29 6
20 30 3
20 31 2
13 32 18
6 33 6
20 34 13
20 35 8
30 36 2
16 37 5
18 38 3
30 39 12
26 40 2
5 41 2
15 42 15
5 43 8
8 44 5
33 45 3
6 46 6
17 47 6
4 48 14
3 49 10
46 50 12
11 51 3
32 52 3
32 53 1
45 54 8
2 55 6
17 56 3
44 57 2
32 58 11
7 59 2
58 60 16
30 61 2
60 62 16
3 63 10
29 64 1
58 65 16
15 66 5
35 67 8
32 68 3
53 69 2
30 70 6
46 71 1
65 72 16
41 73 2
43 74 8
47 75 2
10 76 3
18 77 1
34 78 20
14 79 16
6 80 3
64 81 1
13 82 9
7 83 4
37 84 8
12 85 3
26 86 2
43 87 6
14 88 1
26 89 3
79 90 9
38 91 3
58 92 11
24 93 1
18 94 2
50 95 2
1 96 2
2 97 3
6 98 2
70 99 3
37 100 3
92 101 11
21 102 2
39 103 12
9 104 1
76 105 2
50 106 19
63 107 2
43 108 1
49 109 5
7 110 3
58 111 3
3 112 7
52 113 2
70 114 2
8 115 1
44 116 2
13 24 14
20 24 6
8 30 2
25 33 3
22 34 8
14 49 16
18 50 8
49 54 8
21 58 6
46 58 6
49 61 2
57 66 2
36 69 2
8 70 1
13 70 4
34 73 2
7 74 8
8 75 2
43 75 2
45 84 8
6 87 6
47 97 3
44 99 3
26 101 16
55 101 7
8 104 2
55 107 2
46 116 1
146 244 2
215 313 2
192 315 1
323 333 3
328 342 3
248 349 2
281 352 1
167 387 1
284 408 2
374 408 1
348 419 2
153 452 2
245 464 1
256 470 2
310 472 1
307 475 3
213 477 1
427 483 2
150 489 1
283 510 2
375 511 2
303 516 2
493 528 1
144 534 1
452 540 1
321 553 2
131 605 3
360 612 1
340 641 1
419 658 1
189 664 3
215 666 2
538 682 2
559 683 2
309 692 1
431 698 1
684 704 1
337 710 1
420 716 3
451 718 2
531 727 1
151 729 2
342 733 2
259 738 3
678 743 2
498 754 2
642 754 2
291 767 2
407 768 1
416 772 1
282 774 1
589 774 2
772 775 1
725 783 3
473 789 2
430 811 1
463 813 1
557 817 2
616 823 1
373 825 2
701 833 1
580 835 1
499 836 2
777 845 2
780 849 3
286 852 2
549 854 3
635 858 3
468 862 2
375 865 2
576 868 3
809 872 3
567 877 2
344 879 2
459 891 3
880 892 1
669 905 3
376 919 3
857 922 1
588 925 2
208 926 2
258 940 1
833 941 3
224 943 3
908 948 3
443 950 1
854 954 3
382 955 3
140 957 1
214 957 2
150 958 1
904 958 2
938 961 1
745 963 1
463 966 1
598 968 2
706 979 3
509 985 1
480 994 1
698 996 2
221 999 2
534 1000 1
680 1001 1
893 1001 2
562 1002 1
210 1008 2
542 1009 1
568 1014 1
343 1015 2
254 1017 1
345 1017 1
211 1018 3
296 1018 1
756 1018 2
780 1018 3
641 1032 2
622 1036 3
204 1050 3
586 1058 2
503 1059 2
143 1064 3
955 1065 2
595 1070 3
601 1084 2
897 1084 1
826 1099 2
646 1103 2
988 1118 3
727 1119 2
153 1123 1
847 1123 3
142 1125 3
208 1125 3
253 1128 1
588 1130 1
733 1133 3
583 1135 1
518 1137 2
677 1137 2
451 1139 3
932 1148 3
853 1154 3
984 1154 2
1050 1154 1
453 1157 3
552 1161 2
956 1161 2
310 1164 2
1136 1166 2
559 1177 1
231 1180 3
710 1180 3
282 1186 2
965 1186 2
342 1198 3
1078 1200 2
620 1201 1
286 1208 1
1204 1215 3
283 1216 2
498 1217 1
330 1220 2
200 1222 3
1079 1227 3
174 1232 1
1232 1233 3
376 1234 3
1097 1242 3
1132 1247 2
1049 1249 2
669 1250 2
886 1250 2
1125 1263 1
375 1265 2
955 1265 2
750 1279 2
229 1284 2
737 1285 2
262 1289 1
1162 1290 1
956 1295 3
161 1296 1
868 1300 1
893 1300 2
946 1300 3
1283 1301 2
181 1308 2
517 1310 1
872 1321 3
1088 1322 3
645 1324 3
264 1326 2
1193 1329 3
563 1331 2
509 1333 2
810 1340 2
1308 1341 2
391 1351 2
679 1353 1
722 1353 1
1172 1355 1
814 1356 1
224 1364 3
700 1364 3
550 1376 3
978 1378 3
756 1383 3
344 1396 1
797 1399 1
1157 1402 1
288 1408 2
752 1415 3
758 1415 2
488 1416 2
1380 1419 3
645 1420 1
1023 1420 2
924 1437 3
147 1441 1
666 1442 2
269 1449 2
733 1454 2
204 1457 3
444 1458 1
540 1461 1
528 1467 2
784 1469 3
879 1479 3
776 1480 2
507 1488 1
432 1492 1
459 1493 3
291 1494 1
997 1495 2
568 1497 1
1404 1498 1
972 1500 2
1011 1501 2
1248 1503 1
449 1504 3
259 1505 3
991 1505 2
1322 1505 2
1202 1508 3
1344 1508 1
223 1510 2
1385 1512 3
1239 1514 1
1506 1518 3
321 1519 1
561 1525 1
122 1528 3
380 1528 3
131 1530 1
1375 1531 2
248 1532 1
451 1540 1
1040 1540 1
1103 1547 3
615 1548 3
1033 1549 3
698 1554 1
735 1557 3
547 1558 2
1445 1558 2
399 1561 2
753 1574 1
912 1575 2
1120 1577 1
267 1578 3
414 1579 1
881 1580 3
1184 1581 2
584 1588 1
1398 1593 2
1225 1594 2
217 1599 1
379 1600 3
1321 1601 1
1367 1603 2
1201 1609 1
1442 1609 2
464 1611 3
408 1614 2
1209 1615 3
533 1617 2
698 1620 2
1485 1620 2
169 1621 2
391 1621 3
1529 1623 2
524 1629 1
823 1636 1
1220 1640 3
1464 1640 1
811 1643 1
786 1645 1
1289 1647 1
815 1652 1
1364 1659 2
748 1661 3
514 1663 1
914 1675 1
532 1679 3
1641 1680 3
471 1684 3
1601 1684 1
680 1688 2
888 1688 2
134 1689 2
140 1689 3
1648 1694 3
1424 1695 1
954 1697 2
1343 1701 2
1598 1706 1
582 1707 1
440 1708 3
1351 1710 3
945 1712 2
1093 1716 3
1612 1716 2
413 1719 2
1155 1719 1
270 1723 2
1156 1725 1
1522 1726 1
801 1731 2
252 1732 3
584 1732 1
831 1734 3
663 1737 3
266 1738 1
735 1741 1
208 1743 1
1158 1746 2
722 1749 1
634 1754 3
1191 1755 3
819 1758 3
708 1762 3
1238 1770 2
1137 1773 2
1077 1777 2
618 1779 1
1022 1782 2
1082 1790 3
125 1791 2
1040 1791 3
1325 1792 2
446 1796 1
1682 1796 3
1684 1796 3
975 1802 1
188 1805 3
1555 1808 3
1715 1809 2
396 1812 2
486 1813 3
449 1814 2
333 1815 2
1796 1815 3
1620 1820 1
1285 1821 3
411 1822 2
1044 1827 1
1157 1831 1
124 1835 1
164 1841 3
1749 1841 2
889 1847 1
1558 1848 3
530 1854 1
1842 1855 2
1624 1858 3
389 1859 3
1277 1859 1
549 1864 3
1387 1864 2
1860 1866 1
544 1874 3
546 1874 2
1627 1874 1
644 1875 1
697 1875 3
1686 1875 3
831 1876 2
390 1880 2
507 1880 1
1324 1882 1
232 1884 1
1581 1887 1
232 1888 1
1433 1890 1
379 1891 3
328 1896 2
1303 1897 1
665 1898 2
1611 1902 1
196 1903 3
1806 1903 3
595 1906 1
589 1907 3
464 1908 3
999 1908 1
134 1910 1
1713 1910 3
1500 1911 1
336 1912 1
1571 1919 2
1075 1920 3
828 1922 2
1706 1923 1
912 1924 3
534 1931 1
1440 1932 3
1548 1932 2
857 1933 1
336 1938 3
1147 1939 2
944 1944 1
610 1949 2
1300 1951 2
1573 1951 2
1664 1951 1
1815 1951 3
820 1956 1
820 1958 1
1879 1958 3
325 1960 1
748 1962 1
1793 1966 2
310 1967 3
304 1968 1
1363 1970 3
498 1973 2
1902 1976 1
1744 1977 2
1824 1982 3
693 1985 3
1076 1985 3
1777 1986 2
417 1990 2
879 1990 3
1766 1990 1
1124 1996 1
1255 1996 2
1261 1998 3
1307 1998 1
1636 1998 1
401 1999 1
848 2001 1
319 2002 3
37 8 14 18 13 21 47 32 70 9 3 4 75 11 33 55 49 16 46 24 45 10 43 44
4 11 15
3 3 10
1 4 6
13 67 8
9 66 5
9 21 1
9 48 14
8 20 19
13 27 16
3 83 4
7 63 12
11 50 6
13 62 16
12 43 10
3 109 5
1 90 9
11 72 16
11 37 14
10 82 9
4 20 11
6 44 9
14 92 16
12 34 8
1 79 7
13 29 6
8 42 15
6 26 20
11 21 17
9 78 20
2 3 3
4 103 12
3 6 16
4 106 19
7 112 7