94 69 15 8 17
1 2 17
2 3 1
2 4 12
1 5 17
1 6 13
4 7 9
7 8 1
2 9 3
9 10 10
5 11 3
7 12 8
1 13 3
9 14 7
2 15 1
15 16 17
5 17 17
4 18 1
3 19 3
14 20 7
19 21 3
12 22 4
15 23 3
13 24 2
24 25 2
16 26 19
21 27 3
23 28 2
19 29 1
18 30 3
12 31 2
5 32 2
21 33 7
9 34 2
23 35 5
26 36 1
7 37 17
16 38 3
17 39 17
4 40 2
10 41 10
17 42 1
21 43 14
4 12 3
1 15 19
9 22 3
22 25 1
29 31 2
25 32 2
1 33 13
20 33 7
36 39 2
46 47 3
46 56 3
49 58 2
59 65 3
57 67 3
68 76 1
67 78 2
68 79 3
71 79 3
72 82 1
71 84 1
46 85 3
63 85 2
73 85 3
60 86 2
88 90 2
57 91 1
82 92 1
5 19 25 21 15 4 7 2 17 16 9 22 12 23 33
4 42 1
1 26 17
2 10 7
7 2 10
3 33 17
1 17 14
6 43 14
6 33 4
1 37 17
3 22 2
6 12 18
6 26 20
3 39 17
5 23 3
4 35 5
7 41 10
3 6 13