306 155 4 12 26
1 2 20
2 3 1
2 4 3
1 5 22
5 6 1
5 7 8
1 8 12
5 9 12
2 10 16
6 11 1
9 12 8
5 13 20
2 14 16
11 15 2
11 16 11
3 17 1
12 18 8
16 19 4
14 20 20
16 21 12
12 22 3
2 23 11
2 24 5
2 25 16
7 26 4
22 27 2
24 28 5
1 29 5
8 30 2
13 31 3
18 32 8
28 33 5
23 34 3
34 35 1
9 36 3
25 37 18
7 38 12
10 39 13
21 40 12
15 41 10
3 42 3
8 43 4
6 44 1
37 45 2
39 46 3
13 47 20
14 48 2
7 49 12
37 50 18
13 51 2
41 52 10
32 53 8
34 54 3
32 55 3
30 56 2
14 57 16
29 58 5
19 59 1
38 60 2
11 61 3
8 16 8
5 29 5
29 33 5
25 42 2
35 42 2
19 43 4
27 51 2
15 57 8
46 57 3
9 58 5
21 58 4
26 58 4
29 61 2
65 77 2
84 96 3
107 108 3
75 129 2
70 130 3
133 134 2
91 135 3
84 137 2
102 142 1
138 151 3
92 156 1
101 156 3
94 159 2
93 160 1
69 162 2
96 162 3
102 163 2
140 165 3
100 175 3
82 183 1
180 183 2
177 184 2
118 191 2
143 193 3
104 197 1
130 197 2
67 198 3
112 199 1
195 199 3
96 200 3
96 204 3
112 206 3
199 214 1
101 215 3
169 217 2
185 218 3
103 220 1
63 221 3
113 221 1
173 221 1
206 222 3
138 223 3
127 228 1
170 228 1
62 233 2
93 233 3
152 235 3
172 239 1
168 243 3
204 244 1
195 246 1
109 250 2
176 250 2
63 252 2
166 253 2
209 254 3
214 254 2
118 255 1
69 261 3
234 261 1
110 262 3
224 262 2
196 263 1
254 270 2
151 274 3
101 276 2
243 277 2
127 279 1
145 280 3
176 282 1
109 283 3
62 284 1
118 285 1
214 285 2
100 286 3
112 288 3
89 293 1
222 295 1
124 298 1
177 298 2
143 299 1
263 300 2
57 6 42 16
2 40 12
6 10 19
11 38 12
7 39 16
4 15 5
10 16 3
8 31 3
12 50 18
10 53 8
9 19 8
6 8 11
3 37 2
7 56 2
10 23 12
11 11 13
4 53 3
9 47 19
1 49 12
8 52 10
12 20 20
5 21 10
7 55 3
2 47 20
9 9 17
6 38 8
6 47 2