291 210 14 5 12
1 2 16
2 3 3
2 4 11
4 5 1
1 6 3
1 7 16
3 8 1
5 9 11
5 10 9
9 11 13
7 12 13
8 13 2
10 14 2
4 15 4
11 16 1
10 17 1
4 18 3
8 19 3
14 20 2
17 21 1
1 22 17
12 23 3
2 24 14
15 25 1
17 26 2
24 27 2
21 28 2
19 29 3
19 30 3
26 31 2
5 32 1
5 33 1
5 34 2
10 35 1
17 36 3
15 37 2
6 38 3
6 39 3
13 40 2
36 41 1
11 42 9
33 43 3
18 44 1
12 45 8
38 46 1
8 47 1
36 48 2
46 49 1
4 50 10
3 51 1
1 52 3
20 53 1
2 54 2
14 55 3
21 56 3
41 57 1
7 58 8
1 59 1
4 60 2
19 61 1
40 62 2
55 63 2
25 64 2
10 65 9
59 66 1
9 67 15
52 68 2
57 69 1
8 70 3
34 71 4
62 72 2
60 73 1
71 74 2
64 75 3
57 76 3
42 77 3
41 78 1
57 79 1
3 80 2
10 81 2
78 82 1
18 83 2
46 84 3
9 85 3
52 86 2
78 87 3
42 88 9
74 89 3
3 90 2
11 91 1
76 92 16
67 93 3
19 94 3
82 95 2
77 96 1
51 97 3
39 98 2
3 99 1
95 100 1
32 101 1
34 102 7
37 103 1
14 104 3
21 105 3
64 106 2
65 107 8
37 108 2
103 109 3
24 110 3
22 111 3
80 112 3
98 113 1
76 114 16
90 115 3
71 116 2
16 117 2
78 118 2
46 119 2
48 120 3
107 121 8
69 122 2
80 123 1
4 124 6
16 125 2
5 126 1
10 127 3
60 128 2
45 129 8
68 130 1
7 131 1
48 132 1
118 133 2
128 134 1
69 135 2
135 136 1
52 137 3
90 138 3
138 139 3
102 140 7
30 141 1
58 142 1
136 143 3
6 144 2
60 145 1
22 29 2
21 33 1
34 39 4
2 40 2
2 58 3
50 61 10
48 66 2
67 72 15
58 75 1
38 78 3
29 83 2
31 83 2
68 86 2
25 87 1
61 88 9
58 92 16
64 98 1
22 99 3
46 101 3
49 105 1
42 108 1
72 112 2
86 118 3
47 119 3
111 121 3
2 122 2
71 124 6
121 129 8
80 130 1
54 134 3
65 136 1
96 137 2
84 142 3
79 143 1
113 145 3
151 157 3
149 163 2
149 189 1
179 194 3
197 207 2
174 214 2
212 215 2
214 218 2
149 228 1
181 228 1
162 230 3
159 232 1
158 234 2
202 234 1
195 235 3
202 235 3
205 235 2
196 238 1
243 245 1
162 246 1
173 252 1
231 270 3
251 272 3
245 273 1
204 275 2
208 275 2
259 275 3
214 278 2
229 282 2
151 283 2
171 287 2
121 83 58 33 12 39 42 18 19 15 118 98 21 11
2 12 19
3 140 7
2 2 18
3 22 15
1 102 4
4 24 14
3 61 19
1 74 2
3 8 6
3 72 17
5 61 11
3 114 16