1995 1928 45 15 19
1 2 15
1 3 13
3 4 3
3 5 5
2 6 2
3 7 3
4 8 3
1 9 3
9 10 2
10 11 1
8 12 2
5 13 1
1 14 16
4 15 1
4 16 3
5 17 5
17 18 1
5 19 3
12 20 1
7 21 3
3 22 2
2 23 1
14 24 3
7 25 1
2 26 5
4 27 1
21 28 3
1 29 10
10 30 2
16 31 3
14 32 4
3 33 7
25 34 2
32 35 3
31 36 3
29 37 10
32 38 2
31 39 3
26 40 5
4 41 2
1 42 3
7 43 3
32 44 1
3 45 3
4 46 2
10 47 2
42 48 2
22 49 2
27 50 3
24 51 3
27 52 2
50 53 7
50 54 5
17 55 3
1 56 3
29 57 1
17 58 3
2 59 3
32 60 3
25 61 2
38 62 1
43 63 3
42 64 3
53 65 7
16 66 1
48 67 3
16 68 3
63 69 1
62 70 2
21 71 2
65 72 3
60 73 2
8 74 1
63 75 1
6 76 1
15 77 2
30 78 1
30 79 3
31 80 3
9 81 1
46 82 1
74 83 1
41 84 3
49 85 2
53 86 3
66 87 2
49 88 2
53 89 5
34 90 1
87 91 2
90 92 2
52 93 3
60 94 3
58 95 3
89 96 5
21 97 2
71 98 2
67 99 1
1 100 3
66 101 3
52 102 1
64 103 3
20 104 1
34 105 2
38 106 2
71 107 3
68 108 3
31 109 2
108 110 1
28 111 3
29 112 2
61 113 2
29 114 3
40 115 7
9 116 1
81 117 1
108 118 2
2 119 1
17 120 3
55 121 3
41 122 3
67 123 2
81 124 3
41 125 1
6 126 2
12 127 6
35 128 3
111 129 2
12 130 3
5 131 1
121 132 2
102 133 3
6 134 2
37 135 3
91 136 1
113 137 2
83 138 1
87 139 2
29 140 17
109 141 3
91 142 1
37 143 2
54 144 4
25 145 1
110 146 1
39 147 3
93 148 3
47 149 3
32 150 1
18 151 1
12 152 4
31 153 3
10 154 1
120 155 2
108 156 3
134 157 2
147 158 3
92 159 3
1 160 6
35 161 3
91 162 2
131 163 1
104 164 2
22 165 1
159 166 1
139 167 3
62 168 5
2 169 2
112 170 3
69 171 2
92 172 3
47 173 1
110 174 1
163 175 3
130 176 3
169 177 2
137 178 1
108 179 1
47 180 2
163 181 2
133 182 3
27 183 1
47 184 3
156 185 3
69 186 3
65 187 7
56 188 1
65 189 2
125 190 2
32 191 3
123 192 2
108 193 3
14 194 15
55 195 1
85 196 3
127 197 3
2 198 2
197 199 3
152 200 4
133 201 1
6 202 2
199 203 1
170 204 2
136 205 1
106 206 3
185 207 1
163 208 3
39 209 2
112 210 3
188 211 3
57 212 2
86 213 2
160 214 1
56 215 3
15 216 3
34 217 1
139 218 1
131 219 2
51 220 1
115 221 8
144 222 2
120 223 15
117 224 1
35 225 3
127 226 3
198 227 1
29 228 1
42 229 1
100 230 2
1 231 1
120 232 3
109 233 3
13 234 3
26 235 5
128 236 3
172 237 1
82 238 2
77 239 2
96 240 5
43 241 1
27 242 3
208 243 2
92 244 2
81 245 1
92 246 3
197 247 3
227 248 3
15 249 2
169 250 1
56 251 3
225 252 1
96 253 9
168 254 5
215 255 3
189 256 2
27 257 3
199 258 4
251 259 1
173 260 3
110 261 3
125 262 2
66 263 3
59 264 3
112 265 2
113 266 2
118 267 3
30 268 3
199 269 2
213 270 1
260 271 2
158 272 5
78 273 3
230 274 2
171 275 2
193 276 2
168 277 1
248 278 2
198 279 3
204 280 3
257 281 3
17 282 2
235 283 3
150 284 2
7 285 2
211 286 2
254 287 1
5 288 3
127 289 1
215 290 3
214 291 1
272 292 3
166 293 1
264 294 1
104 295 2
170 296 3
60 297 2
196 298 2
236 299 2
211 300 3
4 301 1
148 302 2
2 303 5
135 304 3
299 305 2
137 306 1
90 307 3
73 308 3
14 309 2
133 310 1
196 311 1
235 312 5
257 313 2
128 314 1
272 315 2
207 316 2
59 317 1
244 318 3
222 319 1
213 320 2
221 321 8
106 322 1
108 323 1
112 324 2
33 325 2
8 326 3
258 327 4
52 328 3
147 329 3
18 330 2
213 331 3
231 332 3
173 333 1
326 334 2
109 335 2
218 336 1
275 337 1
188 338 1
232 339 2
26 340 2
332 341 2
67 342 1
210 343 1
273 344 2
324 345 1
200 346 2
173 347 2
186 348 1
267 349 3
343 350 5
337 351 1
292 352 2
82 353 1
67 354 1
293 355 1
39 356 3
25 357 2
219 358 3
301 359 3
121 360 3
171 361 1
100 362 2
35 363 1
210 364 1
1 365 3
40 366 3
163 367 1
243 368 2
12 369 3
53 370 3
138 371 3
308 372 3
58 373 1
185 374 1
321 375 10
176 376 3
111 377 1
227 378 2
339 379 3
41 380 1
220 381 1
362 382 2
259 383 1
325 384 2
111 385 3
317 386 1
371 387 3
71 388 2
213 389 3
129 390 2
115 391 8
135 392 2
375 393 5
256 394 2
156 395 3
56 396 2
89 397 3
53 398 2
128 399 1
149 400 1
273 401 1
108 402 1
326 403 3
191 404 3
151 405 2
289 406 2
268 407 1
356 408 2
154 409 3
37 410 11
9 411 3
374 412 3
185 413 2
336 414 2
169 415 2
70 416 3
253 417 3
110 418 2
62 419 4
400 420 2
127 421 2
135 422 3
127 423 3
83 424 2
390 425 1
401 426 2
16 427 3
231 428 3
162 429 3
234 430 1
299 431 2
425 432 3
260 433 3
56 434 3
188 435 2
276 436 3
97 437 1
114 438 2
370 439 2
310 440 3
404 441 3
334 442 3
216 443 1
204 444 2
377 445 3
403 446 2
67 447 2
155 448 2
207 449 2
109 450 1
269 451 2
194 452 1
389 453 1
326 454 1
272 455 2
363 456 2
300 457 1
446 458 3
184 459 3
159 460 3
253 461 1
130 462 3
274 463 3
33 464 1
251 465 1
41 466 2
295 467 3
376 468 1
415 469 2
84 470 3
64 471 3
248 472 2
289 473 2
452 474 1
316 475 2
377 476 2
251 477 1
327 478 3
420 479 1
228 480 1
464 481 3
385 482 1
166 483 2
23 484 1
4 485 1
400 486 1
260 487 1
27 488 2
51 489 3
479 490 2
346 491 3
327 492 5
315 493 3
230 494 3
441 495 4
370 496 1
458 497 1
27 498 2
459 499 1
179 500 1
236 501 3
206 502 2
337 503 2
482 504 1
453 505 3
200 506 2
3 507 7
288 508 2
11 509 3
396 510 1
190 511 2
418 512 1
324 513 2
404 514 3
101 515 2
324 516 2
351 517 1
407 518 2
475 519 1
410 520 3
517 521 3
123 522 2
233 523 3
230 524 3
348 525 1
290 526 1
503 527 1
339 528 3
228 529 3
150 530 1
177 531 3
207 532 1
108 533 1
298 534 3
306 535 2
56 536 3
532 537 3
405 538 1
299 539 1
312 540 3
40 541 1
490 542 1
102 543 3
318 544 2
482 545 2
7 546 2
474 547 1
444 548 3
351 549 2
15 550 3
292 551 1
170 552 3
142 553 2
427 554 1
111 555 2
15 556 3
144 557 2
393 558 2
12 559 3
82 560 1
160 561 1
291 562 3
14 563 2
256 564 1
302 565 3
88 566 3
150 567 3
64 568 2
513 569 2
244 570 3
125 571 5
409 572 3
220 573 3
389 574 1
329 575 3
398 576 3
20 577 3
146 578 1
420 579 2
17 580 2
191 581 1
183 582 3
463 583 3
542 584 1
427 585 3
418 586 3
317 587 1
18 588 2
249 589 1
245 590 1
33 591 1
66 592 3
499 593 2
157 594 1
485 595 3
234 596 1
186 597 3
301 598 3
337 599 1
569 600 2
349 601 2
600 602 1
203 603 3
253 604 9
22 605 2
564 606 1
77 607 5
370 608 3
444 609 3
550 610 3
19 611 1
345 612 3
290 613 3
111 614 2
39 615 1
448 616 1
94 617 3
594 618 2
480 619 2
69 620 1
255 621 2
301 622 3
51 623 3
535 624 3
25 625 2
54 626 1
171 627 2
515 628 1
624 629 2
434 630 1
158 631 1
56 632 2
426 633 1
482 634 3
306 635 1
453 636 1
55 637 2
120 638 10
473 639 1
184 640 5
476 641 2
496 642 3
36 643 2
503 644 3
91 645 2
233 646 2
387 647 2
138 648 1
238 649 1
500 650 2
295 651 2
557 652 1
312 653 1
574 654 3
162 655 3
394 656 3
622 657 3
413 658 1
611 659 3
233 660 2
346 661 2
632 662 3
621 663 2
97 664 1
606 665 3
154 666 2
488 667 2
536 668 3
580 669 2
364 670 2
566 671 1
155 672 2
548 673 2
545 674 1
587 675 2
658 676 3
624 677 3
648 678 2
103 679 2
329 680 2
302 681 2
336 682 1
459 683 1
81 684 1
240 685 1
598 686 1
363 687 2
170 688 2
252 689 2
273 690 3
52 691 2
222 692 1
553 693 2
559 694 3
19 695 3
444 696 3
247 697 3
172 698 1
589 699 1
690 700 1
223 701 15
92 702 3
71 703 2
617 704 2
410 705 5
441 706 3
255 707 2
406 708 1
364 709 3
695 710 2
35 711 3
452 712 3
419 713 16
168 714 1
367 715 2
319 716 3
497 717 3
682 718 2
531 719 1
514 720 1
507 721 2
281 722 2
420 723 3
420 724 3
27 725 1
355 726 1
537 727 3
400 728 2
472 729 1
236 730 3
404 731 3
592 732 3
469 733 3
550 734 1
168 735 7
557 736 2
17 737 2
673 738 12
302 739 1
376 740 1
189 741 3
288 742 3
175 743 2
291 744 3
500 745 3
549 746 1
190 747 3
438 748 2
343 749 3
638 750 5
120 751 4
182 752 2
736 753 3
596 754 3
530 755 3
226 756 3
558 757 1
254 758 3
329 759 2
355 760 3
657 761 2
272 762 3
269 763 1
56 764 3
345 765 1
667 766 2
337 767 3
12 768 2
116 769 3
105 770 3
52 771 2
485 772 3
358 773 1
127 774 3
372 775 3
765 776 3
707 777 1
3 778 1
349 779 3
359 780 3
335 781 3
539 782 3
391 783 8
281 784 3
79 785 2
600 786 3
240 787 1
685 788 1
129 789 3
670 790 3
647 791 2
30 792 3
639 793 1
710 794 2
743 795 1
87 796 2
609 797 3
706 798 3
92 799 3
299 800 1
319 801 2
173 802 1
217 803 1
138 804 2
27 805 2
21 806 3
665 807 1
795 808 3
296 809 3
546 810 2
105 811 3
436 812 2
14 813 2
483 814 1
565 815 3
587 816 2
63 817 3
501 818 5
738 819 12
399 820 2
610 821 1
394 822 3
462 823 3
536 824 2
171 825 3
523 826 2
151 827 1
382 828 2
344 829 2
308 830 3
774 831 1
645 832 3
585 833 3
240 834 4
148 835 3
635 836 2
110 837 2
486 838 1
293 839 3
805 840 1
186 841 3
174 842 2
333 843 1
820 844 1
573 845 3
530 846 1
653 847 1
384 848 1
92 849 2
419 850 2
359 851 2
522 852 3
43 853 3
343 854 3
843 855 1
670 856 2
256 857 2
487 858 2
403 859 2
186 860 2
206 861 3
625 862 2
633 863 3
111 864 1
706 865 3
602 866 1
655 867 3
578 868 1
49 869 2
829 870 3
260 871 2
11 872 2
628 873 2
667 874 3
322 875 2
7 876 3
375 877 14
595 878 3
807 879 16
776 880 1
119 881 3
408 882 1
333 883 3
720 884 2
823 885 1
866 886 2
452 887 1
803 888 1
776 889 3
770 890 1
104 891 2
119 892 3
388 893 1
181 894 2
101 895 1
675 896 3
797 897 3
831 898 2
431 899 1
418 900 2
302 901 3
718 902 1
843 903 3
723 904 2
213 905 3
598 906 2
511 907 3
762 908 1
598 909 3
100 910 3
501 911 1
251 912 3
456 913 3
12 914 15
17 915 2
694 916 2
37 917 2
732 918 3
48 919 3
305 920 1
282 921 4
469 922 3
398 923 3
837 924 3
625 925 1
323 926 1
898 927 2
137 928 2
845 929 3
379 930 1
612 931 3
517 932 2
435 933 3
385 934 1
717 935 1
442 936 1
517 937 2
361 938 1
472 939 1
116 940 2
634 941 2
487 942 1
647 943 2
83 944 2
569 945 1
307 946 2
750 947 3
929 948 1
224 949 3
589 950 3
264 951 1
668 952 2
479 953 2
751 954 3
125 955 1
904 956 2
58 957 3
257 958 1
743 959 2
867 960 2
835 961 2
599 962 2
584 963 3
849 964 1
607 965 5
434 966 3
689 967 2
123 968 1
137 969 3
158 970 3
174 971 3
771 972 1
166 973 2
272 974 2
683 975 1
724 976 1
169 977 1
779 978 2
468 979 1
934 980 1
393 981 3
857 982 2
575 983 3
436 984 3
171 985 3
944 986 1
325 987 3
48 988 2
117 989 3
94 990 1
166 991 1
450 992 1
161 993 3
15 994 3
472 995 3
362 996 2
681 997 3
658 998 2
23 999 2
896 1000 3
920 1001 2
693 1002 3
803 1003 2
628 1004 2
437 1005 3
982 1006 1
957 1007 2
308 1008 2
248 1009 2
644 1010 2
621 1011 1
15 1012 2
759 1013 2
72 1014 1
556 1015 3
774 1016 1
503 1017 2
165 1018 1
25 1019 2
949 1020 2
705 1021 5
609 1022 2
978 1023 1
549 1024 2
1011 1025 3
442 1026 2
1001 1027 1
673 1028 2
657 1029 1
964 1030 3
221 1031 3
900 1032 3
548 1033 3
924 1034 1
812 1035 3
535 1036 2
779 1037 1
485 1038 2
372 1039 1
629 1040 3
505 1041 1
184 1042 2
923 1043 3
850 1044 1
574 1045 1
513 1046 1
959 1047 1
645 1048 1
60 1049 2
673 1050 3
188 1051 2
61 1052 3
933 1053 2
565 1054 1
104 1055 3
342 1056 2
973 1057 3
853 1058 3
952 1059 1
363 1060 3
314 1061 3
985 1062 2
920 1063 2
97 1064 1
264 1065 1
919 1066 3
129 1067 3
348 1068 3
712 1069 3
443 1070 3
1058 1071 1
385 1072 3
648 1073 1
559 1074 1
444 1075 1
690 1076 1
864 1077 2
472 1078 3
723 1079 1
988 1080 2
60 1081 1
1035 1082 1
583 1083 1
1005 1084 3
946 1085 1
580 1086 1
761 1087 3
1010 1088 2
506 1089 1
888 1090 2
818 1091 2
896 1092 2
282 1093 4
667 1094 2
883 1095 3
908 1096 1
67 1097 1
526 1098 2
258 1099 3
579 1100 1
171 1101 3
535 1102 3
24 1103 1
216 1104 2
55 1105 1
898 1106 2
239 1107 3
243 1108 3
970 1109 3
536 1110 3
748 1111 1
113 1112 2
615 1113 3
35 1114 1
234 1115 2
883 1116 2
1043 1117 2
888 1118 1
827 1119 1
657 1120 1
329 1121 1
832 1122 1
581 1123 1
924 1124 1
439 1125 3
957 1126 3
55 1127 2
762 1128 2
440 1129 1
2 1130 9
250 1131 2
557 1132 3
561 1133 3
364 1134 3
501 1135 3
622 1136 2
469 1137 2
449 1138 6
505 1139 3
113 1140 2
709 1141 3
804 1142 1
162 1143 2
1112 1144 2
7 1145 3
867 1146 2
1000 1147 3
818 1148 5
751 1149 1
1021 1150 5
733 1151 1
147 1152 3
130 1153 1
592 1154 3
539 1155 3
631 1156 3
1102 1157 2
698 1158 1
869 1159 1
1023 1160 3
50 1161 1
805 1162 1
569 1163 3
393 1164 1
40 1165 2
912 1166 1
930 1167 3
176 1168 2
1010 1169 1
289 1170 3
271 1171 2
256 1172 3
976 1173 3
1043 1174 3
1 1175 2
277 1176 1
614 1177 2
664 1178 3
1131 1179 2
97 1180 2
21 1181 1
880 1182 2
790 1183 3
382 1184 1
428 1185 1
552 1186 2
685 1187 1
464 1188 3
986 1189 1
193 1190 3
827 1191 1
512 1192 1
283 1193 3
18 1194 3
442 1195 3
240 1196 2
442 1197 1
241 1198 1
774 1199 1
886 1200 2
1147 1201 3
731 1202 2
783 1203 8
462 1204 3
405 1205 2
32 1206 5
621 1207 3
246 1208 3
287 1209 1
818 1210 5
71 1211 2
665 1212 2
600 1213 3
1050 1214 3
646 1215 2
514 1216 2
625 1217 3
1187 1218 2
801 1219 2
1066 1220 2
536 1221 3
880 1222 1
517 1223 2
391 1224 1
728 1225 2
390 1226 1
191 1227 1
590 1228 3
898 1229 1
371 1230 2
1157 1231 1
704 1232 1
180 1233 1
489 1234 3
358 1235 2
407 1236 1
471 1237 2
848 1238 1
1090 1239 3
475 1240 2
130 1241 3
385 1242 3
669 1243 1
912 1244 2
946 1245 3
92 1246 3
764 1247 1
558 1248 2
1178 1249 1
917 1250 3
1008 1251 1
169 1252 1
610 1253 2
713 1254 3
485 1255 1
1130 1256 3
757 1257 2
1210 1258 6
688 1259 2
244 1260 2
476 1261 3
194 1262 1
986 1263 1
668 1264 3
51 1265 1
1093 1266 7
126 1267 2
185 1268 3
1018 1269 1
1042 1270 3
766 1271 3
374 1272 2
312 1273 3
804 1274 2
915 1275 2
861 1276 2
731 1277 2
836 1278 2
927 1279 2
1102 1280 1
1041 1281 2
1075 1282 1
1193 1283 1
619 1284 3
1260 1285 3
340 1286 1
688 1287 3
841 1288 3
328 1289 2
135 1290 2
720 1291 3
236 1292 2
746 1293 2
455 1294 3
961 1295 2
1268 1296 3
1070 1297 1
513 1298 1
79 1299 2
1026 1300 1
773 1301 3
257 1302 1
173 1303 3
760 1304 2
1236 1305 3
328 1306 3
957 1307 3
1078 1308 1
743 1309 3
1283 1310 1
5 1311 1
887 1312 2
435 1313 2
640 1314 3
656 1315 1
824 1316 1
756 1317 1
681 1318 2
1022 1319 3
628 1320 2
1244 1321 2
293 1322 1
633 1323 1
406 1324 2
613 1325 1
597 1326 1
321 1327 2
203 1328 2
1193 1329 1
299 1330 2
60 1331 3
347 1332 3
319 1333 3
1084 1334 3
244 1335 3
694 1336 2
578 1337 1
887 1338 3
535 1339 2
1054 1340 1
713 1341 3
22 1342 2
780 1343 2
1080 1344 1
77 1345 5
859 1346 3
343 1347 2
1225 1348 2
1201 1349 3
692 1350 2
394 1351 2
678 1352 1
944 1353 2
1164 1354 3
466 1355 1
991 1356 3
1117 1357 2
200 1358 1
1221 1359 3
1309 1360 1
458 1361 3
760 1362 1
1337 1363 1
734 1364 2
360 1365 2
307 1366 3
87 1367 3
471 1368 2
570 1369 2
5 1370 1
113 1371 3
69 1372 1
903 1373 1
1063 1374 1
125 1375 3
390 1376 2
66 1377 2
204 1378 1
199 1379 2
1302 1380 1
303 1381 3
1123 1382 3
1282 1383 1
994 1384 1
62 1385 1
813 1386 3
1313 1387 3
830 1388 3
21 1389 1
225 1390 2
669 1391 1
12 1392 9
182 1393 2
457 1394 3
1049 1395 1
565 1396 2
851 1397 1
1326 1398 1
1087 1399 3
901 1400 2
1258 1401 2
203 1402 2
486 1403 2
1318 1404 3
9 21 3
68 125 3
50 127 4
124 152 4
84 156 2
125 158 5
154 183 1
9 185 2
171 195 3
107 199 3
32 200 4
17 209 2
36 209 1
104 209 2
48 222 3
215 226 1
117 236 1
222 266 2
69 274 3
9 277 3
73 303 2
71 308 3
124 313 2
249 317 1
204 331 2
280 347 1
338 347 2
158 350 5
246 351 3
112 363 2
38 366 3
46 376 2
225 386 2
359 393 1
250 410 3
287 411 2
316 421 2
226 431 2
365 442 1
50 443 2
1 449 6
304 462 1
168 467 10
132 468 3
203 482 1
68 488 2
466 488 3
376 501 3
29 502 3
473 509 2
452 526 2
144 530 3
124 546 3
467 546 10
507 546 7
54 556 1
244 557 3
468 560 1
157 562 1
97 566 1
314 569 2
2 572 3
530 572 3
189 574 2
181 578 2
540 585 3
459 592 3
522 593 3
212 624 3
471 626 1
193 633 2
249 636 3
314 636 2
18 638 2
288 646 2
66 647 1
313 666 2
321 673 11
426 675 1
196 677 3
667 677 3
381 681 1
305 683 3
256 684 5
529 688 1
511 691 2
654 691 3
70 692 2
486 694 3
114 697 2
277 699 2
266 700 2
672 700 2
429 702 3
498 704 3
541 713 2
272 717 1
602 723 3
178 737 1
619 739 3
446 751 3
163 753 3
551 765 3
308 779 1
476 779 1
67 780 3
108 780 1
157 781 2
579 782 1
139 788 1
79 789 2
521 794 1
504 796 1
394 803 2
622 806 3
224 807 3
193 808 2
415 813 1
5 814 2
416 815 2
607 816 1
346 824 2
19 828 3
393 828 3
351 838 2
570 840 2
828 840 2
224 845 1
811 853 2
458 854 3
669 854 1
779 859 3
236 862 2
688 863 3
640 867 5
309 869 2
246 875 3
646 875 1
194 879 16
469 881 2
743 884 3
752 884 1
208 889 2
307 890 1
414 891 1
456 891 1
572 892 3
646 899 3
675 899 3
476 901 1
499 904 2
765 904 3
460 908 2
505 908 3
885 912 3
39 920 3
327 921 4
113 922 3
561 923 3
408 929 3
718 929 1
743 929 1
608 931 3
52 935 3
853 935 3
7 940 2
376 941 2
248 945 3
889 948 1
16 949 13
125 949 3
451 949 2
806 951 2
301 954 1
780 964 2
750 965 5
15 967 2
788 969 1
201 970 1
809 970 3
17 973 3
121 980 1
297 980 3
113 986 2
610 991 1
634 992 3
341 1000 1
166 1002 3
489 1003 1
556 1004 3
70 1007 1
890 1013 3
293 1019 3
232 1024 2
777 1025 2
846 1026 3
817 1033 3
622 1042 2
67 1047 1
570 1049 2
803 1051 1
1009 1052 2
472 1056 3
48 1058 3
679 1063 3
648 1067 3
801 1069 2
770 1074 3
186 1082 1
400 1085 1
926 1087 3
543 1092 3
813 1093 2
973 1093 3
46 1095 1
615 1096 1
359 1098 1
734 1100 1
317 1107 2
750 1108 1
834 1110 3
894 1113 1
665 1119 3
172 1126 1
60 1131 2
213 1132 2
214 1133 3
450 1133 2
865 1133 3
315 1134 1
357 1135 2
272 1138 6
652 1138 1
307 1142 2
594 1142 2
400 1146 3
492 1148 5
701 1150 15
532 1152 3
560 1152 1
968 1155 1
878 1160 3
150 1163 2
612 1163 3
839 1163 2
984 1163 1
834 1167 1
759 1168 3
1065 1169 2
531 1170 2
711 1171 3
1152 1171 1
380 1172 3
476 1175 3
650 1175 1
195 1176 2
831 1179 1
621 1187 2
146 1188 1
252 1192 1
733 1192 1
815 1192 1
800 1198 1
234 1201 2
312 1203 2
735 1203 7
533 1204 2
1 1208 2
550 1208 2
13 1211 1
676 1211 1
648 1213 1
410 1216 4
749 1216 3
107 1217 3
774 1217 2
962 1221 3
281 1225 1
907 1225 3
492 1226 3
528 1230 3
884 1231 1
1210 1231 3
323 1236 2
903 1237 1
1023 1238 1
1121 1239 3
531 1240 2
33 1242 5
850 1242 5
1172 1242 4
1052 1243 3
92 1244 2
190 1246 3
1169 1246 1
569 1248 2
45 1249 3
160 1258 6
987 1259 2
101 1262 2
755 1262 1
247 1264 2
803 1265 2
187 1266 7
1177 1267 3
1052 1273 3
169 1279 2
256 1279 2
727 1281 3
1247 1281 3
562 1283 3
944 1283 1
1036 1287 1
163 1292 2
357 1292 1
1160 1293 1
46 1295 3
301 1298 3
566 1298 1
21 1307 2
413 1309 3
806 1313 3
540 1316 1
85 1317 2
1067 1318 2
217 1319 1
416 1320 2
807 1332 3
387 1335 2
978 1336 1
973 1338 1
1023 1340 3
872 1341 2
799 1344 2
1206 1345 5
1078 1346 2
883 1348 2
1080 1348 1
336 1351 2
486 1353 1
113 1355 2
294 1356 3
1142 1357 3
381 1359 1
496 1363 1
176 1367 3
1133 1367 3
1280 1368 2
803 1369 3
71 1375 3
1098 1375 1
165 1378 3
149 1381 3
403 1384 1
64 1386 1
426 1387 2
1254 1388 3
494 1390 2
1130 1392 9
153 1393 3
255 1393 2
520 1393 2
643 1393 2
407 1395 3
595 1395 1
1035 1398 2
1140 1404 2
1416 1431 3
1444 1495 3
1408 1497 2
1420 1507 1
1409 1508 3
1428 1512 1
1445 1520 2
1499 1535 2
1523 1537 3
1478 1540 2
1507 1546 3
1493 1548 2
1422 1552 2
1495 1552 2
1411 1564 3
1533 1594 2
1410 1608 1
1416 1608 3
1437 1611 3
1518 1621 3
1500 1629 1
1641 1645 2
1475 1646 3
1622 1647 3
1641 1659 3
1431 1660 1
1463 1669 1
1625 1676 3
1432 1677 3
1636 1684 3
1524 1686 2
1519 1687 2
1671 1688 2
1530 1691 3
1408 1693 2
1662 1696 1
1566 1701 1
1476 1702 3
1526 1703 2
1643 1709 3
1527 1710 2
1497 1715 1
1426 1721 1
1465 1722 3
1521 1722 2
1548 1723 1
1598 1726 2
1600 1727 1
1636 1727 2
1437 1733 2
1437 1735 2
1522 1737 3
1458 1741 3
1587 1741 2
1750 1752 3
1667 1754 1
1699 1763 2
1520 1764 1
1552 1765 1
1758 1774 3
1653 1775 2
1754 1776 1
1659 1781 2
1764 1784 1
1777 1788 1
1552 1793 2
1468 1799 3
1419 1804 2
1798 1808 1
1707 1814 1
1422 1823 1
1651 1828 1
1691 1828 1
1731 1830 3
1413 1831 1
1551 1831 1
1485 1836 2
1695 1838 3
1493 1840 3
1593 1840 3
1825 1840 3
1519 1848 2
1799 1849 3
1773 1863 3
1581 1866 3
1631 1866 1
1799 1867 3
1710 1868 1
1559 1870 3
1444 1874 2
1570 1875 3
1414 1876 3
1741 1878 3
1796 1880 1
1616 1883 3
1714 1885 2
1845 1885 1
1875 1885 2
1508 1889 2
1563 1889 1
1684 1897 1
1786 1898 1
1846 1898 3
1481 1909 3
1760 1909 3
1730 1910 1
1779 1910 2
1718 1911 1
1785 1912 1
1899 1913 2
1564 1914 2
1584 1914 1
1831 1915 1
1700 1916 2
1581 1919 3
1596 1923 2
1638 1924 1
1776 1924 2
1535 1928 2
1653 1928 1
1570 1934 3
1430 1935 1
1565 1938 1
1625 1942 3
1725 1944 3
1751 1944 1
1747 1945 2
1741 1946 3
1701 1947 1
1522 1954 1
1769 1954 2
1688 1955 3
1733 1955 3
1921 1955 1
1901 1958 2
1814 1961 2
1612 1964 2
1571 1965 2
1575 1970 1
1725 1973 2
1430 1974 2
1843 1975 1
1952 1980 3
1662 1982 2
1903 1982 3
1753 1983 1
1512 1984 1
1565 1985 1
1469 1986 3
1849 1987 1
1641 1988 2
1730 1989 3
1938 1990 3
1416 1992 3
1702 1992 3
1711 1992 1
1824 1992 1
1597 1994 3
158 129 898 215 804 638 240 65 592 207 343 51 1187 31 387 670 1313 22 55 779 579 165 499 1348 733 49 327 475 398 640 73 381 507 419 289 647 404 371 850 68 170 980 912 827 351
9 833 2
12 1154 2
9 501 3
14 877 14
11 1150 20
7 807 17
11 254 5
10 240 7
15 140 17
8 713 19
11 949 15
4 684 6
15 819 12
12 50 16
15 495 4
2 571 5
9 914 15
3 879 19
11 604 9