304 101 7 5 12
1 2 20
2 3 19
2 4 10
4 5 2
3 6 4
3 7 2
3 8 12
3 9 3
8 10 1
3 11 3
4 12 7
3 13 21
4 14 4
11 15 2
8 16 7
12 17 7
8 18 17
3 19 1
8 20 19
1 21 19
19 22 2
16 23 7
6 24 6
22 25 2
14 26 2
23 27 7
14 28 3
11 29 2
13 30 20
6 31 3
4 32 4
9 33 3
31 34 3
33 35 4
13 15 2
20 25 19
21 25 19
6 29 5
27 29 2
29 32 1
32 33 4
24 34 6
45 66 2
38 71 2
72 79 1
70 81 1
39 113 3
96 122 3
65 129 2
85 131 1
80 135 1
113 156 2
71 189 2
130 189 1
125 190 1
95 202 3
160 209 3
127 211 3
62 212 3
186 213 2
176 214 3
79 221 3
162 222 2
106 231 1
81 239 3
96 240 2
237 240 3
48 241 2
104 244 3
91 246 3
114 246 2
154 247 2
218 247 3
209 248 2
102 249 3
122 252 1
168 254 3
112 261 2
75 262 1
231 262 2
246 264 2
120 267 1
130 267 3
166 267 3
38 268 1
113 271 3
174 271 2
197 273 2
135 275 1
101 277 1
132 277 3
212 282 1
86 285 2
183 286 1
105 290 2
264 293 2
269 296 2
222 299 3
192 300 1
74 302 2
54 303 3
25 11 6 3 4 2 32
2 17 7
2 30 20
1 27 8
3 35 4
2 34 9
5 14 3
3 12 6
5 9 5
5 28 1
4 32 3
5 3 7
2 18 17