995 468 52 6 9
1 2 5
1 3 13
1 4 7
1 5 9
3 6 2
4 7 1
5 8 3
6 9 2
6 10 2
4 11 2
7 12 3
12 13 2
11 14 1
8 15 2
9 16 1
5 17 9
14 18 2
12 19 3
2 20 1
17 21 3
18 22 3
15 23 1
2 24 2
5 25 2
21 26 3
9 27 2
21 28 3
13 29 2
3 30 6
12 31 1
11 32 3
8 33 1
3 34 1
17 35 9
18 36 3
16 37 2
23 38 3
14 39 3
26 40 7
40 41 4
4 42 2
9 43 1
15 44 2
43 45 2
25 46 1
44 47 2
41 48 1
40 49 3
49 50 2
23 51 3
26 52 3
49 53 1
25 54 3
20 55 3
49 56 1
3 57 2
43 58 6
38 59 3
44 60 3
39 61 3
4 62 2
40 63 1
41 64 4
64 65 2
35 66 9
38 67 1
27 68 3
12 69 3
37 70 2
48 71 1
3 72 7
47 73 3
27 74 3
44 75 1
4 76 1
11 77 1
55 78 3
64 79 2
13 80 1
72 81 3
50 82 3
72 83 13
83 84 13
74 85 3
65 86 3
30 87 7
83 88 3
70 89 2
17 90 3
4 91 3
20 92 1
74 93 2
33 94 2
37 95 2
19 96 3
64 97 1
92 98 3
66 99 18
12 100 2
75 101 2
15 102 3
18 103 3
25 104 2
49 105 1
94 106 2
72 107 2
64 108 2
8 109 3
73 110 2
76 111 3
23 112 3
63 113 3
38 114 3
101 115 1
13 116 2
73 117 2
57 118 3
92 119 1
43 120 3
5 121 2
78 122 3
35 123 2
34 124 3
33 125 1
58 126 1
111 127 2
93 128 2
44 129 3
109 130 3
117 131 1
24 132 1
122 133 1
16 134 1
87 135 1
125 136 1
18 137 2
94 138 3
62 139 2
34 140 2
17 141 3
11 142 3
111 143 1
17 144 1
122 145 2
32 146 3
23 147 2
118 148 1
85 149 3
66 150 1
120 151 3
38 152 1
28 153 2
84 154 1
119 155 2
67 156 2
61 157 1
22 158 3
103 159 3
101 160 1
125 161 2
33 162 3
145 163 1
111 164 3
75 165 1
147 166 2
76 167 1
161 168 3
113 169 1
127 170 1
121 171 3
110 172 19
137 173 2
123 174 3
167 175 3
31 176 2
175 177 2
125 178 3
177 179 1
100 180 3
44 181 2
100 182 3
22 183 3
112 184 3
29 185 3
43 186 3
118 187 3
89 188 1
157 189 3
5 14 3
8 19 1
14 33 1
11 34 2
25 34 1
4 43 6
46 53 3
9 60 1
22 64 3
66 68 3
23 74 3
51 75 1
31 83 3
86 91 2
81 94 2
27 95 3
91 103 1
47 110 3
109 119 2
24 120 2
68 125 2
96 125 1
85 129 2
103 130 1
99 136 1
129 136 1
79 143 3
127 143 2
86 145 2
124 146 2
81 147 2
63 149 2
98 150 2
13 152 2
124 156 3
42 160 1
49 160 3
108 160 1
117 162 2
86 163 2
19 164 1
30 164 3
146 164 1
150 167 2
151 167 3
103 168 3
106 169 1
140 169 2
165 170 1
159 174 1
173 176 2
2 177 5
110 177 5
7 179 1
59 179 3
49 181 2
86 181 2
14 182 3
131 185 1
140 185 1
49 187 1
207 221 2
202 242 2
239 271 2
257 278 3
235 289 3
201 291 1
294 306 3
271 321 1
303 332 3
217 333 2
275 353 1
215 361 3
234 371 1
194 390 3
365 403 2
205 408 2
223 412 3
345 416 3
440 445 1
413 452 1
322 465 3
330 465 2
262 467 2
398 467 1
404 482 2
455 482 3
351 496 1
219 497 2
203 503 1
501 505 1
493 511 1
464 513 1
437 516 3
419 522 1
488 524 1
383 526 3
305 530 1
394 532 1
343 533 1
346 538 2
332 540 1
289 544 1
490 552 2
517 556 1
282 567 2
422 567 1
266 568 2
201 575 2
358 575 1
446 579 2
463 581 2
468 581 3
523 582 2
261 590 2
498 593 3
545 601 1
445 607 2
534 607 2
559 607 1
316 617 1
465 618 1
234 621 1
193 622 2
595 625 3
239 629 1
378 629 3
548 634 3
267 637 2
564 640 1
409 642 3
601 646 1
539 648 1
382 652 2
504 653 1
633 654 3
462 658 2
556 663 2
314 667 3
369 670 2
443 671 2
533 673 1
438 677 2
608 685 2
684 687 1
528 692 2
596 693 1
446 694 1
387 701 1
277 703 1
391 704 2
357 708 3
319 710 1
525 714 3
403 715 1
629 719 3
237 720 3
593 722 2
282 731 1
463 739 2
597 741 3
348 744 3
638 746 2
498 753 3
347 757 3
631 757 3
553 759 1
310 761 1
344 761 3
513 764 3
592 764 2
601 764 3
360 768 3
478 768 2
503 774 1
520 779 2
541 779 2
416 780 3
312 783 2
476 785 2
539 786 2
620 788 2
760 788 1
692 795 3
362 797 1
661 802 2
566 804 2
782 808 2
490 809 2
578 813 3
581 813 2
668 815 2
324 817 2
780 819 2
322 821 2
425 821 1
305 823 2
481 824 3
651 825 2
751 833 3
258 834 2
545 842 1
733 842 2
717 845 1
600 846 3
472 848 2
371 849 1
671 850 3
219 852 3
281 853 3
474 855 1
811 855 1
527 856 1
659 856 2
401 857 2
412 857 1
762 862 1
826 865 3
789 866 1
458 868 3
666 868 2
324 869 2
497 873 1
818 873 2
539 876 3
446 882 1
310 883 3
545 885 2
810 887 1
704 890 1
880 892 1
796 895 2
473 903 2
523 903 1
778 905 1
594 914 2
456 915 2
771 917 3
523 927 1
286 929 3
373 930 1
877 933 3
263 937 1
381 943 3
568 949 2
494 951 3
829 952 2
561 953 1
584 953 2
927 954 3
229 957 1
676 961 1
565 962 2
915 962 1
503 963 3
708 965 2
934 965 2
216 966 2
216 967 3
450 967 2
199 968 1
295 970 2
385 973 2
621 973 1
348 974 1
237 975 1
363 977 2
926 977 2
856 978 1
720 979 3
641 983 2
486 984 3
566 984 1
324 985 3
959 988 1
636 989 3
845 989 2
341 990 1
560 990 1
248 992 3
127 27 179 35 18 24 110 11 3 167 94 75 9 125 118 4 16 86 109 26 66 72 6 100 19 33 30 22 31 34 76 5 68 119 64 14 124 145 17 140 120 7 40 13 2 150 43 169 25 20 103 117
6 84 13
6 26 11
1 58 6
3 87 7
4 99 18
4 3 17
6 139 1
4 178 3
4 172 19