592 598 44 12 19
1 2 18
1 3 20
2 4 18
1 5 16
3 6 1
5 7 11
5 8 2
8 9 2
2 10 1
9 11 1
7 12 4
5 13 13
4 14 12
7 15 3
3 16 3
3 17 13
10 18 2
13 19 2
8 20 3
3 21 2
12 22 2
20 23 1
16 24 3
7 25 12
17 26 3
12 27 1
3 28 9
4 29 3
23 30 3
16 31 1
6 32 2
2 33 3
17 34 6
12 35 3
32 36 2
3 37 1
11 38 1
36 39 4
12 40 1
25 41 3
18 42 6
21 43 3
39 44 3
34 45 3
35 46 2
8 47 3
46 48 1
8 49 2
9 50 1
29 51 2
24 52 3
49 53 3
7 54 9
26 55 1
39 56 3
34 57 6
18 58 2
25 59 3
27 60 1
6 61 1
24 62 2
28 63 3
26 64 3
38 65 3
8 66 2
1 67 2
57 68 3
17 69 9
40 70 2
30 71 3
14 72 19
57 73 2
1 74 1
57 75 1
38 76 2
42 77 6
19 78 3
5 79 5
17 80 2
22 81 3
69 82 2
26 83 2
71 84 2
76 85 2
84 86 3
9 87 3
14 88 8
13 89 3
65 90 3
20 91 5
51 92 2
66 93 2
56 94 3
3 95 3
47 96 3
93 97 2
22 98 3
60 99 4
2 100 2
24 101 3
60 102 2
25 103 13
71 104 2
9 105 1
77 106 7
30 107 3
1 108 2
36 109 3
35 110 3
23 111 1
22 112 3
91 113 2
66 114 2
108 115 1
59 116 1
100 117 1
29 118 3
12 119 4
29 120 2
97 121 3
31 122 1
99 123 14
19 124 2
59 125 3
22 126 1
13 127 13
11 128 2
70 129 3
119 130 1
8 131 3
50 132 3
114 133 3
11 134 1
126 135 2
101 136 1
39 137 1
119 138 4
132 139 1
109 140 3
78 141 3
11 142 2
127 143 2
25 144 3
54 145 10
13 146 1
89 147 3
70 148 3
89 149 3
79 150 5
84 151 2
54 152 2
26 153 1
67 154 1
24 155 2
152 156 1
48 157 3
140 158 3
113 159 3
78 160 2
149 161 3
33 162 3
47 163 3
95 164 2
152 165 4
73 166 1
98 167 2
128 168 3
113 169 1
63 170 1
148 171 3
86 172 2
110 173 2
138 174 7
2 175 1
57 176 3
15 177 1
5 178 1
165 179 2
132 180 2
143 181 3
69 182 2
106 183 3
6 184 1
174 185 3
42 186 2
105 187 3
123 188 20
24 189 1
135 190 2
1 191 5
65 192 3
96 193 3
67 194 2
150 195 16
174 196 7
167 197 3
58 198 2
94 199 1
170 200 2
185 201 1
39 202 2
191 203 5
92 204 1
150 205 4
128 206 3
137 207 2
37 208 2
153 209 1
186 210 3
64 211 2
39 212 2
105 213 2
29 214 3
94 215 3
13 216 1
166 217 2
120 218 3
118 219 2
104 220 1
148 221 3
103 222 1
161 223 3
4 224 15
138 225 9
185 226 2
99 227 15
24 228 1
114 229 1
35 230 2
145 231 2
19 232 2
153 233 2
114 234 2
225 235 2
42 236 3
203 237 7
130 238 3
48 239 1
73 240 3
93 241 1
163 242 1
16 243 3
183 244 2
87 245 1
10 246 3
37 247 2
211 248 2
183 249 1
237 250 7
228 251 2
164 252 1
151 253 2
55 254 2
19 255 2
91 256 1
219 257 3
74 258 3
23 259 1
200 260 1
187 261 3
65 262 2
228 263 2
88 264 3
210 265 3
125 266 3
130 267 2
86 268 2
113 269 2
91 270 3
125 271 3
204 272 2
104 273 1
142 274 3
101 275 1
94 276 1
21 277 1
240 278 2
179 279 3
50 280 2
277 281 2
118 282 2
150 283 1
168 284 2
243 285 2
17 286 2
262 287 1
276 288 2
17 289 2
139 290 1
91 291 2
254 292 3
231 293 2
191 294 3
259 295 1
36 296 2
106 297 3
40 298 2
289 299 3
20 300 6
48 301 1
282 302 2
81 303 3
177 304 2
224 305 1
188 306 20
25 307 1
244 308 3
260 309 2
133 310 2
146 311 2
23 312 2
202 313 3
272 314 3
304 315 3
165 316 3
226 317 2
88 318 8
254 319 3
185 320 3
137 321 1
143 322 1
169 323 1
284 324 1
30 325 2
221 326 2
125 327 1
242 328 2
218 329 1
43 330 1
105 331 3
18 332 1
30 333 1
163 334 2
110 335 1
217 336 2
11 337 3
155 338 2
200 339 1
39 340 2
300 341 3
141 342 1
339 343 3
77 344 13
18 345 2
48 346 1
126 347 2
267 348 2
47 349 2
155 350 2
159 351 2
281 352 3
261 353 1
338 354 1
91 355 3
99 356 1
68 357 3
31 358 3
58 359 2
247 360 1
51 361 2
214 362 1
238 363 1
198 364 1
234 365 1
97 366 2
38 367 3
163 368 2
59 369 2
287 370 1
329 371 3
200 372 1
181 373 1
209 374 2
285 375 3
127 376 1
52 377 1
365 378 3
146 379 2
344 380 3
278 381 1
311 382 2
307 383 1
362 384 1
21 385 2
47 386 1
8 387 2
276 388 1
358 389 3
171 390 3
377 391 2
127 392 20
252 393 1
286 394 2
251 395 2
229 396 2
56 397 1
212 398 1
30 399 3
244 400 1
217 401 3
177 402 3
259 403 2
358 404 3
302 405 1
289 406 3
1 407 3
137 408 3
44 409 3
261 410 2
173 411 2
359 412 1
356 413 3
246 414 3
407 415 3
369 416 3
54 417 1
96 418 2
68 419 2
211 420 2
14 421 3
371 422 3
333 423 2
91 424 8
318 425 8
352 426 1
414 427 2
291 428 1
299 429 1
63 430 3
336 431 2
52 432 2
120 433 3
323 434 1
36 435 2
235 436 2
170 437 3
28 438 2
23 25 1
22 27 3
7 55 1
4 56 3
50 76 1
97 99 14
63 114 3
76 116 1
69 120 6
54 121 3
98 129 3
18 131 3
98 133 3
15 138 2
5 141 2
12 152 4
71 153 1
22 159 1
82 159 1
159 165 3
157 182 1
118 186 3
60 195 3
106 196 7
116 200 3
119 205 4
28 206 2
139 214 3
22 215 3
79 218 3
123 224 14
37 229 2
83 229 2
207 237 2
118 239 3
54 241 2
39 248 3
88 250 8
247 253 3
242 254 2
39 257 1
171 257 3
71 268 3
86 272 1
229 287 3
248 297 3
282 297 2
120 299 3
225 300 6
216 304 2
289 305 1
136 307 3
162 310 1
130 312 2
26 313 5
44 313 3
307 315 2
10 316 1
203 320 3
78 326 3
35 328 2
317 328 2
158 330 3
116 331 3
182 335 2
217 339 1
203 340 2
8 341 3
200 344 3
15 345 2
145 349 10
330 350 3
11 351 2
132 358 1
291 363 1
207 364 2
318 364 6
25 366 3
320 366 2
128 373 3
88 374 14
225 374 14
269 375 3
163 378 1
97 379 2
69 380 3
165 382 2
231 384 2
335 387 2
100 388 3
353 390 3
72 392 16
56 394 2
304 396 2
365 396 1
364 397 1
47 401 2
139 401 2
126 403 1
214 404 2
291 408 3
56 412 1
210 412 1
54 414 9
218 416 2
171 417 1
151 424 2
17 425 12
424 428 3
104 431 2
200 431 1
219 431 1
425 431 12
140 432 3
127 433 3
43 434 3
372 436 1
385 436 2
60 437 3
443 453 1
465 477 2
477 480 1
445 486 3
452 490 1
476 502 1
486 505 1
476 507 2
467 513 1
445 516 2
486 516 1
477 517 3
502 520 3
496 521 2
509 522 3
465 523 1
446 527 1
455 532 1
451 544 3
460 546 1
535 546 1
545 548 2
462 549 1
528 549 2
449 551 3
464 556 1
504 557 2
497 562 1
537 562 1
485 565 3
545 565 1
515 568 3
537 568 1
516 570 3
510 571 2
488 573 2
499 575 2
488 576 2
534 577 3
549 584 1
552 586 1
565 587 3
155 150 97 56 13 364 4 23 127 55 116 21 247 51 73 414 431 28 257 9 133 57 130 91 69 185 22 35 119 300 148 219 365 146 31 436 99 145 163 96 396 114 71 217
4 392 20
5 424 11
7 268 4
10 421 3
5 224 6
12 250 14
10 39 18
2 103 13
1 349 12
9 414 14
2 306 20
6 3 11
6 344 18
9 18 3
4 140 8
5 28 14
4 195 17
3 72 5
8 227 15