2001 1168 111 7 9
1 2 5
1 3 18
1 4 13
2 5 1
3 6 8
1 7 4
6 8 2
3 9 7
2 10 6
8 11 2
7 12 1
6 13 3
7 14 3
4 15 1
12 16 1
2 17 2
3 18 3
5 19 1
4 20 12
17 21 2
14 22 1
17 23 1
20 24 3
3 25 1
9 26 2
24 27 2
23 28 16
23 29 2
4 30 1
21 31 1
16 32 1
12 33 1
25 34 8
10 35 3
8 36 1
17 37 3
20 38 1
26 39 3
35 40 1
31 41 1
12 42 1
8 43 2
8 44 1
25 45 2
15 46 3
29 47 1
17 48 3
46 49 1
43 50 1
19 51 3
44 52 2
32 53 3
7 54 3
45 55 3
44 56 3
2 57 2
56 58 3
56 59 1
47 60 1
23 61 15
8 62 3
37 63 2
23 64 2
10 65 2
51 66 2
38 67 1
24 68 3
51 69 2
36 70 3
4 71 2
15 72 2
37 73 3
11 74 2
39 75 3
53 76 1
34 77 2
52 78 3
60 79 1
44 80 2
41 81 2
38 82 3
35 83 2
52 84 1
50 85 2
40 86 2
16 87 2
43 88 2
25 89 3
9 90 7
74 91 1
86 92 3
81 93 2
33 94 6
50 95 1
91 96 3
90 97 1
13 98 1
55 99 2
24 100 6
97 101 1
34 102 1
82 103 3
47 104 3
84 105 1
26 106 2
43 107 1
25 108 2
10 109 2
23 110 2
98 111 2
45 112 2
71 113 2
27 114 2
54 115 1
98 116 3
13 117 3
115 118 2
15 119 6
24 120 1
48 121 1
78 122 1
3 123 1
104 124 2
23 125 3
18 126 1
105 127 4
66 128 1
112 129 3
1 130 3
38 131 2
70 132 3
31 133 2
5 134 2
2 135 3
38 136 2
23 137 1
82 138 2
94 139 6
44 140 1
30 141 1
21 142 2
114 143 3
60 144 2
90 145 6
9 146 1
140 147 1
66 148 1
148 149 2
16 150 2
102 151 2
91 152 3
132 153 1
14 154 1
9 155 3
81 156 2
119 157 3
49 158 1
101 159 2
21 160 1
95 161 3
140 162 3
15 163 6
57 164 1
157 165 1
141 166 2
36 167 2
59 168 1
119 169 1
143 170 1
119 171 7
93 172 3
103 173 3
29 174 3
168 175 2
163 176 11
44 177 1
14 178 1
109 179 3
122 180 2
49 181 2
122 182 2
49 183 1
114 184 3
147 185 3
36 186 1
98 187 1
175 188 3
90 189 3
146 190 3
134 191 1
45 192 2
5 193 1
88 194 2
184 195 3
86 196 3
72 197 1
137 198 1
58 199 10
131 200 3
34 201 8
78 202 3
59 203 3
185 204 1
124 205 3
19 206 2
153 207 3
197 208 2
125 209 3
202 210 2
111 211 2
181 212 1
1 213 2
180 214 3
71 215 3
150 216 3
148 217 3
38 218 2
42 219 1
7 220 1
11 221 1
154 222 2
102 223 1
18 224 2
73 225 3
202 226 2
133 227 1
173 228 3
28 229 16
168 230 3
43 231 1
146 232 2
137 233 2
106 234 3
198 235 3
13 236 3
115 237 2
124 238 2
121 239 1
5 240 3
12 241 2
9 242 3
71 243 2
133 244 3
58 245 1
29 246 3
59 247 1
85 248 2
76 249 2
101 250 3
103 251 2
20 252 11
118 253 2
36 254 3
140 255 1
10 256 1
191 257 1
97 258 3
176 259 6
173 260 1
10 261 3
232 262 2
185 263 2
167 264 2
194 265 3
26 266 2
8 267 3
124 268 1
205 269 1
133 270 2
72 271 2
226 272 3
140 273 1
217 274 2
129 275 3
22 276 3
187 277 1
146 278 2
101 279 1
250 280 1
193 281 2
213 282 2
40 283 2
89 284 2
163 285 1
82 286 2
150 287 2
63 288 3
234 289 1
1 290 3
73 291 3
36 292 1
93 293 1
147 294 1
160 295 2
71 296 3
4 297 3
200 298 3
157 299 1
159 300 3
123 301 1
88 302 2
238 303 3
268 304 2
17 305 3
235 306 1
43 307 1
294 308 3
136 309 1
61 310 2
228 311 2
8 312 2
182 313 3
218 314 3
33 315 10
159 316 1
286 317 2
279 318 2
169 319 3
264 320 3
239 321 3
170 322 2
177 323 2
178 324 2
63 325 2
215 326 2
34 327 2
109 328 3
303 329 2
51 330 1
185 331 3
311 332 1
296 333 1
325 334 2
87 335 3
261 336 2
172 337 1
72 338 2
181 339 2
165 340 2
212 341 1
16 342 3
21 343 1
185 344 2
337 345 3
160 346 3
125 347 3
204 348 1
37 349 1
281 350 1
219 351 1
112 352 2
175 353 2
309 354 1
347 355 2
338 356 2
349 357 1
191 358 1
169 359 1
240 360 3
163 361 1
143 362 1
88 363 2
52 364 3
40 365 3
225 366 1
66 367 1
276 368 2
368 369 1
90 370 18
73 371 2
362 372 2
60 373 2
278 374 2
146 375 1
217 376 1
30 377 2
370 378 1
140 379 3
185 380 2
323 381 1
253 382 2
229 383 1
127 384 4
327 385 3
141 386 1
276 387 1
162 388 3
49 389 3
120 390 2
182 391 1
147 392 2
270 393 2
348 394 2
141 395 2
218 396 1
80 397 2
150 398 2
159 399 1
225 400 2
340 401 1
259 402 2
57 403 3
309 404 1
298 405 3
214 406 1
214 407 3
380 408 1
401 409 1
57 410 2
259 411 1
408 412 3
209 413 6
379 414 2
189 415 1
4 416 1
264 417 1
102 418 3
392 419 1
383 420 3
380 421 1
193 422 1
422 423 3
263 424 1
230 425 3
198 426 2
297 427 1
161 428 3
173 429 2
245 430 1
305 431 3
257 432 2
24 433 3
248 434 1
353 435 1
7 436 2
222 437 3
55 438 2
216 439 1
188 440 3
166 441 3
406 442 1
321 443 2
265 444 2
374 445 1
375 446 1
62 447 1
145 448 6
194 449 2
202 450 3
257 451 3
9 452 3
232 453 2
130 454 2
351 455 2
334 456 2
434 457 1
71 458 3
204 459 1
320 460 3
29 461 2
384 462 16
440 463 2
241 464 2
11 465 2
416 466 3
256 467 2
455 468 3
53 469 2
248 470 3
452 471 3
41 472 3
62 473 3
282 474 3
175 475 2
377 476 3
314 477 3
365 478 3
432 479 1
66 480 2
66 481 3
462 482 2
413 483 6
398 484 1
47 485 2
49 486 2
157 487 1
128 488 1
34 489 3
328 490 1
183 491 3
384 492 20
429 493 2
60 494 2
83 495 2
7 496 2
416 497 1
35 498 1
436 499 3
318 500 1
3 501 1
436 502 1
9 503 1
335 504 1
14 505 1
313 506 3
118 507 2
31 508 2
189 509 1
157 510 1
459 511 3
157 512 2
199 513 2
69 514 3
450 515 3
257 516 2
343 517 2
9 518 2
377 519 3
314 520 3
50 521 1
379 522 3
293 523 1
495 524 1
382 525 3
100 526 3
181 527 3
108 528 3
59 529 1
68 530 3
51 531 1
102 532 3
436 533 1
92 534 1
214 535 3
181 536 3
340 537 2
265 538 3
339 539 2
518 540 3
390 541 1
386 542 2
174 543 2
206 544 2
529 545 3
105 546 3
347 547 2
218 548 2
110 549 1
313 550 2
2 551 3
325 552 3
487 553 1
81 554 3
19 555 3
421 556 1
395 557 1
238 558 3
44 559 1
519 560 1
312 561 3
305 562 2
279 563 1
505 564 2
274 565 1
174 566 2
566 567 3
3 568 8
448 569 2
108 570 2
567 571 3
51 572 2
9 573 2
236 574 2
242 575 3
203 576 1
253 577 1
190 578 3
345 579 2
262 580 3
112 581 2
297 582 1
432 583 1
265 584 2
187 585 2
43 586 1
395 587 1
243 588 2
518 589 2
526 590 2
17 591 3
568 592 3
433 593 2
377 594 3
448 595 3
308 596 1
254 597 3
348 598 1
595 599 1
295 600 1
100 601 6
374 602 3
289 603 3
262 604 1
368 605 3
226 606 1
575 607 2
565 608 3
169 609 2
178 610 2
393 611 1
95 612 1
499 613 1
295 614 1
260 615 3
227 616 1
76 617 3
291 618 3
439 619 3
326 620 3
170 621 3
59 622 1
132 623 2
89 624 3
384 625 3
476 626 3
465 627 1
577 628 2
588 629 3
360 630 3
69 631 2
231 632 2
134 633 3
409 634 2
71 635 3
333 636 3
351 637 2
313 638 3
53 639 3
73 640 3
590 641 3
54 642 3
264 643 2
505 644 3
472 645 1
75 646 3
518 647 1
80 648 1
414 649 2
54 650 2
585 651 1
533 652 1
125 653 2
171 654 2
350 655 1
193 656 1
618 657 2
71 658 1
643 659 3
161 660 3
461 661 3
564 662 1
6 25 7
21 35 1
13 89 3
73 89 3
65 101 2
49 139 2
99 145 2
22 148 2
64 157 1
61 201 8
37 206 1
111 210 1
60 212 3
126 218 1
171 235 7
113 240 3
23 248 3
139 252 6
235 252 7
246 254 1
18 262 2
61 266 2
2 267 3
242 272 1
273 280 3
249 285 3
255 290 1
209 294 3
268 300 2
197 301 3
1 309 1
296 309 1
221 317 2
315 319 2
237 327 2
294 328 3
45 330 2
211 330 2
88 332 3
115 343 1
70 346 2
316 348 1
285 352 1
177 354 2
50 360 2
212 363 3
78 368 1
177 369 2
318 379 1
4 381 1
216 383 1
366 395 2
318 396 3
296 401 3
157 405 1
217 408 3
241 415 3
122 419 3
344 423 2
101 425 3
308 435 1
125 437 3
253 440 1
315 440 1
41 442 3
143 446 3
79 450 3
190 450 1
365 452 1
3 456 2
409 459 2
397 460 3
370 462 16
421 465 1
158 467 2
71 469 2
263 469 1
406 469 3
437 470 1
368 474 3
39 476 3
104 476 2
402 478 3
10 483 6
179 488 2
292 488 1
24 489 3
193 490 2
236 495 2
5 498 1
408 498 1
430 498 1
359 500 2
159 505 1
255 505 2
486 505 3
450 507 1
190 517 1
378 517 3
230 519 1
501 523 2
60 524 1
173 525 2
182 526 1
443 538 1
472 539 2
278 540 1
362 541 2
405 542 2
406 543 1
499 544 1
520 546 3
250 550 1
400 550 2
490 554 3
389 556 1
294 561 3
188 564 3
318 565 1
172 568 11
329 573 2
254 574 2
148 575 2
164 575 3
530 575 3
97 579 1
8 581 3
18 581 3
419 582 3
35 583 2
512 583 2
526 583 3
572 587 2
189 589 3
552 590 2
454 591 3
517 592 1
411 593 3
290 595 3
544 595 1
113 598 3
58 601 7
200 601 2
237 603 3
563 603 1
348 605 1
223 606 2
514 609 2
41 613 2
328 618 2
563 618 3
38 619 2
554 619 1
433 623 2
147 634 1
417 634 3
35 637 3
157 638 2
425 641 2
93 642 3
346 644 3
633 644 1
329 646 3
441 648 1
569 649 3
52 651 2
331 655 3
297 657 2
696 809 3
724 809 1
768 828 3
748 854 3
839 868 1
692 911 3
778 927 2
670 934 3
729 940 3
914 942 2
681 955 1
704 957 1
900 966 2
701 969 2
954 971 3
704 976 3
949 984 3
889 1005 2
866 1031 2
1008 1034 3
881 1037 3
892 1040 3
755 1044 2
924 1045 2
982 1052 1
1022 1056 3
884 1061 1
867 1073 1
911 1083 3
801 1095 3
1024 1098 2
717 1099 2
712 1100 3
972 1102 3
924 1112 1
919 1115 3
1085 1115 2
778 1120 2
894 1120 2
1083 1123 2
689 1129 2
1010 1130 3
913 1140 1
1072 1145 3
937 1149 2
987 1168 3
703 1175 1
1095 1175 3
713 1182 3
837 1184 3
882 1199 1
685 1208 2
872 1209 1
782 1212 1
1016 1212 2
730 1219 3
738 1220 1
894 1224 1
1082 1226 1
1092 1234 2
1124 1234 1
1148 1235 2
709 1242 2
1205 1243 2
1177 1245 2
961 1247 3
1247 1248 2
1201 1251 2
805 1255 3
700 1263 2
868 1264 1
1119 1266 3
753 1267 1
1151 1277 1
958 1281 2
786 1300 3
1177 1302 1
1204 1306 1
668 1307 2
926 1308 1
701 1310 2
957 1328 3
1108 1331 2
1027 1335 3
1324 1337 2
1188 1341 3
1137 1343 1
1063 1344 3
1154 1344 2
726 1350 1
920 1350 3
1000 1356 2
893 1366 1
974 1368 2
1147 1368 2
1004 1372 1
1250 1375 2
1259 1379 1
663 1381 1
1229 1386 3
1002 1387 1
1166 1396 3
810 1397 2
1151 1398 2
801 1400 2
835 1401 2
1333 1401 3
980 1404 1
959 1405 1
1210 1409 1
732 1410 2
1182 1413 3
869 1420 3
890 1421 3
1330 1421 2
713 1423 2
873 1424 1
1281 1426 2
1376 1428 3
668 1429 3
1090 1451 1
1032 1458 3
1214 1461 3
1175 1462 1
1265 1466 3
1148 1467 3
1173 1471 2
1128 1472 1
985 1473 3
802 1477 3
1372 1478 1
1029 1483 3
1282 1485 3
1123 1486 2
838 1496 1
772 1498 2
1015 1498 3
1376 1501 1
788 1503 1
1392 1503 1
999 1510 3
844 1517 1
1508 1518 2
1335 1521 1
1186 1522 2
823 1524 2
866 1524 1
749 1529 1
1526 1532 3
1234 1537 2
816 1539 2
688 1544 2
797 1549 1
929 1550 1
1389 1552 1
1316 1558 1
721 1562 3
952 1568 3
1550 1569 2
672 1576 3
1154 1579 3
1331 1585 1
947 1588 3
836 1597 2
1308 1607 3
1549 1611 2
908 1612 1
904 1614 3
1173 1616 2
1264 1624 2
1328 1626 2
777 1634 1
1069 1635 2
1504 1637 3
1589 1642 3
1441 1645 1
1528 1649 1
708 1650 1
1092 1650 1
1631 1650 3
749 1651 1
1160 1651 1
830 1654 3
816 1656 2
1034 1656 1
883 1659 1
1156 1660 3
753 1661 3
1434 1662 2
1045 1663 1
761 1664 3
1080 1664 1
1411 1665 2
744 1667 1
750 1667 3
726 1669 1
1288 1669 3
1453 1670 2
1415 1678 2
731 1679 2
961 1681 3
1505 1686 3
1623 1687 1
712 1693 1
879 1711 3
1326 1711 1
865 1714 3
1058 1716 2
896 1718 2
1182 1719 1
1678 1720 3
854 1724 1
858 1726 1
1341 1734 3
1119 1744 1
1357 1744 1
872 1745 1
1391 1747 1
1061 1750 1
1479 1750 1
1483 1753 1
1456 1754 2
1172 1757 2
1066 1758 1
1743 1759 3
1085 1760 1
1126 1765 1
1003 1769 1
844 1771 3
1722 1772 2
1630 1774 3
962 1777 2
1636 1777 1
1009 1783 2
1518 1786 1
1086 1787 2
1379 1788 3
1033 1796 2
1752 1796 2
817 1798 2
1191 1801 3
779 1810 3
1257 1811 1
1556 1813 1
811 1815 3
1389 1816 3
887 1819 2
1817 1827 3
786 1828 1
1546 1828 2
1315 1830 3
1291 1832 2
1170 1842 3
1139 1843 3
1286 1848 2
876 1849 3
899 1851 1
1795 1851 2
969 1852 2
1510 1852 1
1440 1856 1
1609 1858 2
739 1860 3
837 1860 3
1858 1860 2
1542 1866 1
1618 1867 2
995 1870 3
677 1875 2
1318 1876 1
1643 1879 2
1209 1882 3
1253 1885 3
1145 1886 1
1625 1890 3
1781 1890 3
987 1898 2
1162 1898 1
700 1899 2
1721 1900 2
982 1901 3
789 1904 3
1077 1908 2
1251 1909 1
1373 1911 3
1222 1912 2
713 1913 1
827 1915 3
1603 1915 1
1638 1917 2
1428 1918 3
1860 1918 1
1150 1919 3
915 1920 2
1901 1921 1
1136 1922 2
1282 1922 1
1765 1923 2
1167 1925 1
1323 1930 3
1907 1933 3
720 1934 2
842 1936 3
750 1938 3
1923 1942 1
1375 1943 2
1786 1949 2
1306 1951 2
815 1953 2
671 1954 2
869 1956 2
1753 1957 3
1883 1957 1
1931 1958 2
1749 1959 1
714 1961 2
814 1962 1
1869 1963 2
707 1965 2
1421 1968 1
1643 1970 2
1718 1970 2
1553 1976 1
868 1977 2
906 1978 3
1251 1981 1
1955 1986 2
1249 1990 3
1815 1990 1
902 1991 1
1083 1991 3
1755 1991 3
751 1992 1
1437 1996 3
862 1997 3
1688 1997 3
703 1998 3
1187 1998 2
1271 2001 1
295 240 644 73 519 242 97 346 206 95 44 169 268 347 70 395 53 172 526 226 200 550 238 66 581 437 132 191 56 22 181 469 57 377 170 188 58 111 178 90 4 518 177 634 115 565 157 465 257 163 72 505 217 133 47 343 212 36 185 259 33 88 93 34 290 248 14 328 98 38 368 472 351 12 29 318 7 137 71 476 225 374 421 236 499 43 448 433 309 86 30 6 360 122 112 419 150 89 159 232 452 218 279 61 327 590 45 619 59 209 18
6 229 17
2 199 10
7 176 17
7 568 11
3 472 4
3 315 12
2 492 20
7 136 3
4 209 15