94 66 14 15 39
1 2 5
2 3 2
1 4 32
4 5 2
2 6 9
1 7 31
7 8 3
5 9 1
7 10 19
6 11 1
10 12 19
4 13 15
9 14 3
1 15 15
13 16 16
11 17 2
7 18 31
8 19 6
14 20 1
5 21 2
18 22 33
21 23 11
9 24 2
18 25 3
22 26 19
4 27 31
9 28 3
21 29 1
25 30 9
27 31 17
26 32 14
13 33 14
1 34 2
32 35 14
8 36 3
14 37 3
2 8 3
10 18 2
4 21 11
19 25 9
20 27 17
1 28 15
24 28 14
1 30 28
30 36 15
15 37 3
29 37 2
49 52 2
39 59 2
58 65 2
66 67 1
41 68 3
44 70 3
53 71 2
42 75 2
52 75 2
66 80 2
61 82 1
82 83 1
59 85 1
78 85 2
51 86 3
76 87 2
40 89 1
46 91 2
49 94 1
9 2 5 8 14 7 13 27 25 10 28 30 21 18
3 26 8
15 35 9
14 9 1
1 27 13
4 19 12
12 8 10
9 4 9
9 23 11
3 30 16
10 16 16
12 19 3
7 23 7
5 33 14
4 35 14
7 37 3
14 10 14
9 26 19
2 27 9
6 20 18
13 2 6
12 4 2
15 12 19
14 24 14
9 25 17
4 31 17
5 15 15
6 21 3
11 2 1
2 36 15
12 31 6
5 28 15
4 22 19
9 6 9
8 19 6
10 23 8
6 16 13
5 30 19
11 29 2
10 3 2