1006 716 103 12 33
1 2 4
1 3 18
1 4 10
2 5 1
1 6 3
3 7 11
3 8 5
1 9 19
1 10 19
8 11 1
8 12 2
7 13 8
6 14 1
8 15 5
2 16 4
6 17 3
13 18 2
18 19 4
9 20 10
5 21 2
20 22 3
19 23 3
22 24 4
3 25 1
7 26 2
9 27 4
18 28 2
24 29 5
2 30 3
25 31 1
17 32 3
19 33 5
4 34 9
13 35 3
25 36 2
9 37 1
28 38 2
16 39 3
17 40 5
36 41 3
19 42 4
1 43 2
22 44 2
24 45 2
7 46 2
46 47 1
35 48 1
22 49 5
13 50 2
15 51 2
9 52 12
22 53 5
36 54 2
42 55 3
33 56 1
41 57 3
5 58 3
28 59 2
15 60 3
27 61 4
25 62 2
30 63 5
45 64 4
27 65 1
21 66 2
34 67 9
51 68 1
35 69 3
55 70 1
2 71 2
28 72 3
21 73 2
59 74 2
64 75 1
67 76 15
70 77 1
1 78 3
7 79 2
51 80 2
57 81 3
2 82 2
18 83 5
57 84 1
17 85 2
60 86 3
41 87 3
43 88 3
18 89 2
57 90 3
32 91 18
45 92 1
72 93 2
52 94 12
82 95 1
79 96 2
77 97 1
44 98 1
16 99 2
59 100 1
80 101 3
96 102 6
20 103 7
65 104 2
31 105 3
23 106 2
95 107 2
94 108 12
28 109 2
87 110 2
49 111 3
76 112 5
7 113 19
13 114 8
73 115 6
114 116 3
32 117 20
4 118 3
78 119 2
16 120 8
85 121 3
68 122 2
29 123 6
18 124 3
114 125 8
59 126 5
95 127 3
125 128 14
61 129 4
70 130 1
54 131 2
16 132 1
2 133 2
22 134 3
117 135 3
33 136 3
102 137 16
131 138 2
91 139 17
108 140 1
66 141 2
55 142 1
91 143 20
9 144 16
110 145 2
128 146 18
75 147 3
4 148 7
33 149 3
118 150 1
58 151 2
37 152 3
48 153 2
45 154 3
64 155 4
143 156 20
102 157 2
76 158 6
81 159 13
133 160 3
82 161 3
87 162 1
138 163 2
26 164 1
39 165 1
74 166 3
106 167 2
53 168 20
42 169 3
103 170 6
126 171 2
59 172 3
1 173 19
146 174 2
39 175 3
35 176 3
77 177 2
9 178 7
128 179 14
92 180 2
26 181 2
181 182 1
30 183 3
159 184 2
119 185 2
171 186 3
27 187 1
117 188 6
33 189 5
21 190 3
34 191 1
76 192 1
87 193 1
153 194 1
129 195 4
124 196 3
162 197 1
102 198 4
28 199 2
17 200 3
126 201 5
33 202 1
29 203 1
44 204 3
179 205 1
153 206 3
142 207 1
122 208 2
200 209 2
191 210 3
172 211 3
58 212 3
100 213 1
153 214 1
1 215 2
78 216 1
140 217 1
112 218 1
138 219 1
200 220 3
89 221 2
3 222 3
93 223 3
189 224 4
193 225 3
17 226 3
91 227 18
100 228 2
156 229 17
4 230 4
72 231 1
73 232 1
15 233 3
107 234 3
82 235 3
85 236 1
217 237 3
194 238 3
55 239 2
204 240 1
54 241 1
34 242 3
139 243 3
110 244 3
17 245 3
166 246 2
188 247 6
204 248 2
36 249 1
177 250 2
117 251 3
151 252 1
132 253 1
24 254 3
38 255 2
48 256 2
190 257 4
4 258 5
126 259 3
100 260 2
195 261 3
125 262 15
161 263 3
199 264 1
76 265 2
203 266 2
49 267 3
112 268 6
257 269 3
193 270 3
150 271 1
228 272 2
157 273 2
111 274 3
87 275 1
11 276 3
89 277 1
249 278 1
117 279 2
234 280 2
170 281 6
125 282 1
26 283 2
137 284 16
8 285 2
230 286 4
70 287 2
116 288 3
136 289 1
25 290 2
115 291 1
66 292 3
125 293 2
247 294 6
240 295 1
168 296 3
176 297 3
77 298 2
63 299 2
207 300 3
191 301 3
152 302 3
78 303 2
198 304 1
278 305 2
291 306 3
104 307 3
142 308 3
250 309 1
4 310 1
44 311 3
173 312 2
43 313 2
258 314 2
103 315 2
244 316 2
288 317 2
246 318 2
16 319 1
28 320 2
71 321 2
95 322 3
107 323 3
262 324 6
26 325 1
81 326 3
116 327 3
166 328 3
80 329 2
221 330 1
308 331 1
148 332 7
45 333 2
136 334 3
214 335 2
210 336 1
68 337 2
328 338 3
25 339 3
298 340 9
335 341 2
142 342 1
220 343 1
124 344 1
219 345 4
12 346 2
71 347 1
71 348 2
345 349 3
30 350 3
265 351 2
264 352 1
194 353 3
110 354 3
248 355 3
184 356 2
190 357 14
355 358 1
61 359 2
133 360 1
262 361 6
357 362 19
115 363 10
157 364 6
2 365 1
168 366 2
312 367 3
164 368 2
214 369 2
71 370 3
322 371 1
289 372 3
82 373 1
69 374 3
268 375 6
221 376 3
301 377 3
100 378 3
50 379 2
3 380 1
307 381 2
223 382 2
217 383 1
371 384 1
18 385 1
173 386 3
369 387 3
268 388 2
70 389 2
298 390 3
36 391 2
71 392 2
17 393 3
367 394 3
332 395 2
294 396 12
197 397 2
336 398 2
183 399 3
151 400 3
92 401 1
379 402 2
100 403 3
54 404 1
3 405 3
100 406 2
311 407 3
330 408 2
113 409 19
70 410 3
237 411 1
144 412 2
16 413 3
118 414 2
405 415 3
5 416 2
93 417 1
300 418 2
130 419 1
65 420 13
17 421 1
259 422 2
332 423 4
158 424 2
316 425 2
22 426 3
409 427 19
407 428 2
252 429 2
386 430 2
286 431 1
203 432 2
65 433 1
76 434 1
351 435 3
429 436 3
81 437 3
432 438 2
211 439 1
365 440 1
182 441 3
42 442 1
222 443 3
343 444 7
367 445 1
443 446 3
401 447 3
350 448 3
70 449 1
151 450 1
145 451 2
193 452 2
320 453 2
437 454 3
26 455 3
224 456 3
11 457 1
199 458 1
194 459 2
203 460 2
158 461 6
276 462 3
48 463 1
336 464 2
361 465 6
397 466 2
93 467 3
65 468 5
192 469 3
155 470 11
74 471 2
83 472 5
224 473 3
173 474 3
100 475 3
167 476 3
65 477 1
191 478 3
190 479 2
100 480 2
31 481 2
461 482 6
440 483 3
444 484 2
200 485 1
460 486 1
45 487 3
466 488 2
206 489 1
7 15 5
49 81 10
57 103 3
40 115 5
112 123 6
34 133 3
67 149 3
96 157 4
135 165 1
10 168 19
38 183 2
27 189 3
22 193 1
186 200 2
96 210 2
168 215 2
26 216 3
117 219 15
199 219 13
127 227 1
173 227 18
131 234 1
139 236 3
53 239 5
102 239 10
233 248 3
114 257 4
228 259 3
204 260 3
50 276 2
207 280 1
90 287 1
63 288 3
36 290 1
195 294 10
53 298 3
144 298 14
222 301 2
258 302 2
53 305 1
66 307 1
86 312 6
258 312 4
139 315 17
169 317 1
254 319 3
313 321 2
2 325 1
201 329 2
23 332 3
256 333 2
196 334 3
272 338 2
1 339 1
18 340 4
96 340 6
2 341 1
25 342 3
63 345 5
16 349 3
211 350 3
305 352 2
103 357 6
260 360 2
351 360 3
218 365 1
55 368 1
76 370 1
279 370 2
12 376 1
220 376 1
333 379 3
318 382 3
352 382 3
110 389 3
273 390 1
371 390 3
142 392 2
229 394 3
53 397 19
179 397 19
283 401 2
298 402 2
83 404 1
315 408 2
46 414 1
375 420 6
198 423 4
224 425 1
403 425 2
126 428 2
244 434 1
390 434 1
357 438 3
178 444 7
427 446 19
78 449 3
159 449 2
343 450 3
202 451 3
177 453 3
219 463 3
364 465 6
260 466 2
189 468 5
415 468 3
20 470 5
86 470 6
73 472 5
270 477 3
29 479 2
120 479 4
324 482 6
199 483 15
35 486 2
291 489 1
515 533 2
501 538 3
497 550 3
518 563 3
541 577 1
544 623 3
588 625 2
537 629 2
530 642 1
558 642 3
523 661 3
518 679 3
538 685 1
551 687 3
539 688 1
631 692 3
547 696 3
497 698 2
604 698 1
694 699 2
534 707 1
562 716 3
659 731 2
677 737 3
628 738 2
602 751 2
645 754 3
612 755 1
705 760 3
742 763 1
698 766 2
581 774 2
613 777 3
707 778 3
628 786 3
564 795 1
725 795 1
573 799 1
786 803 1
674 805 3
729 809 1
518 811 3
509 813 2
566 813 3
499 818 1
516 819 3
794 819 2
779 822 2
517 824 3
585 827 3
687 832 1
653 834 1
624 842 2
632 843 2
629 845 1
581 851 1
566 852 2
635 852 1
642 852 2
647 852 1
605 854 1
608 859 2
663 859 1
788 863 1
506 867 1
742 871 1
501 872 2
817 877 1
797 883 1
683 887 3
702 887 1
570 893 2
754 897 3
681 906 2
860 906 2
498 907 2
541 909 2
854 909 1
883 910 2
884 912 2
847 914 3
631 915 3
722 919 2
595 923 1
653 924 1
840 926 2
881 927 3
522 934 2
691 935 1
536 937 3
745 939 1
764 949 2
527 952 3
520 954 2
558 958 1
573 958 3
586 959 2
750 959 1
816 959 1
611 960 2
937 960 3
568 970 2
774 976 3
569 978 3
649 980 2
673 980 3
731 997 3
962 998 3
882 999 1
587 1001 3
515 1003 2
677 1003 1
220 21 200 93 194 13 343 179 12 190 11 198 42 434 173 87 66 76 77 131 68 72 116 268 8 382 262 157 244 276 234 288 29 158 103 298 214 82 142 259 7 312 351 86 228 24 204 199 144 91 23 345 65 50 193 390 219 32 365 102 371 110 6 332 301 15 168 49 470 4 59 20 46 3 376 370 367 73 36 333 5 2 19 63 153 67 210 125 124 305 31 248 239 64 71 34 18 195 30 191 95 224 9
11 360 2
4 229 17
6 446 19
5 76 15
6 396 12
12 461 8
9 42 6
10 345 18
9 224 5
2 483 15
2 262 2
3 146 18
12 87 1
12 420 18
9 360 1
5 159 14
6 363 10
8 281 6
10 108 12
7 201 7
8 343 13
2 156 17
7 120 11
3 362 19
8 286 4
5 9 1
12 446 17
7 364 9
12 55 1
2 284 16
8 315 15
3 155 14
10 67 18