1002 753 95 10 13
1 2 10
2 3 3
2 4 6
2 5 6
4 6 3
2 7 3
6 8 3
3 9 3
5 10 4
1 11 6
11 12 6
2 13 11
8 14 3
5 15 2
14 16 2
14 17 2
8 18 3
9 19 3
2 20 6
6 21 2
12 22 3
22 23 1
16 24 2
6 25 1
9 26 1
6 27 1
11 28 3
18 29 3
21 30 3
7 31 2
2 32 2
21 33 2
1 34 1
21 35 2
20 36 1
3 37 3
7 38 2
33 39 2
3 40 2
25 41 3
32 42 2
13 43 2
14 44 3
40 45 2
3 46 1
45 47 1
30 48 2
35 49 1
27 50 2
29 51 1
5 52 3
43 53 2
10 54 2
28 55 3
44 56 1
15 57 3
1 58 3
54 59 3
34 60 1
24 61 2
47 62 1
31 63 3
57 64 1
50 65 2
53 66 3
56 67 1
48 68 3
35 69 8
47 70 1
18 71 3
13 72 1
39 73 6
27 74 3
74 75 2
48 76 3
53 77 2
5 78 4
18 79 1
66 80 3
15 81 2
68 82 1
47 83 1
79 84 3
47 85 3
24 86 2
47 87 1
78 88 8
48 89 2
21 90 1
3 91 1
64 92 3
55 93 3
70 94 1
70 95 3
11 96 1
39 97 3
95 98 1
63 99 2
47 100 2
32 101 1
84 102 3
28 103 1
50 104 3
76 105 2
39 106 1
18 107 3
27 108 1
12 109 2
1 110 2
78 111 2
104 112 2
72 113 1
94 114 3
10 115 2
101 116 2
72 117 3
113 118 3
40 119 2
66 120 3
24 121 2
48 122 1
120 123 1
99 124 1
124 125 2
81 126 2
85 127 1
106 128 1
28 129 2
66 130 1
21 131 3
60 132 3
112 133 3
117 134 1
17 135 1
130 136 1
101 137 3
43 138 1
48 139 1
75 140 1
87 141 2
49 142 2
10 143 1
78 144 14
111 145 1
115 146 1
137 147 1
110 148 2
1 149 2
121 150 1
82 151 3
91 152 3
62 153 2
47 154 3
56 155 2
81 156 2
54 157 3
84 158 2
77 159 2
118 160 1
145 161 2
63 162 3
22 163 1
130 164 2
27 165 1
101 166 1
41 167 1
68 168 1
14 169 3
165 170 3
98 171 2
156 172 3
1 173 14
150 174 3
64 175 3
1 176 3
11 177 3
40 178 1
84 179 2
12 180 1
97 181 3
181 182 1
110 183 2
38 184 1
173 185 9
156 186 1
53 187 1
13 188 11
26 189 1
67 190 1
104 191 2
106 192 2
164 193 3
34 194 1
86 195 3
139 196 3
166 197 3
85 198 1
186 199 3
138 200 2
12 201 3
78 202 2
9 203 2
8 204 2
47 205 3
198 206 2
158 207 3
110 208 2
129 209 3
132 210 2
119 211 2
111 212 2
107 213 2
85 214 1
82 215 3
194 216 3
187 217 2
192 218 2
196 219 1
8 220 3
140 221 2
178 222 2
186 223 1
186 224 1
82 225 1
186 226 2
133 227 1
28 228 3
59 229 3
138 230 3
30 231 1
230 232 3
10 233 2
227 234 2
82 235 2
11 236 1
34 237 3
200 238 2
68 239 3
82 240 3
220 241 2
152 242 1
175 243 2
132 244 1
93 245 8
163 246 3
172 247 3
170 248 2
42 249 3
145 250 3
132 251 2
171 252 1
189 253 3
16 254 3
9 255 2
122 256 3
91 257 3
161 258 3
212 259 3
175 260 5
98 261 1
182 262 10
176 263 3
46 264 3
157 265 2
112 266 1
58 267 1
146 268 1
138 269 3
19 270 3
205 271 1
162 272 2
214 273 3
220 274 3
150 275 3
75 276 1
227 277 3
16 278 1
49 279 3
259 280 1
133 281 1
152 282 1
201 283 1
143 284 2
22 285 2
216 286 3
59 287 2
231 288 2
177 289 2
245 290 1
129 291 2
276 292 2
122 293 3
152 294 3
228 295 2
256 296 2
98 297 1
84 298 2
80 299 15
57 300 1
49 301 2
179 302 3
106 303 2
83 304 2
216 305 3
272 306 3
249 307 1
274 308 2
114 309 3
187 310 2
17 311 3
19 312 1
309 313 2
249 314 1
130 315 1
296 316 2
312 317 1
260 318 3
173 319 3
39 320 1
177 321 3
203 322 2
301 323 1
54 324 1
308 325 1
14 326 2
296 327 2
297 328 3
122 329 2
178 330 2
83 331 3
13 332 3
311 333 1
104 334 3
164 335 1
115 336 2
318 337 3
188 338 12
106 339 2
92 340 2
106 341 1
209 342 2
236 343 1
225 344 3
159 345 2
66 346 1
336 347 2
345 348 1
209 349 3
315 350 3
262 351 10
326 352 1
31 353 1
12 354 3
346 355 3
219 356 2
130 357 3
322 358 1
149 359 1
171 360 1
157 361 2
57 362 2
322 363 3
290 364 1
277 365 2
14 366 3
246 367 1
103 368 3
117 369 2
2 370 3
109 371 1
370 372 3
251 373 3
33 374 3
351 375 1
165 376 2
364 377 3
174 378 2
269 379 1
226 380 1
317 381 1
286 382 2
362 383 3
101 384 3
197 385 2
188 386 2
157 387 3
294 388 3
231 389 1
315 390 3
273 391 2
24 392 2
38 393 3
287 394 1
353 395 2
153 396 3
353 397 2
349 398 2
106 399 2
50 400 2
79 401 3
328 402 1
170 403 1
156 404 3
22 405 1
20 406 6
152 407 2
226 408 1
184 409 1
6 410 1
197 411 2
74 412 3
122 413 2
113 414 3
204 415 2
53 416 3
328 417 1
391 418 2
231 419 1
260 420 3
116 421 1
328 422 1
244 423 1
159 424 2
195 425 2
261 426 2
72 427 2
121 428 3
197 429 1
316 430 1
54 431 1
428 432 3
336 433 3
305 434 2
407 435 2
183 436 2
357 437 2
343 438 2
436 439 3
404 440 1
151 441 1
135 442 2
64 443 1
127 444 1
4 445 3
138 446 3
388 447 2
343 448 1
158 449 1
165 450 3
254 451 3
265 452 1
442 453 2
331 454 3
315 455 3
336 456 2
436 457 1
377 458 3
434 459 2
245 460 2
303 461 2
225 462 1
247 463 3
228 464 3
178 465 1
19 466 3
398 467 2
416 468 2
285 469 2
102 470 3
426 471 1
176 472 3
379 473 3
472 474 3
104 475 3
212 476 1
389 477 2
458 478 2
288 479 3
55 480 1
479 481 3
398 482 2
224 483 2
398 484 3
216 485 2
34 486 3
5 487 3
353 488 1
456 489 1
43 490 1
463 491 2
208 492 2
64 493 3
257 494 3
406 495 6
186 496 3
489 497 3
140 498 3
211 499 2
338 500 10
71 501 1
40 502 2
262 503 3
28 78 4
80 88 8
46 100 3
98 107 2
22 112 2
14 120 2
64 130 2
68 131 1
26 140 1
145 150 2
87 154 2
90 164 2
56 172 1
144 173 14
165 174 2
133 182 9
133 185 9
35 188 5
125 192 3
2 195 2
166 198 3
50 199 2
187 200 1
22 204 2
128 204 3
127 206 1
49 212 3
76 215 1
66 222 3
198 226 1
93 227 2
211 233 2
163 239 2
198 241 3
41 254 3
93 257 3
216 261 2
145 267 1
5 269 3
76 272 3
240 274 2
93 278 1
249 280 1
59 285 2
13 287 1
200 288 2
169 289 3
93 292 2
43 295 3
194 307 3
152 308 2
129 311 3
194 323 1
27 324 1
239 327 1
26 328 2
46 336 2
175 338 5
196 339 2
83 340 1
165 342 2
150 344 1
207 347 2
174 348 3
158 349 2
89 350 2
270 352 3
5 362 2
165 364 2
97 366 3
265 367 2
343 369 3
11 372 2
87 378 2
339 379 1
16 380 3
107 383 3
210 385 2
61 389 3
52 391 2
255 394 2
132 395 3
16 396 3
196 403 1
199 404 1
203 405 1
271 405 1
66 408 1
165 408 3
219 408 2
165 409 1
311 413 2
408 419 3
424 425 2
93 428 6
302 428 3
10 432 3
58 433 3
336 435 1
292 444 3
245 447 2
347 447 2
369 447 2
255 449 1
215 450 1
281 457 1
38 458 3
325 462 1
380 462 1
418 463 2
84 465 1
296 473 2
357 476 3
413 476 3
292 477 1
288 481 3
440 482 3
215 484 3
378 486 3
6 492 2
179 493 3
73 495 6
115 495 2
89 498 1
437 498 3
238 499 2
267 499 3
312 501 2
504 519 3
518 532 2
520 555 3
546 577 1
529 581 1
542 588 1
535 594 2
528 600 1
519 608 1
523 612 2
579 638 1
618 642 3
558 658 1
586 659 2
628 664 3
534 676 1
629 681 3
520 685 1
662 696 3
682 697 1
671 705 2
653 716 2
715 718 1
576 724 1
704 725 1
558 728 1
532 731 3
619 733 2
732 739 3
670 742 1
735 748 3
656 752 1
613 756 2
600 757 1
564 764 1
694 768 3
588 769 2
633 774 1
615 780 3
781 784 1
525 786 1
514 793 1
620 794 1
578 796 2
574 808 3
507 809 2
568 811 3
651 813 1
801 815 1
623 819 3
694 820 1
595 821 3
736 821 1
604 825 3
704 840 3
641 843 2
599 845 1
650 846 2
666 849 2
534 852 1
812 852 2
510 858 1
851 868 1
631 870 2
639 871 2
526 874 2
706 874 3
786 877 2
596 879 2
880 881 1
794 882 2
835 893 2
577 894 2
627 896 1
700 901 2
872 907 2
799 909 1
865 909 1
661 912 1
797 913 2
853 913 1
851 914 2
698 915 3
772 915 2
834 919 1
904 921 3
698 925 3
890 925 1
640 926 1
874 926 2
695 934 2
752 935 3
796 942 2
778 944 2
909 944 1
635 951 1
913 951 1
821 952 1
950 958 1
737 959 2
721 961 3
923 962 2
635 964 2
866 970 3
582 973 3
936 973 2
593 978 3
757 979 3
569 983 3
914 983 2
717 989 2
830 989 3
563 991 2
650 992 3
622 993 3
593 994 2
569 996 2
576 996 1
937 996 2
565 997 3
828 1000 3
876 1000 3
914 1001 3
159 57 81 216 89 196 129 132 322 14 49 8 113 378 288 115 343 85 3 296 101 79 257 428 7 211 111 219 312 35 72 476 173 200 260 12 27 347 30 215 227 285 16 74 436 177 163 175 64 362 106 413 22 379 164 389 315 75 140 178 463 130 19 308 274 110 339 50 38 9 458 150 157 499 192 498 174 56 198 255 172 152 120 138 54 18 80 39 231 272 156 176 447 76 17
4 299 15
10 12 12
10 69 8
5 39 10
5 245 10
10 16 2
10 86 3
10 207 2
9 351 10
3 500 10
6 220 6
9 463 14
5 4 6