305 165 9 9 16
1 2 16
2 3 13
3 4 3
3 5 2
4 6 4
1 7 17
1 8 8
5 9 3
9 10 9
2 11 16
10 12 1
11 13 16
10 14 11
9 15 8
10 16 2
9 17 3
6 18 8
17 19 3
9 20 2
12 21 3
3 22 13
21 23 3
17 24 1
7 25 16
25 26 15
12 27 3
22 28 3
8 29 3
26 30 15
13 31 16
29 32 5
9 33 2
24 34 1
10 35 1
5 36 3
24 37 2
7 38 1
26 39 9
35 40 1
28 41 3
26 42 3
22 43 7
42 44 3
23 45 2
8 46 4
33 47 3
9 48 1
34 49 3
38 50 5
31 51 16
11 52 3
15 53 8
7 54 5
11 55 2
43 56 7
36 57 3
40 58 2
46 59 4
55 60 2
58 61 1
41 62 1
34 63 7
24 64 2
35 65 1
18 66 2
53 67 3
43 68 1
34 69 1
15 70 1
47 71 1
32 72 6
29 73 3
18 74 3
53 75 9
28 76 3
39 77 9
13 78 3
68 79 1
40 80 2
4 81 1
40 82 1
50 83 2
12 84 1
15 85 2
44 86 2
29 87 1
57 88 1
1 89 2
26 90 1
12 91 1
44 92 1
17 23 3
21 25 2
4 40 3
8 47 3
2 50 14
6 54 5
18 59 4
32 67 1
35 71 3
41 72 3
38 73 3
30 74 3
50 75 9
50 76 3
34 77 9
11 80 15
20 82 2
74 82 3
21 87 1
12 88 3
94 129 2
116 135 2
100 141 3
106 149 1
139 151 2
121 156 3
130 173 2
104 176 2
104 181 1
142 183 3
131 189 3
169 190 3
136 191 1
115 193 2
101 201 2
98 202 2
111 202 1
135 209 1
157 211 2
176 224 3
201 228 2
155 230 3
222 231 1
201 242 3
232 244 1
164 246 1
243 246 2
135 249 1
141 252 1
101 253 2
114 255 3
128 257 3
226 258 1
215 259 1
137 267 3
229 268 1
234 269 2
128 270 1
177 270 1
215 273 3
246 277 1
228 282 3
222 284 1
260 284 2
175 285 2
245 294 3
262 295 3
205 296 3
189 297 3
188 298 2
249 299 2
238 300 3
251 304 2
158 305 1
25 22 28 18 12 26 44 38 29
6 51 16
4 38 11
1 17 1
5 72 9
2 34 3
7 56 7
4 6 8
2 14 11
4 26 19
5 25 15
7 18 15
2 80 15
7 30 15
2 63 7
6 28 3
9 40 6