94 60 14 6 13
1 2 11
2 3 8
2 4 9
3 5 5
4 6 6
4 7 3
6 8 8
1 9 10
2 10 9
9 11 8
8 12 3
3 13 9
13 14 3
2 15 1
2 16 3
2 17 6
10 18 3
18 19 3
11 20 3
14 21 9
2 22 5
11 23 6
14 24 10
22 25 2
6 26 1
16 27 3
23 28 4
6 29 11
24 30 10
19 31 3
20 32 3
20 33 2
32 34 5
28 35 2
29 36 3
3 9 10
4 20 3
4 21 7
5 28 2
13 28 3
27 29 3
28 30 10
13 32 5
22 32 5
21 33 2
1 34 10
8 34 5
23 35 2
31 36 3
45 52 1
37 55 1
49 65 1
42 69 3
44 79 3
71 87 1
76 88 2
50 89 1
42 91 3
49 94 2
60 94 2
6 28 13 32 3 4 29 20 8 14 9 2 11 23
2 17 6
4 29 18
4 10 11
1 24 19
6 11 18
3 31 2
4 14 1
1 19 1
5 32 18
6 24 10
4 9 19
2 5 5
2 27 3