2008 679 36 13 23
1 2 6
1 3 10
3 4 6
3 5 2
4 6 2
4 7 1
3 8 3
3 9 4
2 10 3
4 11 1
7 12 7
5 13 2
7 14 2
12 15 5
14 16 2
3 17 1
15 18 3
15 19 5
14 20 2
12 21 7
2 22 2
10 23 2
23 24 3
11 25 1
11 26 1
19 27 5
20 28 2
10 29 4
11 30 2
3 31 7
21 32 1
30 33 7
6 34 3
22 35 3
29 36 1
9 37 9
9 38 1
22 39 2
23 40 3
2 41 1
40 42 3
36 43 1
28 44 7
34 45 3
38 46 1
43 47 16
12 48 10
7 49 10
35 50 3
49 51 2
29 52 2
28 53 8
33 54 2
15 55 3
1 56 17
6 57 3
25 58 1
48 59 8
37 60 3
60 61 3
30 62 7
38 63 4
60 64 1
29 65 3
63 66 4
49 67 10
28 68 8
54 69 1
48 70 2
9 71 2
5 72 3
43 73 2
43 74 14
27 75 2
52 76 4
65 77 5
20 78 1
39 79 2
70 80 3
1 81 13
79 82 3
71 83 3
21 84 19
38 85 4
58 86 2
48 87 3
42 88 1
1 89 12
85 90 2
68 91 12
31 92 3
2 93 1
62 94 3
72 95 2
35 96 2
73 97 3
38 98 5
52 99 2
14 100 1
3 101 2
98 102 3
49 103 3
48 104 13
90 105 3
92 106 2
63 107 3
16 108 1
103 109 3
20 110 1
21 111 3
31 112 3
78 113 2
110 114 3
13 115 3
27 116 3
66 117 3
88 118 14
64 119 1
119 120 3
116 121 3
3 122 2
33 123 1
10 124 1
96 125 2
79 126 2
91 127 2
3 128 3
79 129 1
25 130 3
61 131 1
7 132 2
32 133 3
8 134 2
29 135 2
118 136 2
74 137 6
70 138 1
1 139 4
125 140 1
82 141 1
31 142 6
137 143 9
36 144 1
56 145 17
136 146 2
140 147 2
8 148 3
81 149 13
32 150 1
100 151 1
88 152 1
73 153 3
56 154 5
64 155 1
38 156 2
46 157 1
129 158 2
97 159 6
130 160 1
61 161 3
140 162 3
54 163 2
121 164 3
20 25 2
37 44 9
38 53 8
44 61 3
61 64 1
35 65 3
2 66 4
6 69 2
25 71 3
4 74 8
13 76 2
44 79 4
38 87 3
70 88 3
88 91 7
62 92 1
49 97 3
88 99 3
16 100 2
96 113 1
108 114 3
77 117 3
76 118 14
19 120 3
44 123 3
62 124 6
91 126 3
10 131 2
14 131 3
57 132 2
58 137 9
129 138 2
124 139 4
101 140 1
34 143 1
88 143 9
58 145 6
104 145 13
38 146 2
91 152 3
85 153 3
77 154 5
98 157 10
142 159 6
32 160 2
133 160 3
49 161 3
122 162 1
86 163 3
80 164 2
119 164 3
178 323 1
269 340 3
329 360 2
342 393 1
211 414 2
210 430 2
208 438 2
428 442 3
447 450 3
225 469 1
381 472 2
259 491 1
412 494 2
475 500 2
362 506 2
317 508 3
386 535 3
467 548 3
321 549 1
324 552 2
498 552 2
433 560 3
229 561 1
416 569 1
433 590 2
324 596 3
491 601 3
361 604 3
168 606 1
471 609 1
460 618 3
529 642 1
409 645 1
532 646 3
574 649 3
258 651 2
504 655 2
324 660 1
615 668 3
626 675 3
435 692 1
588 694 3
379 695 2
402 703 3
558 741 2
714 754 1
719 755 3
490 769 1
338 773 3
204 775 1
351 777 3
301 781 1
495 781 3
239 787 2
680 795 2
222 798 2
454 800 2
742 800 1
752 816 1
456 818 3
827 839 2
679 852 3
829 855 2
732 860 2
280 862 1
339 862 2
702 862 1
643 864 1
251 868 2
300 872 2
338 880 2
721 898 3
615 906 3
242 915 2
841 917 3
798 922 3
489 924 3
721 926 1
404 937 1
491 938 2
249 942 2
461 946 2
727 956 1
781 958 1
467 959 1
915 959 3
386 960 1
183 969 1
314 972 2
566 976 2
541 977 1
210 978 1
758 979 1
875 986 3
595 996 3
507 997 3
610 998 1
385 1003 2
887 1005 3
678 1011 1
184 1012 2
928 1017 2
672 1018 3
589 1027 3
566 1030 2
337 1047 3
326 1054 2
1021 1068 3
947 1071 3
909 1082 2
519 1090 2
560 1097 2
695 1098 3
802 1098 1
409 1099 2
505 1120 2
829 1132 2
873 1135 1
526 1137 2
301 1145 1
959 1145 2
780 1150 2
257 1156 3
1015 1160 2
411 1163 2
714 1164 1
1068 1164 1
1079 1176 3
255 1179 3
1186 1188 3
1124 1190 2
976 1193 1
1106 1201 2
458 1202 2
317 1205 2
486 1205 3
751 1211 3
986 1222 1
1112 1227 3
822 1230 2
907 1233 2
359 1234 1
360 1242 3
979 1242 3
549 1248 3
176 1262 1
420 1263 2
977 1263 2
355 1271 3
1182 1272 1
433 1275 1
635 1277 3
877 1282 2
859 1286 3
1116 1291 1
466 1296 3
700 1296 2
1137 1307 1
516 1308 2
997 1308 2
801 1311 3
1124 1315 1
340 1318 3
853 1319 1
250 1323 2
1220 1331 1
707 1333 1
237 1338 2
1037 1340 3
1041 1340 2
625 1341 2
701 1348 2
1231 1349 2
1217 1354 3
401 1355 3
851 1357 1
1270 1361 2
431 1367 3
1256 1368 1
1362 1368 2
481 1370 3
697 1373 1
1172 1375 3
888 1377 1
438 1381 1
508 1382 1
1276 1390 1
435 1396 3
1036 1403 3
477 1405 3
906 1405 2
953 1407 2
914 1408 3
1269 1413 1
855 1416 2
593 1419 2
495 1422 3
824 1422 2
727 1424 2
256 1427 3
482 1427 3
1361 1427 2
1022 1431 3
1091 1431 2
318 1432 3
945 1436 1
211 1437 3
1148 1442 2
646 1445 3
970 1445 1
739 1453 1
1040 1453 3
1300 1455 1
953 1456 1
590 1457 1
1405 1457 1
1206 1459 1
346 1461 3
499 1463 1
1068 1469 1
1112 1469 3
1358 1476 2
637 1480 2
232 1483 2
441 1483 2
1312 1483 2
1391 1485 2
1334 1488 2
1208 1503 1
209 1504 2
291 1509 1
627 1509 3
210 1510 2
1347 1511 1
1160 1521 2
367 1522 1
1283 1522 2
339 1525 1
366 1531 2
1498 1531 2
970 1533 2
528 1540 3
459 1542 3
857 1545 2
1439 1547 1
663 1553 3
864 1553 2
806 1555 3
1363 1567 3
1485 1572 1
1309 1577 2
1011 1579 2
932 1580 1
1189 1585 1
1494 1588 2
1323 1594 3
464 1597 1
191 1598 3
561 1598 2
490 1602 3
1146 1602 2
1523 1602 3
1124 1604 1
966 1610 2
1106 1610 3
1481 1610 2
761 1611 3
653 1620 2
900 1623 1
1333 1624 2
1212 1627 2
1229 1630 3
242 1636 3
261 1637 2
186 1639 3
906 1644 2
1342 1644 3
1413 1647 1
803 1648 1
1120 1648 3
823 1650 3
627 1660 1
1392 1662 3
1103 1664 3
928 1673 2
1035 1674 1
1031 1677 3
407 1683 2
1632 1685 1
695 1700 3
1394 1700 3
1262 1703 1
598 1707 2
1258 1708 1
1161 1710 2
267 1713 1
1419 1718 2
918 1722 3
480 1724 1
469 1725 1
361 1726 1
1248 1727 3
1594 1727 3
1147 1730 1
556 1733 3
1222 1733 1
397 1734 1
1025 1734 1
1365 1735 1
1597 1735 2
860 1736 1
1484 1741 1
285 1742 1
598 1742 3
514 1745 1
215 1751 3
779 1751 2
1399 1751 1
559 1752 1
1086 1752 3
586 1753 2
1291 1753 1
585 1754 1
1577 1754 1
1081 1756 3
1117 1758 3
1314 1759 3
456 1760 2
1267 1764 3
1477 1765 1
1059 1769 2
1222 1774 1
380 1775 2
758 1778 1
836 1781 2
1776 1783 1
653 1785 3
1463 1786 2
488 1787 3
1182 1787 2
801 1790 3
829 1791 2
622 1792 1
1244 1797 1
1734 1801 2
673 1804 3
1040 1805 1
447 1809 3
597 1811 2
1009 1811 2
1123 1812 3
1690 1813 3
724 1815 3
1722 1815 3
679 1816 1
1372 1817 3
457 1820 2
1710 1820 3
1281 1821 2
1152 1822 1
589 1824 1
786 1825 3
1525 1829 2
734 1832 3
528 1835 2
883 1837 1
828 1844 3
1002 1847 2
652 1848 3
517 1849 3
1729 1849 1
560 1852 3
1040 1852 3
723 1853 2
232 1856 2
457 1863 2
939 1863 2
408 1865 3
584 1866 3
999 1866 1
974 1869 1
1442 1869 2
1147 1870 3
573 1874 2
1837 1874 1
362 1877 1
417 1881 1
1112 1883 1
927 1886 1
262 1890 3
539 1890 3
1185 1890 3
514 1891 1
1018 1891 1
867 1893 3
180 1895 3
583 1895 2
490 1898 2
411 1899 3
1441 1900 2
632 1901 3
1418 1901 2
1817 1902 3
446 1904 1
865 1904 1
1321 1904 1
1043 1905 3
1790 1906 3
927 1907 1
1078 1910 1
755 1914 1
205 1917 3
648 1923 3
1763 1923 2
277 1924 3
733 1927 2
219 1929 1
287 1929 1
371 1929 1
811 1932 2
1547 1932 1
961 1933 3
1138 1936 3
1868 1936 3
864 1937 2
1598 1937 2
318 1938 2
1038 1938 2
237 1945 1
689 1946 1
1673 1947 3
1783 1948 3
899 1950 2
1554 1950 1
513 1952 3
1674 1956 3
276 1957 2
1368 1960 2
421 1965 3
233 1966 3
859 1972 1
989 1972 1
1205 1973 1
1884 1973 2
1384 1974 1
944 1977 3
1262 1977 1
1858 1980 2
226 1981 1
1313 1981 1
388 1983 1
1504 1983 1
658 1984 2
1772 1987 2
1518 1989 2
1893 1989 3
381 1990 2
799 1990 1
681 1994 1
1420 1995 2
1060 1997 3
880 2002 1
1743 2002 2
1036 2003 2
705 2008 2
79 164 85 64 91 71 21 97 124 6 9 19 44 23 38 5 74 25 76 52 96 10 48 43 140 15 98 22 58 131 92 34 60 8 11 2
13 131 1
11 76 16
4 137 16
9 119 2
10 84 19
2 33 4
10 47 16
5 27 7
2 77 7
4 67 10
6 82 3
9 89 12
12 164 7
3 149 13
8 28 3
7 116 2
3 85 4
11 68 19
9 29 8
3 9 1
3 59 8
12 157 10
12 42 3