2001 2509 511 11 29
1 2 16
2 3 18
2 4 4
1 5 18
4 6 6
3 7 14
1 8 18
8 9 11
3 10 1
2 11 8
5 12 12
3 13 4
2 14 6
6 15 2
13 16 3
9 17 5
9 18 2
4 19 1
14 20 2
18 21 3
11 22 8
9 23 11
14 24 4
3 25 1
12 26 2
21 27 1
8 28 4
14 29 2
17 30 5
21 31 1
7 32 3
25 33 3
28 34 1
28 35 1
29 36 2
25 37 3
16 38 4
19 39 2
38 40 3
25 41 1
1 42 2
30 43 2
39 44 1
5 45 5
32 46 2
26 47 2
11 48 3
28 49 3
8 50 2
33 51 3
19 52 3
26 53 2
28 54 3
38 55 3
17 56 2
21 57 1
24 58 2
47 59 1
48 60 1
26 61 3
6 62 3
45 63 4
10 64 3
16 65 2
59 66 2
29 67 2
62 68 3
23 69 2
66 70 3
26 71 1
68 72 1
54 73 2
38 74 4
18 75 1
2 76 1
57 77 1
69 78 3
67 79 3
73 80 3
18 81 2
68 82 1
51 83 3
74 84 3
56 85 3
78 86 3
85 87 2
14 88 3
21 89 4
3 90 2
13 91 6
1 92 17
32 93 2
77 94 3
33 95 2
76 96 3
68 97 2
17 98 3
1 99 11
33 100 1
86 101 1
38 102 3
78 103 3
90 104 1
4 105 2
33 106 1
86 107 3
54 108 4
93 109 2
75 110 3
104 111 3
53 112 2
81 113 2
98 114 3
97 115 1
96 116 3
109 117 3
102 118 2
57 119 1
71 120 2
57 121 3
76 122 3
84 123 2
109 124 3
113 125 2
23 126 11
124 127 1
62 128 1
118 129 2
11 130 3
118 131 3
83 132 2
42 133 4
96 134 2
10 135 4
32 136 1
15 137 2
38 138 1
85 139 2
86 140 3
113 141 3
21 142 3
13 143 3
78 144 3
25 145 1
63 146 4
26 147 3
94 148 1
20 149 3
43 150 3
43 151 4
65 152 1
35 153 1
97 154 1
96 155 3
80 156 3
80 157 3
30 158 4
18 159 2
61 160 3
135 161 1
158 162 2
17 163 3
6 164 3
79 165 1
22 166 3
119 167 1
132 168 3
64 169 2
92 170 11
67 171 1
155 172 3
9 173 3
133 174 4
87 175 2
82 176 2
130 177 3
156 178 1
43 179 5
171 180 2
121 181 1
127 182 1
146 183 4
162 184 1
115 185 3
122 186 2
35 187 2
87 188 2
68 189 3
140 190 3
34 191 2
62 192 2
138 193 2
160 194 2
131 195 1
184 196 1
93 197 3
65 198 3
129 199 3
83 200 3
14 201 1
3 202 3
56 203 2
116 204 3
51 205 1
117 206 2
3 207 13
123 208 3
193 209 2
156 210 2
145 211 3
124 212 3
211 213 3
39 214 3
19 215 3
161 216 3
10 217 3
54 218 1
85 219 2
179 220 1
27 221 3
129 222 2
134 223 2
104 224 3
30 225 2
70 226 3
82 227 2
47 228 3
92 229 3
191 230 3
123 231 2
207 232 2
224 233 2
207 234 5
142 235 3
43 236 1
2 237 1
106 238 2
233 239 1
135 240 4
164 241 3
149 242 1
18 243 2
243 244 3
152 245 1
235 246 1
107 247 2
218 248 1
203 249 1
25 250 3
95 251 2
164 252 3
158 253 3
169 254 3
168 255 2
158 256 4
103 257 3
219 258 4
173 259 3
78 260 2
104 261 1
226 262 2
219 263 4
47 264 1
155 265 1
182 266 3
62 267 3
186 268 2
6 269 5
222 270 1
207 271 2
19 272 9
194 273 2
64 274 3
9 275 2
248 276 3
204 277 2
213 278 1
189 279 3
134 280 1
61 281 3
126 282 9
268 283 1
10 284 3
188 285 1
90 286 1
247 287 2
68 288 2
69 289 1
65 290 1
280 291 3
287 292 2
229 293 2
103 294 3
202 295 5
57 296 2
40 297 3
198 298 3
293 299 1
12 300 1
82 301 1
108 302 5
233 303 3
1 304 6
109 305 1
142 306 1
7 307 1
224 308 2
277 309 1
23 310 1
122 311 2
280 312 2
86 313 1
209 314 1
185 315 2
39 316 3
270 317 1
36 318 2
91 319 2
48 320 2
244 321 1
108 322 5
309 323 2
23 324 2
73 325 3
134 326 1
257 327 3
298 328 3
250 329 1
71 330 1
31 331 3
143 332 2
249 333 3
51 334 2
87 335 1
119 336 3
61 337 2
3 338 2
26 339 2
30 340 14
281 341 1
272 342 9
184 343 3
26 344 2
223 345 2
345 346 3
314 347 3
323 348 1
151 349 2
273 350 3
183 351 4
24 352 2
336 353 2
333 354 1
328 355 3
329 356 3
296 357 3
95 358 3
150 359 2
30 360 2
169 361 2
143 362 3
265 363 2
139 364 1
99 365 3
364 366 3
355 367 1
104 368 2
316 369 3
185 370 2
39 371 3
343 372 1
136 373 2
205 374 3
193 375 2
341 376 1
286 377 2
114 378 3
327 379 6
248 380 3
173 381 1
112 382 5
346 383 2
26 384 1
301 385 1
249 386 9
243 387 2
294 388 3
67 389 2
280 390 1
77 391 3
262 392 1
122 393 3
153 394 3
128 395 3
226 396 3
220 397 3
200 398 3
278 399 1
345 400 5
35 401 1
346 402 2
175 403 2
379 404 1
154 405 1
118 406 2
161 407 2
141 408 1
137 409 3
319 410 2
362 411 2
240 412 3
4 413 1
299 414 3
26 415 3
202 416 5
222 417 2
190 418 1
406 419 3
172 420 1
233 421 2
327 422 3
50 423 1
232 424 3
341 425 3
210 426 2
8 427 5
156 428 3
298 429 3
295 430 2
113 431 1
397 432 3
182 433 3
112 434 3
56 435 1
319 436 3
244 437 2
112 438 3
74 439 2
274 440 3
85 441 1
59 442 3
119 443 1
344 444 1
372 445 1
94 446 3
153 447 2
11 448 8
36 449 3
113 450 2
193 451 3
385 452 2
97 453 3
212 454 2
206 455 1
284 456 3
427 457 3
47 458 2
21 459 2
161 460 2
199 461 3
177 462 3
362 463 3
345 464 3
206 465 3
387 466 1
410 467 3
116 468 3
231 469 2
432 470 3
173 471 3
370 472 2
150 473 2
108 474 2
8 475 1
2 476 2
130 477 1
371 478 1
423 479 1
334 480 2
198 481 1
321 482 3
186 483 2
201 484 1
433 485 2
218 486 2
132 487 1
158 488 1
36 489 2
151 490 4
439 491 1
281 492 1
312 493 3
458 494 2
49 495 3
74 496 3
151 497 2
171 498 2
445 499 3
39 500 2
117 501 3
149 502 3
136 503 3
139 504 2
399 505 3
471 506 1
38 507 3
199 508 1
227 509 2
188 510 1
229 511 2
304 512 5
396 513 2
16 514 3
308 515 2
103 516 1
388 517 2
58 518 3
33 519 3
504 520 6
330 521 1
269 522 13
431 523 3
373 524 1
242 525 1
334 526 2
259 527 3
315 528 1
218 529 1
23 530 13
472 531 2
267 532 3
481 533 2
466 534 2
6 535 1
481 536 1
28 537 1
213 538 2
113 539 1
341 540 1
431 541 2
152 542 2
380 543 3
104 544 3
410 545 3
69 546 1
3 547 3
173 548 2
370 549 1
418 550 1
65 551 2
406 552 2
95 553 1
54 554 2
333 555 1
128 556 1
240 557 4
93 558 3
197 559 3
392 560 3
282 561 10
157 562 1
33 563 3
321 564 2
527 565 3
327 566 2
141 567 1
536 568 3
509 569 3
295 570 1
503 571 2
187 572 1
21 573 3
308 574 2
296 575 3
256 576 1
365 577 3
519 578 2
319 579 3
340 580 14
176 581 3
306 582 2
552 583 2
145 584 2
425 585 2
310 586 2
163 587 1
90 588 1
218 589 2
428 590 3
436 591 2
265 592 1
165 593 1
239 594 3
312 595 1
440 596 3
99 597 6
573 598 3
466 599 3
180 600 1
28 601 2
574 602 1
299 603 3
452 604 1
412 605 3
477 606 2
166 607 1
552 608 3
213 609 2
235 610 3
301 611 2
526 612 1
515 613 2
182 614 2
361 615 2
134 616 2
340 617 1
429 618 3
354 619 1
294 620 1
106 621 3
367 622 3
498 623 1
101 624 3
98 625 2
366 626 3
500 627 3
355 628 2
593 629 1
414 630 2
409 631 3
96 632 3
262 633 2
580 634 3
224 635 4
245 636 1
241 637 2
58 638 3
16 639 2
350 640 1
242 641 2
399 642 3
452 643 3
20 644 1
357 645 1
91 646 3
449 647 3
375 648 1
88 649 1
285 650 3
369 651 2
645 652 3
388 653 3
33 654 3
508 655 2
165 656 3
132 657 3
19 658 10
54 659 1
62 660 3
133 661 2
123 662 1
108 663 3
400 664 3
448 665 2
311 666 2
559 667 2
377 668 3
535 669 3
429 670 2
668 671 2
443 672 1
123 673 2
503 674 2
342 675 3
389 676 1
673 677 2
131 678 2
295 679 5
274 680 1
332 681 2
26 682 3
352 683 3
445 684 1
16 685 1
21 686 3
665 687 2
425 688 3
464 689 3
637 690 2
71 691 3
39 692 1
412 693 3
533 694 1
417 695 2
635 696 3
589 697 3
166 698 2
622 699 2
428 700 3
330 701 2
606 702 3
112 703 2
134 704 2
423 705 1
228 706 3
494 707 2
115 708 1
565 709 3
534 710 1
71 711 3
646 712 1
5 713 1
6 714 6
673 715 1
364 716 2
207 717 13
506 718 3
651 719 2
345 720 1
344 721 2
416 722 1
490 723 4
94 724 3
432 725 1
57 726 2
596 727 3
93 728 2
705 729 3
183 730 3
327 731 4
614 732 3
320 733 3
683 734 1
610 735 2
348 736 1
247 737 3
260 738 2
94 739 2
520 740 2
591 741 3
498 742 3
360 743 3
163 744 3
36 745 1
30 746 3
354 747 1
562 748 1
101 749 3
19 750 2
173 751 3
334 752 2
578 753 3
273 754 3
121 755 2
574 756 1
207 757 3
235 758 1
575 759 3
543 760 1
390 761 1
755 762 3
50 763 3
569 764 1
349 765 2
310 766 1
14 767 2
284 768 3
27 769 3
438 770 1
664 771 2
294 772 2
296 773 1
479 774 2
54 775 1
576 776 1
436 777 3
404 778 1
109 779 2
331 780 3
432 781 3
263 782 4
252 783 1
347 784 1
554 785 2
266 786 5
379 787 1
291 788 3
665 789 2
9 790 2
756 791 2
273 792 1
58 793 1
121 794 1
369 795 1
169 796 3
461 797 2
171 798 2
745 799 1
295 800 2
78 801 3
249 802 1
497 803 2
391 804 3
718 805 3
379 806 13
214 807 3
37 808 2
240 809 1
282 810 1
193 811 1
805 812 2
219 813 3
14 814 1
618 815 3
503 816 1
1 817 1
450 818 1
474 819 1
386 820 1
752 821 1
770 822 2
87 823 1
5 824 2
474 825 1
188 826 2
360 827 2
198 828 3
431 829 3
630 830 2
707 831 1
196 832 1
374 833 2
419 834 1
686 835 3
324 836 2
580 837 3
92 838 3
836 839 1
671 840 1
86 841 2
276 842 2
32 843 2
102 844 2
257 845 3
22 846 2
655 847 1
805 848 3
125 849 1
502 850 2
119 851 2
442 852 17
458 853 3
483 854 1
88 855 3
721 856 2
321 857 3
476 858 1
613 859 3
468 860 1
211 861 2
111 862 1
35 863 2
73 864 2
732 865 1
715 866 3
672 867 2
360 868 2
367 869 2
854 870 1
468 871 1
680 872 1
849 873 3
840 874 3
125 875 3
716 876 2
234 877 7
309 878 2
579 879 3
289 880 2
486 881 2
640 882 2
840 883 1
218 884 3
263 885 3
582 886 2
879 887 3
37 888 1
27 889 1
354 890 3
556 891 3
446 892 1
466 893 2
45 894 3
315 895 2
7 896 16
733 897 3
580 898 2
577 899 2
829 900 3
850 901 3
528 902 2
156 903 2
478 904 1
498 905 3
467 906 1
793 907 2
848 908 2
208 909 3
491 910 2
865 911 2
281 912 1
564 913 2
465 914 1
294 915 1
50 916 1
195 917 1
476 918 2
156 919 2
786 920 5
319 921 2
454 922 2
150 923 2
363 924 1
833 925 3
255 926 1
653 927 1
216 928 1
459 929 3
653 930 2
574 931 3
353 932 2
541 933 3
721 934 3
406 935 3
584 936 2
497 937 3
247 938 3
58 939 3
200 940 3
918 941 2
506 942 3
803 943 2
712 944 2
690 945 1
815 946 1
303 947 1
648 948 1
143 949 1
722 950 1
89 951 3
508 952 2
70 953 2
290 954 1
609 955 1
202 956 2
214 957 1
38 958 3
923 959 2
145 960 3
366 961 3
284 962 2
233 963 2
184 964 1
942 965 2
155 966 2
900 967 2
302 968 16
644 969 1
501 970 2
831 971 1
137 972 2
927 973 1
718 974 2
673 975 3
176 976 3
93 977 3
688 978 1
512 979 3
284 980 2
525 981 2
729 982 3
689 983 2
426 984 2
450 985 3
604 986 2
770 987 1
963 988 1
559 989 1
347 990 1
557 991 2
257 992 3
949 993 3
194 994 1
631 995 3
569 996 3
746 997 3
920 998 1
460 999 3
594 1000 3
15 1001 3
24 1002 3
961 1003 3
270 1004 3
250 1005 3
43 1006 15
870 1007 3
447 1008 2
266 1009 3
911 1010 1
282 1011 2
64 1012 6
974 1013 3
682 1014 1
345 1015 1
145 1016 1
611 1017 2
470 1018 3
387 1019 2
531 1020 1
706 1021 1
814 1022 3
1019 1023 2
667 1024 2
529 1025 1
642 1026 2
131 1027 2
986 1028 1
207 1029 2
460 1030 3
255 1031 3
620 1032 1
441 1033 3
637 1034 7
597 1035 6
294 1036 2
456 1037 1
642 1038 1
369 1039 1
635 1040 4
414 1041 3
1020 1042 1
92 1043 4
765 1044 1
897 1045 3
987 1046 1
956 1047 2
594 1048 1
241 1049 1
453 1050 3
694 1051 3
529 1052 1
676 1053 3
332 1054 2
644 1055 3
31 1056 3
481 1057 3
431 1058 3
514 1059 1
750 1060 3
60 1061 1
690 1062 3
992 1063 3
951 1064 6
454 1065 2
167 1066 1
722 1067 1
125 1068 3
802 1069 1
1008 1070 3
620 1071 1
329 1072 3
1033 1073 1
613 1074 3
906 1075 1
841 1076 1
31 1077 2
255 1078 3
91 1079 1
517 1080 2
278 1081 3
904 1082 3
103 1083 1
690 1084 3
475 1085 2
416 1086 3
32 1087 3
802 1088 3
380 1089 3
450 1090 3
669 1091 2
691 1092 3
969 1093 2
963 1094 2
389 1095 3
341 1096 5
1014 1097 2
966 1098 1
156 1099 3
561 1100 2
156 1101 3
222 1102 1
237 1103 1
755 1104 1
864 1105 2
136 1106 3
49 1107 1
637 1108 10
379 1109 1
196 1110 2
307 1111 2
292 1112 3
460 1113 2
923 1114 2
626 1115 1
897 1116 1
60 1117 1
533 1118 1
837 1119 1
700 1120 1
76 1121 1
540 1122 2
898 1123 3
1068 1124 2
1021 1125 2
483 1126 3
877 1127 3
745 1128 2
827 1129 1
874 1130 2
122 1131 3
274 1132 1
133 1133 4
573 1134 1
123 1135 1
505 1136 2
72 1137 2
92 1138 3
370 1139 1
72 1140 3
776 1141 2
565 1142 3
614 1143 3
1012 1144 3
323 1145 3
373 1146 1
42 1147 3
366 1148 1
338 1149 2
735 1150 2
814 1151 2
437 1152 2
791 1153 1
400 1154 2
14 1155 2
859 1156 1
546 1157 3
914 1158 1
976 1159 3
338 1160 2
406 1161 1
689 1162 12
737 1163 3
303 1164 2
262 1165 3
512 1166 5
559 1167 3
644 1168 2
1042 1169 3
13 1170 2
694 1171 3
76 1172 3
738 1173 1
633 1174 3
613 1175 1
895 1176 1
544 1177 1
320 1178 3
392 1179 3
329 1180 4
711 1181 3
472 1182 1
96 1183 1
954 1184 1
281 1185 1
612 1186 2
841 1187 1
91 1188 1
957 1189 1
362 1190 3
452 1191 3
510 1192 3
1021 1193 1
24 1194 3
154 1195 3
1035 1196 1
932 1197 2
176 1198 1
729 1199 3
1176 1200 2
561 1201 3
398 1202 1
15 1203 2
1129 1204 2
351 1205 1
576 1206 1
1133 1207 2
96 1208 2
526 1209 2
197 1210 3
523 1211 3
567 1212 1
931 1213 3
116 1214 1
559 1215 3
662 1216 2
1001 1217 3
199 1218 1
849 1219 3
496 1220 2
1 1221 3
307 1222 2
414 1223 1
216 1224 3
361 1225 1
79 1226 2
1128 1227 1
1001 1228 3
994 1229 3
1035 1230 6
879 1231 1
821 1232 1
856 1233 1
1006 1234 3
319 1235 9
428 1236 3
779 1237 3
68 1238 2
382 1239 2
357 1240 3
367 1241 1
709 1242 2
106 1243 2
16 1244 3
1026 1245 1
744 1246 2
1137 1247 3
711 1248 1
1136 1249 2
508 1250 1
258 1251 3
973 1252 2
687 1253 2
207 1254 2
782 1255 3
256 1256 1
721 1257 2
53 1258 2
1000 1259 2
1111 1260 1
672 1261 2
1166 1262 3
419 1263 3
36 1264 3
601 1265 2
376 1266 2
316 1267 3
255 1268 1
920 1269 1
1052 1270 1
1146 1271 3
329 1272 2
1248 1273 3
154 1274 3
1262 1275 1
1051 1276 1
374 1277 3
791 1278 2
1153 1279 1
521 1280 3
431 1281 3
314 1282 2
731 1283 4
109 1284 2
995 1285 3
1151 1286 1
1201 1287 1
417 1288 3
434 1289 2
637 1290 2
132 1291 3
69 1292 1
244 1293 1
1288 1294 3
875 1295 1
1201 1296 2
412 1297 2
511 1298 3
429 1299 3
190 1300 2
745 1301 2
646 1302 3
191 1303 1
768 1304 3
757 1305 3
399 1306 1
38 1307 1
667 1308 3
428 1309 1
1263 1310 1
334 1311 2
691 1312 2
1158 1313 16
385 1314 2
347 1315 1
488 1316 2
214 1317 2
370 1318 3
616 1319 1
84 1320 1
1253 1321 3
995 1322 2
383 1323 2
1292 1324 1
262 1325 1
621 1326 2
674 1327 2
339 1328 3
1150 1329 2
905 1330 2
74 1331 3
547 1332 3
682 1333 2
1268 1334 1
278 1335 1
1272 1336 2
1039 1337 1
1332 1338 1
188 1339 3
178 1340 1
708 1341 3
1055 1342 2
1111 1343 3
527 1344 2
203 1345 2
1174 1346 2
269 1347 1
438 1348 2
656 1349 3
749 1350 3
402 1351 1
143 1352 1
679 1353 1
899 1354 3
1261 1355 2
1203 1356 1
1028 1357 1
898 1358 2
510 1359 2
1089 1360 2
1213 1361 2
264 1362 1
1130 1363 1
117 1364 1
1318 1365 1
495 1366 1
101 1367 3
688 1368 1
1025 1369 3
1327 1370 1
774 1371 2
1194 1372 3
927 1373 1
453 1374 2
81 1375 2
414 1376 2
648 1377 2
745 1378 2
628 1379 3
297 1380 1
695 1381 3
1109 1382 3
589 1383 3
99 1384 2
1230 1385 6
5 1386 2
960 1387 2
281 1388 3
570 1389 3
936 1390 2
1216 1391 3
728 1392 1
387 1393 2
717 1394 1
983 1395 3
256 1396 4
702 1397 3
711 1398 2
515 1399 3
975 1400 2
1114 1401 3
1397 1402 1
1238 1403 3
377 1404 2
973 1405 3
1295 1406 2
198 1407 3
448 1408 3
18 1409 3
35 1410 1
1186 1411 3
454 1412 3
1329 1413 3
126 1414 2
1114 1415 2
1175 1416 3
516 1417 3
624 1418 3
201 1419 3
110 1420 1
529 1421 2
1121 1422 1
379 1423 3
295 1424 2
139 1425 3
1252 1426 3
993 1427 3
1184 1428 1
137 1429 1
1065 1430 1
501 1431 2
652 1432 3
314 1433 2
944 1434 2
847 1435 1
763 1436 3
589 1437 3
919 1438 3
639 1439 1
385 1440 3
1407 1441 1
1424 1442 2
508 1443 1
49 1444 1
224 1445 1
1227 1446 2
257 1447 3
245 1448 3
1017 1449 3
1353 1450 2
591 1451 1
1268 1452 3
907 1453 3
1055 1454 1
926 1455 3
382 1456 1
975 1457 2
1016 1458 1
1058 1459 1
271 1460 3
1027 1461 3
1140 1462 1
1276 1463 3
922 1464 3
885 1465 2
830 1466 2
1193 1467 3
861 1468 3
877 1469 8
1382 1470 3
334 1471 3
138 1472 3
500 1473 1
1362 1474 1
467 1475 1
1131 1476 2
304 1477 1
113 1478 1
337 1479 1
1041 1480 3
316 1481 2
175 1482 2
53 1483 2
616 1484 1
1125 1485 3
1346 1486 2
3 1487 1
1073 1488 3
519 1489 2
429 1490 2
225 1491 1
617 1492 1
1318 1493 1
921 1494 1
512 1495 2
828 1496 3
509 1497 1
651 1498 1
566 1499 2
1186 1500 3
833 1501 3
56 1502 3
671 1503 3
1093 1504 2
1276 1505 10
856 1506 3
368 1507 2
280 1508 2
1242 1509 3
999 1510 2
330 1511 1
789 1512 3
1011 1513 3
1211 1514 1
1458 1515 2
1298 1516 2
1344 1517 2
1244 1518 2
530 1519 2
360 1520 2
634 1521 3
802 1522 3
128 1523 1
931 1524 1
1061 1525 3
177 1526 3
145 1527 1
1024 1528 1
901 1529 2
1312 1530 3
782 1531 2
1226 1532 3
1233 1533 2
743 1534 3
267 1535 3
1190 1536 2
1314 1537 2
1328 1538 3
417 1539 1
69 1540 1
1154 1541 2
34 1542 2
1056 1543 3
1286 1544 3
948 1545 2
1413 1546 3
1021 1547 1
1471 1548 2
721 1549 1
742 1550 1
1379 1551 3
838 1552 1
765 1553 1
1279 1554 3
1269 1555 2
457 1556 2
938 1557 2
797 1558 2
806 1559 13
53 1560 3
66 1561 3
1521 1562 3
926 1563 3
187 1564 2
105 1565 1
901 1566 2
1273 1567 1
1394 1568 2
462 1569 1
466 1570 2
447 1571 2
1334 1572 1
1159 1573 1
1248 1574 2
1214 1575 2
877 1576 3
517 1577 2
20 1578 2
650 1579 2
1484 1580 1
439 1581 3
1219 1582 1
99 1583 3
314 1584 3
1346 1585 1
890 1586 1
716 1587 1
431 1588 2
637 1589 3
193 1590 3
944 1591 1
475 1592 3
1430 1593 1
603 1594 3
1226 1595 3
360 1596 2
1563 1597 1
64 1598 3
388 1599 2
835 1600 1
1268 1601 2
733 1602 3
1097 1603 3
144 1604 2
1386 1605 1
1570 1606 2
1139 1607 3
1259 1608 3
289 1609 2
182 1610 3
522 1611 13
877 1612 2
1545 1613 1
922 1614 3
296 1615 3
12 1616 10
471 1617 1
972 1618 3
1203 1619 3
934 1620 2
404 1621 1
1349 1622 1
1092 1623 3
367 1624 3
598 1625 1
783 1626 3
1395 1627 1
1291 1628 3
132 1629 1
92 1630 3
1262 1631 2
1163 1632 1
894 1633 1
1065 1634 2
1021 1635 1
1348 1636 3
1 1637 9
264 1638 3
1187 1639 2
370 1640 3
1392 1641 2
495 1642 2
731 1643 3
524 1644 2
216 1645 3
493 1646 1
405 1647 1
828 1648 3
561 1649 3
607 1650 2
1206 1651 3
46 1652 1
845 1653 2
1557 1654 2
309 1655 2
345 1656 2
338 1657 1
1585 1658 2
770 1659 1
739 1660 3
809 1661 3
576 1662 2
832 1663 1
1084 1664 3
49 1665 2
108 1666 3
423 1667 3
1020 1668 3
324 1669 2
241 1670 2
767 1671 2
213 1672 1
944 1673 1
621 1674 1
1669 1675 2
641 1676 1
1063 1677 2
1475 1678 3
695 1679 3
155 1680 3
589 1681 1
853 1682 2
1326 1683 3
230 1684 3
1400 1685 2
513 1686 3
22 1687 1
367 1688 1
1511 1689 2
1647 1690 1
630 1691 1
255 1692 3
486 1693 2
146 1694 4
343 1695 3
1603 1696 2
29 1697 1
465 1698 1
927 1699 3
1147 1700 2
304 1701 2
1455 1702 1
709 1703 1
1003 1704 1
913 1705 2
20 1706 2
147 1707 2
77 1708 3
394 1709 2
935 1710 2
101 1711 1
975 1712 3
1560 1713 2
605 1714 2
730 1715 3
1052 1716 3
828 1717 3
681 1718 1
1293 1719 3
654 1720 2
794 1721 1
290 1722 2
1192 1723 1
1235 1724 9
448 1725 7
1333 1726 1
1499 1727 3
548 1728 3
1514 1729 3
1348 1730 1
1578 1731 1
1610 1732 3
61 1733 2
682 1734 3
577 1735 2
1297 1736 1
1317 1737 2
1530 1738 3
1495 1739 2
1133 1740 2
458 1741 1
214 1742 2
343 1743 3
248 1744 3
754 1745 3
1705 1746 1
911 1747 1
1715 1748 2
904 1749 1
517 1750 3
1041 1751 1
1020 1752 1
1485 1753 1
800 1754 2
1181 1755 2
883 1756 3
1387 1757 1
1368 1758 1
1121 1759 2
233 1760 1
710 1761 2
1609 1762 1
596 1763 3
967 1764 1
56 1765 4
619 1766 3
654 1767 2
387 1768 1
738 1769 3
1610 1770 2
958 1771 1
517 1772 3
1241 1773 2
190 1774 3
944 1775 2
575 1776 3
1119 1777 3
1007 1778 3
1034 1779 7
501 1780 3
177 1781 3
1082 1782 2
1066 1783 1
600 1784 2
1139 1785 2
68 1786 3
250 1787 3
804 1788 3
1676 1789 1
208 1790 3
75 1791 3
875 1792 3
970 1793 3
132 1794 3
1626 1795 1
1419 1796 2
351 1797 1
1586 1798 2
36 1799 3
1361 1800 2
882 1801 1
1602 1802 2
1533 1803 2
288 1804 3
1443 1805 1
344 1806 3
607 1807 2
861 1808 2
337 1809 1
1707 1810 2
41 1811 3
288 1812 5
152 1813 1
1114 1814 3
1346 1815 1
1454 1816 1
449 1817 1
536 1818 3
1198 1819 1
1159 1820 1
120 1821 3
382 1822 1
386 1823 14
1515 1824 3
322 1825 5
1140 1826 1
179 1827 1
761 1828 3
1060 1829 1
148 1830 1
1218 1831 1
841 1832 3
1637 1833 9
789 1834 1
181 1835 3
962 1836 1
619 1837 2
534 1838 1
928 1839 1
1510 1840 2
11 1841 1
828 1842 3
139 1843 2
79 1844 2
1087 1845 1
550 1846 3
1616 1847 6
1749 1848 3
280 1849 1
470 1850 2
1041 1851 3
913 1852 3
1747 1853 2
1055 1854 1
1461 1855 3
1387 1856 2
276 1857 3
1703 1858 1
1274 1859 1
129 1860 2
1633 1861 1
1540 1862 3
1029 1863 2
342 1864 3
559 1865 3
703 1866 2
955 1867 2
809 1868 2
1510 1869 3
521 1870 1
348 1871 1
260 1872 2
763 1873 3
1384 1874 3
788 1875 2
714 1876 6
428 1877 1
789 1878 2
1373 1879 2
593 1880 1
888 1881 2
1651 1882 3
1479 1883 2
328 1884 2
1286 1885 3
282 1886 1
1832 1887 3
1294 1888 2
1255 1889 1
1090 1890 1
696 1891 3
1202 1892 2
611 1893 1
1626 1894 3
471 1895 2
551 1896 2
1443 1897 3
303 1898 1
1626 1899 3
745 1900 3
1069 1901 3
1539 1902 2
962 1903 1
1055 1904 3
1595 1905 3
278 1906 3
1700 1907 3
706 1908 2
692 1909 2
766 1910 1
1807 1911 3
1757 1912 1
1713 1913 3
1048 1914 3
170 1915 11
1426 1916 3
1627 1917 3
1146 1918 1
325 1919 2
355 1920 3
388 1921 6
614 1922 1
1460 1923 3
338 1924 2
543 1925 2
1814 1926 2
1700 1927 2
615 1928 3
1376 1929 3
1498 1930 3
137 1931 2
695 1932 1
160 1933 2
1804 1934 1
723 1935 4
49 1936 3
761 1937 3
1280 1938 1
440 1939 2
952 1940 3
1697 1941 2
1531 1942 1
1749 1943 2
510 1944 2
658 1945 3
1834 1946 2
1350 1947 1
1584 1948 2
672 1949 1
951 1950 2
328 1951 3
20 1952 1
1062 1953 1
1363 1954 2
1738 1955 1
1248 1956 1
1101 1957 1
49 1958 3
1642 1959 3
763 1960 3
735 1961 2
268 1962 1
924 1963 1
1388 1964 2
219 1965 2
32 1966 1
835 1967 2
901 1968 3
1544 1969 3
1825 1970 2
1214 1971 3
524 1972 3
1157 1973 1
68 1974 2
1921 1975 6
1894 1976 1
1178 1977 2
217 1978 3
1012 1979 2
703 1980 3
1281 1981 1
1779 1982 1
154 1983 3
1514 1984 3
1966 1985 3
135 1986 3
1686 1987 2
1855 1988 2
1099 1989 1
1984 1990 3
1748 1991 3
1646 1992 1
1127 1993 1
14 1994 2
1598 1995 2
69 74 3
77 109 3
167 181 1
174 207 4
153 217 3
197 229 2
116 249 2
104 251 3
247 302 5
288 351 4
132 363 2
3 369 1
306 369 3
357 373 2
54 374 1
379 382 5
7 392 2
222 396 3
239 397 2
225 409 2
296 427 3
177 430 3
94 434 3
435 457 1
237 466 1
261 467 1
34 481 2
130 486 2
305 494 1
258 495 3
208 498 3
125 507 3
202 520 6
49 525 3
19 552 3
175 556 2
551 559 2
2 561 12
293 564 1
557 565 4
251 574 3
169 595 1
449 604 1
598 605 3
278 628 2
194 637 2
504 639 1
574 640 2
195 645 2
329 645 1
111 649 2
415 658 1
28 660 3
404 664 1
400 679 5
565 681 4
8 686 2
648 694 2
515 698 2
234 706 2
329 719 2
104 724 2
502 731 3
4 734 3
50 734 3
528 741 2
401 743 1
439 750 3
253 758 3
702 758 1
73 766 2
126 783 2
150 784 2
762 787 3
439 794 1
318 807 3
71 810 3
626 811 2
757 812 1
108 815 2
209 815 3
430 821 2
776 826 1
107 835 3
548 842 3
369 854 2
481 858 1
89 866 1
238 867 1
42 868 3
437 868 1
105 869 2
856 870 3
506 871 1
616 872 2
548 876 2
833 881 2
616 885 3
549 889 3
752 892 2
442 896 16
447 900 2
80 902 2
112 909 2
349 913 1
869 920 3
47 922 3
628 927 2
651 931 3
519 941 2
678 943 2
789 944 1
198 947 2
178 948 2
337 956 3
249 959 2
924 962 3
407 971 1
23 977 3
931 980 2
41 981 3
382 995 3
48 1001 3
530 1002 3
748 1004 3
266 1007 3
450 1007 2
378 1012 3
664 1012 3
219 1016 1
718 1020 1
504 1023 4
891 1023 3
760 1025 1
493 1028 2
999 1032 1
561 1036 1
102 1037 3
825 1040 4
581 1043 1
825 1043 4
170 1044 1
441 1046 3
797 1048 2
904 1056 3
70 1057 1
577 1064 3
629 1078 3
792 1088 2
689 1096 5
242 1104 3
747 1110 3
1076 1110 2
62 1111 3
275 1118 1
95 1120 2
776 1120 2
289 1124 2
299 1126 3
325 1128 2
709 1128 2
918 1128 3
54 1130 3
687 1130 1
191 1132 2
197 1138 3
87 1139 2
282 1149 1
277 1150 2
691 1155 3
345 1158 5
121 1162 5
344 1166 3
719 1167 2
606 1169 2
1107 1169 1
438 1170 2
664 1173 2
1094 1174 1
253 1177 1
951 1180 4
850 1185 2
818 1189 1
603 1199 2
1136 1205 3
290 1212 2
812 1213 3
885 1215 3
782 1218 2
1051 1218 1
1072 1228 3
100 1229 3
813 1230 2
14 1233 1
309 1233 1
428 1239 2
670 1243 2
301 1245 1
528 1247 2
1175 1248 3
88 1250 2
689 1255 3
214 1258 2
764 1261 3
836 1264 3
306 1271 3
673 1271 3
502 1279 1
893 1282 3
204 1295 1
375 1297 2
1073 1303 3
226 1304 3
920 1308 8
61 1309 2
692 1312 2
70 1317 1
235 1318 3
362 1321 2
108 1322 3
566 1323 3
564 1324 3
550 1325 2
463 1328 3
718 1328 1
1271 1329 1
957 1332 1
1193 1333 2
296 1334 3
954 1334 1
629 1336 3
912 1338 1
832 1339 3
1277 1345 1
94 1346 2
111 1351 2
705 1362 2
1171 1367 3
1264 1368 2
253 1369 3
632 1371 2
962 1371 3
941 1374 2
813 1375 3
150 1378 2
533 1383 2
1043 1384 2
135 1385 6
1309 1386 2
265 1388 2
495 1393 1
260 1395 2
4 1396 4
891 1401 3
68 1404 1
618 1408 3
447 1409 3
507 1414 1
3 1419 3
800 1423 2
519 1425 1
1098 1426 1
1160 1436 2
348 1437 3
1006 1442 1
54 1443 2
452 1445 1
814 1450 3
372 1451 2
731 1451 1
1178 1451 3
584 1455 2
1429 1455 3
1022 1461 2
1229 1462 1
1104 1464 1
271 1468 2
359 1471 2
1349 1471 2
217 1480 3
1279 1480 2
118 1481 2
805 1481 1
811 1481 1
1182 1481 3
315 1482 1
863 1483 3
1055 1485 2
127 1487 3
738 1488 1
677 1491 1
1024 1496 2
69 1502 1
1022 1503 1
1064 1505 9
857 1506 1
287 1507 3
1474 1517 3
672 1526 1
1452 1527 2
1308 1528 1
959 1537 3
263 1539 1
312 1540 1
852 1541 3
424 1542 1
444 1542 1
31 1548 2
914 1549 3
165 1554 3
469 1556 3
1083 1557 1
8 1566 2
265 1567 3
841 1572 3
273 1573 1
588 1573 1
77 1576 1
338 1576 2
550 1576 2
674 1577 3
1083 1577 2
341 1578 4
370 1579 2
1464 1579 1
1377 1582 1
965 1584 1
1267 1584 1
737 1588 1
1373 1593 2
962 1595 3
1510 1595 3
739 1600 3
477 1602 1
1588 1608 3
1174 1610 3
416 1616 5
962 1617 1
850 1619 3
1466 1625 2
1557 1625 3
1245 1631 3
31 1632 1
670 1632 1
120 1633 1
981 1635 3
307 1640 2
905 1640 1
1058 1643 2
48 1646 3
532 1646 2
1185 1653 3
1396 1653 1
157 1655 2
953 1658 1
238 1661 1
292 1661 1
23 1665 3
1466 1665 3
355 1667 3
276 1669 2
1210 1673 1
604 1674 3
1209 1674 3
1328 1675 2
736 1683 2
548 1684 1
670 1684 3
630 1685 1
255 1686 2
1145 1686 2
459 1688 1
1144 1693 3
1283 1694 4
278 1700 2
491 1701 2
847 1701 1
275 1708 2
1204 1709 1
1328 1709 3
283 1711 2
1481 1713 2
143 1717 2
1110 1721 1
57 1722 2
241 1729 3
1508 1736 2
64 1737 2
966 1737 1
1693 1740 3
449 1751 3
578 1751 2
245 1753 3
275 1755 2
1114 1755 1
294 1758 1
744 1762 2
1424 1762 2
474 1763 2
179 1765 4
401 1767 2
929 1769 3
1109 1775 1
755 1781 3
620 1782 1
297 1787 2
1335 1789 3
1531 1791 2
752 1793 2
252 1795 3
765 1797 3
1715 1797 3
1629 1799 2
224 1800 1
432 1802 3
1355 1804 1
731 1809 1
1256 1809 3
1030 1810 2
1725 1812 5
70 1814 2
348 1821 2
669 1822 1
1779 1825 7
111 1828 2
401 1830 2
1212 1832 3
219 1833 9
1766 1834 2
345 1835 3
215 1840 1
1239 1842 1
1501 1843 2
1057 1844 1
1101 1847 3
1396 1847 3
311 1848 3
1530 1849 3
605 1850 1
1320 1850 2
244 1851 3
1068 1851 1
1487 1851 2
1653 1854 1
1121 1858 3
1851 1861 2
56 1863 3
258 1869 2
784 1871 1
1734 1872 3
980 1875 3
421 1876 3
1166 1876 4
1701 1876 2
432 1878 2
1556 1878 2
1029 1879 2
1159 1881 1
1336 1882 1
38 1894 1
1631 1895 2
319 1899 3
338 1900 2
1487 1905 2
247 1906 2
1754 1907 1
1228 1908 3
282 1912 1
1901 1914 2
561 1915 1
658 1915 10
64 1919 2
323 1922 2
1301 1923 3
138 1928 3
148 1933 3
338 1933 3
673 1933 3
977 1934 2
681 1935 4
332 1936 1
1002 1936 2
396 1939 1
1273 1939 2
1306 1945 1
1186 1946 3
1058 1947 1
701 1949 1
1752 1949 2
489 1950 1
589 1951 2
208 1953 3
628 1958 3
711 1958 1
407 1962 1
282 1965 1
1571 1965 3
1513 1966 1
1348 1970 2
812 1971 2
1426 1971 2
1661 1973 1
1448 1974 3
686 1976 1
1716 1979 2
1570 1981 1
411 1984 2
1193 1984 1
506 1985 1
1147 1987 1
1887 1992 1
1495 1994 1
25 1995 2
1490 1995 1
1996 2001 2
1150 733 854 1576 689 214 8 297 1540 552 179 931 85 323 1058 177 800 1349 1273 1308 152 299 607 681 197 229 486 57 835 459 721 682 1203 401 304 344 193 640 294 644 1043 1214 1114 1514 25 875 206 146 224 1485 718 1041 407 123 325 1146 243 706 948 1064 332 576 290 41 465 506 1362 429 122 776 430 11 510 328 56 255 439 836 944 815 1147 1193 141 1371 181 1213 370 642 239 1021 629 9 750 241 264 911 483 1057 382 195 43 127 392 450 169 70 491 281 21 1762 423 302 476 28 1024 613 1814 900 670 1451 132 1028 334 941 1230 380 686 249 709 559 178 1012 187 802 593 1631 1025 16 84 667 813 1159 729 103 470 564 520 93 6 367 626 226 566 914 248 654 1665 646 1850 1029 1584 973 128 752 734 346 161 277 691 199 1109 530 97 1709 1602 68 116 158 49 432 95 1481 23 1984 565 1713 111 347 924 814 1578 170 160 765 314 533 963 705 234 416 50 821 247 507 1261 1588 1276 64 1104 474 918 789 53 828 594 338 108 298 495 155 196 1035 75 183 200 1847 687 1309 190 508 1487 79 175 258 589 263 840 329 399 276 409 92 1286 1539 296 153 372 466 425 1674 397 1133 269 719 219 1426 308 386 324 995 722 1169 550 596 1022 841 509 154 33 467 1579 671 292 1055 1542 191 868 1186 26 811 497 913 89 45 2 1317 1007 112 17 1329 209 1248 361 265 737 1233 515 311 253 10 1653 101 761 400 216 498 1271 557 1006 267 1048 202 494 136 1073 688 124 1065 379 65 621 1779 1632 904 711 62 1328 1130 327 951 1851 500 295 440 1295 502 1384 12 517 877 1626 897 534 271 32 1056 493 1201 543 1424 1737 126 438 13 142 1876 651 373 288 14 738 639 648 664 1995 920 348 34 251 312 1279 341 106 1825 115 1226 856 606 345 694 551 38 575 956 105 521 107 148 442 475 30 809 20 270 870 1495 548 658 67 1387 104 156 879 76 80 573 977 1894 1121 342 1185 436 164 1023 319 412 37 72 757 653 185 431 406 1832 1239 121 1804 869 672 369 1002 1809 743 280 31 512 268 24 1212 354 419 1466 536 577 237 574 27 274 1510 82 1834 119 36 637 739 182 1136 782 99 388 151 260 905 48 81 962 22 784 71 362 1268 591 477 669 957 447 1693 1640 1174 690 59 1110 29 763 244 766 525 1933 321 1158 569 926 184 832 980 404 225 133 137 87 131 1218 847 1386 96 287 204 256 604 1464 201
4 1313 16
1 1975 6
8 968 16
6 126 19
5 1133 6
1 530 14
9 1469 8
4 1006 16
4 717 13
8 574 4
3 788 5
5 1505 19
7 1725 11
4 1162 17
5 580 14
2 852 19
1 45 3
10 1611 13
7 1724 9
2 342 17
1 1308 12
11 1559 13
1 1030 4
9 1823 14
11 732 2
5 91 3
2 1435 1
2 22 16
3 1108 10