2008 900 118 14 29
1 2 1
2 3 3
2 4 2
2 5 2
5 6 1
5 7 3
4 8 3
4 9 2
5 10 1
2 11 1
7 12 2
4 13 3
6 14 2
6 15 1
8 16 2
12 17 2
1 18 1
17 19 3
18 20 1
11 21 1
4 22 1
13 23 3
10 24 3
16 25 1
10 26 1
5 27 1
9 28 3
21 29 1
20 30 1
29 31 3
20 32 2
7 33 3
26 34 1
21 35 3
6 36 1
23 37 3
19 38 2
21 39 3
30 40 2
10 41 2
20 42 3
11 43 2
23 44 2
38 45 2
44 46 1
26 47 1
26 48 1
31 49 1
33 50 1
30 51 1
41 52 3
6 53 2
2 54 1
29 55 2
22 56 1
28 57 1
8 58 3
41 59 1
56 60 1
28 61 2
22 62 1
15 63 3
1 64 1
41 65 2
3 66 2
11 67 2
2 68 1
20 69 1
3 70 1
17 71 2
51 72 2
69 73 3
60 74 1
28 75 3
59 76 1
26 77 1
49 78 1
8 79 2
31 80 3
51 81 3
12 82 2
63 83 1
71 84 1
24 85 3
70 86 1
28 87 3
64 88 2
69 89 3
44 90 3
82 91 2
90 92 3
85 93 2
76 94 1
71 95 3
75 96 3
55 97 1
30 98 1
92 99 3
56 100 2
1 101 1
64 102 3
60 103 3
49 104 2
82 105 2
1 106 2
94 107 2
99 108 2
28 109 1
76 110 1
98 111 2
60 112 2
4 113 3
1 114 2
67 115 1
9 116 1
80 117 2
36 118 2
40 119 2
109 120 1
85 121 3
51 122 1
48 123 3
123 124 3
31 125 2
119 126 1
84 127 2
71 128 2
28 129 2
68 130 3
115 131 1
63 132 1
29 133 2
14 134 1
94 135 1
12 136 1
4 137 1
133 138 2
22 139 1
90 140 1
27 141 2
102 142 3
89 143 2
119 144 2
33 145 1
94 146 2
40 147 2
130 148 3
106 149 2
139 150 3
58 151 2
111 152 3
45 153 1
126 154 2
134 155 3
14 156 2
53 157 3
157 158 3
39 159 2
24 160 3
31 161 2
60 162 1
63 163 1
150 164 2
97 165 3
32 166 2
150 167 2
126 168 2
96 169 2
152 170 2
28 171 2
17 172 2
21 173 1
139 174 1
143 175 3
4 176 3
135 177 3
80 178 3
19 179 1
51 180 2
165 181 2
66 182 2
163 183 1
133 184 2
151 185 2
18 186 2
111 187 3
3 188 1
64 189 2
158 190 3
12 191 3
147 192 3
106 193 1
179 194 2
55 195 2
82 196 2
97 197 1
187 198 3
54 199 2
42 200 1
38 201 1
36 202 2
187 203 1
86 204 3
179 205 3
91 206 2
114 207 3
25 208 3
140 209 1
191 210 2
38 211 3
78 212 1
116 213 2
181 214 3
40 215 3
192 216 3
90 217 3
165 218 1
197 219 1
74 220 2
176 221 2
7 222 2
154 223 1
88 224 1
120 225 3
96 226 2
11 227 3
7 228 2
68 229 2
96 230 1
42 231 3
227 232 2
28 233 2
13 234 3
105 235 1
35 236 3
190 237 1
117 238 2
9 239 1
93 240 2
70 241 1
41 242 1
201 243 3
23 244 1
72 245 2
8 246 1
109 247 1
15 248 1
15 249 2
161 250 2
125 251 1
74 252 3
215 253 3
217 254 1
248 255 2
83 256 3
37 257 1
252 258 2
129 259 3
259 260 2
148 261 3
239 262 2
233 263 2
105 264 2
185 265 3
51 266 3
148 267 2
117 268 1
99 269 3
22 270 3
156 271 2
128 272 2
184 273 3
18 274 2
29 275 2
37 276 3
131 277 2
108 278 2
133 279 1
233 280 2
255 281 1
158 282 3
15 283 1
2 284 2
60 285 2
64 286 2
200 287 1
86 288 2
231 289 1
241 290 1
184 291 1
163 292 1
36 293 3
102 294 3
57 295 2
141 296 1
281 297 2
13 298 3
51 299 1
100 300 1
116 301 3
73 302 2
90 303 2
145 304 2
281 305 2
168 306 1
186 307 3
82 308 1
189 309 2
264 310 2
151 311 2
62 312 3
190 313 1
62 314 3
44 315 2
193 316 2
217 317 2
236 318 1
226 319 3
52 320 2
53 321 1
20 322 1
53 323 2
75 324 1
212 325 3
27 326 1
117 327 3
80 328 3
327 329 3
282 330 1
210 331 3
72 332 3
252 333 2
184 334 1
92 335 2
5 336 2
47 337 1
251 338 1
320 339 2
320 340 3
181 341 1
302 342 3
221 343 2
266 344 1
119 345 2
260 346 2
64 347 3
67 348 2
69 349 2
201 350 1
72 351 2
286 352 1
85 353 1
312 354 2
245 355 3
251 356 1
226 357 1
291 358 1
164 359 2
279 360 1
333 361 2
140 362 1
351 363 2
295 364 1
56 365 2
128 366 1
112 367 1
213 368 3
231 369 1
241 370 1
288 371 2
339 372 3
86 373 3
170 374 2
168 375 3
140 376 2
351 377 2
319 378 2
188 379 1
341 380 2
96 381 3
347 382 1
332 383 2
294 384 3
55 385 2
2 386 1
233 387 3
317 388 3
195 389 2
308 390 3
250 391 1
360 392 1
200 393 2
257 394 3
77 395 1
365 396 1
269 397 1
395 398 1
298 399 2
167 400 3
81 401 3
20 402 2
238 403 2
366 404 2
165 405 3
297 406 1
382 407 1
162 408 1
34 409 3
301 410 1
91 411 3
356 412 1
311 413 2
155 414 2
187 415 1
211 416 2
378 417 2
3 54 3
4 69 2
29 70 2
66 71 2
8 72 3
34 86 3
43 86 3
24 93 1
24 103 1
35 107 3
49 107 1
4 110 3
87 110 2
53 120 3
111 121 1
66 137 2
59 141 2
122 145 1
95 180 2
83 185 3
96 186 3
108 186 2
116 187 3
140 196 3
27 210 3
72 213 1
57 216 2
146 221 3
26 225 2
38 227 2
121 238 2
182 238 1
109 239 2
110 243 1
95 244 3
101 246 3
24 252 2
48 254 2
141 264 3
110 267 2
24 269 3
203 273 3
216 281 3
50 282 2
278 282 1
33 287 2
234 289 1
228 296 3
93 305 3
270 314 2
118 315 2
302 315 1
57 316 2
196 317 1
203 322 2
111 324 1
223 324 1
282 329 3
18 331 2
295 331 1
35 334 3
41 343 1
136 343 1
188 349 3
313 349 1
187 350 3
126 353 3
157 363 1
364 368 1
236 371 3
298 371 2
179 374 2
85 375 1
306 375 2
127 376 1
171 376 3
208 378 2
297 382 3
59 387 2
122 388 3
114 393 3
197 397 2
332 403 2
119 407 1
6 408 2
31 416 3
400 416 2
424 456 3
467 470 1
505 532 3
601 602 3
569 626 3
489 632 1
615 635 3
611 646 3
474 655 3
463 673 1
601 677 1
538 688 1
460 717 2
462 717 1
486 722 2
462 737 2
655 744 2
685 748 3
637 758 1
654 758 3
647 759 3
764 765 3
746 772 2
522 783 2
605 807 3
746 807 1
682 856 3
697 862 3
494 866 3
686 881 1
582 882 2
665 906 1
621 919 1
522 929 2
542 946 2
750 949 1
456 951 3
756 970 1
551 973 1
604 980 2
511 981 2
686 985 2
624 986 1
764 986 1
930 994 1
565 1002 3
853 1007 1
522 1013 3
733 1025 2
569 1027 1
542 1030 1
805 1036 2
977 1037 1
510 1046 3
890 1077 3
419 1079 2
1010 1079 2
745 1080 2
621 1081 2
1069 1081 2
818 1083 2
595 1097 3
464 1099 2
599 1104 2
971 1106 2
1066 1115 3
739 1118 1
583 1121 2
754 1126 3
568 1133 2
1025 1135 2
979 1138 2
476 1141 2
1127 1141 1
491 1142 1
1110 1143 3
1133 1145 2
1085 1147 2
1026 1150 2
546 1157 3
1067 1159 1
539 1160 3
998 1161 3
684 1177 1
638 1180 3
695 1191 1
813 1192 2
978 1192 1
1149 1192 1
423 1194 3
1024 1198 2
1175 1199 1
585 1204 2
892 1208 1
924 1209 3
1085 1211 2
430 1213 2
796 1222 3
858 1225 2
461 1238 3
1047 1239 3
1181 1241 1
1122 1243 3
1224 1244 2
525 1247 3
1070 1248 2
537 1251 3
634 1264 3
455 1266 1
911 1276 2
1152 1277 3
476 1282 2
418 1285 3
617 1287 1
830 1290 1
789 1294 1
952 1296 3
512 1297 3
1201 1300 1
776 1302 2
1004 1303 2
523 1308 3
598 1308 2
1007 1309 3
543 1318 2
1211 1318 1
1130 1320 2
962 1322 2
867 1326 2
773 1330 3
1035 1332 3
515 1339 2
992 1342 2
598 1352 3
1073 1352 2
1194 1354 3
854 1356 1
980 1356 3
994 1359 1
1023 1359 1
594 1362 3
819 1365 2
553 1375 3
878 1376 1
421 1378 3
713 1379 1
1329 1380 3
672 1383 1
627 1384 3
1201 1385 3
758 1389 3
961 1396 2
867 1403 3
1102 1405 3
1149 1416 2
645 1419 3
1174 1419 3
444 1424 1
531 1424 1
441 1431 1
1203 1437 1
776 1438 1
1213 1439 2
1210 1445 2
913 1448 1
1381 1450 2
1041 1458 3
788 1459 2
1002 1460 1
1173 1462 3
582 1463 2
970 1470 2
1365 1471 1
711 1476 3
1335 1476 1
1161 1477 3
559 1478 2
1224 1478 3
1361 1478 1
623 1482 1
896 1482 2
1282 1485 3
1438 1490 3
750 1492 3
805 1492 2
1226 1497 3
853 1504 1
1403 1504 2
533 1505 1
826 1507 2
456 1510 2
1224 1519 3
827 1521 3
714 1524 2
1058 1531 1
1427 1533 1
1491 1534 3
1323 1536 3
1421 1536 1
1504 1536 3
1084 1538 1
1403 1539 2
1418 1540 1
1306 1542 3
1376 1559 2
1522 1560 2
1357 1561 1
772 1563 2
485 1564 3
671 1567 3
859 1567 2
986 1570 2
686 1572 2
1128 1581 3
1041 1591 2
1040 1593 2
1139 1594 3
1199 1595 3
502 1596 1
1144 1597 1
1530 1598 3
601 1604 2
1030 1608 3
949 1609 1
1268 1612 1
750 1613 3
1281 1613 3
793 1620 2
1356 1620 2
1537 1621 2
511 1623 1
1442 1624 2
529 1626 3
668 1628 2
725 1628 3
1260 1639 2
1390 1643 3
1263 1645 3
1175 1650 1
1600 1655 3
912 1656 1
1639 1656 2
830 1658 1
1131 1659 1
1200 1659 2
769 1662 2
649 1667 1
535 1670 2
484 1671 2
461 1672 2
854 1672 3
1220 1672 1
501 1677 2
1416 1679 1
1153 1680 3
688 1682 3
1541 1687 1
462 1688 3
1128 1690 3
1178 1691 2
1531 1691 2
467 1692 2
1100 1695 2
554 1697 3
638 1699 1
1270 1702 3
1347 1703 2
693 1711 1
750 1713 3
1584 1713 2
1212 1715 2
1097 1722 3
1147 1723 1
1532 1732 2
460 1734 1
790 1734 1
1689 1736 2
443 1737 3
764 1737 1
510 1738 2
1145 1739 2
650 1742 3
941 1745 1
1199 1746 3
913 1747 2
1626 1748 1
453 1754 3
1537 1755 2
872 1756 1
516 1759 3
794 1762 3
985 1764 2
1089 1764 1
573 1767 1
1645 1768 3
1559 1769 2
845 1770 1
1280 1775 3
1315 1777 1
1557 1780 1
870 1782 3
1156 1788 1
1686 1792 3
1607 1793 1
872 1797 3
1199 1798 3
1221 1798 3
462 1802 3
452 1805 1
573 1805 1
1273 1805 2
1270 1806 2
964 1809 2
1054 1813 2
1302 1813 2
471 1817 3
1502 1824 2
1752 1826 1
1458 1827 1
1002 1829 1
1054 1831 3
1483 1833 1
1565 1834 2
1017 1836 1
464 1837 2
534 1841 3
527 1855 2
497 1857 2
1614 1860 3
1434 1869 1
1652 1869 3
1793 1873 1
1213 1874 1
1107 1876 1
1298 1879 3
1609 1882 2
1561 1884 1
430 1886 2
1098 1886 3
872 1887 1
587 1890 3
947 1890 2
1869 1891 2
1286 1894 2
1766 1898 2
532 1899 2
612 1899 2
1562 1901 3
743 1903 3
1788 1912 3
721 1915 2
1103 1918 2
1248 1920 1
938 1923 2
1319 1923 3
1410 1925 2
1412 1928 1
1905 1930 3
603 1937 2
575 1942 2
1434 1943 1
1074 1944 1
991 1945 1
892 1948 3
1765 1949 3
1791 1949 3
1877 1949 2
1357 1950 1
563 1952 1
1232 1952 2
1767 1954 2
1667 1956 1
1729 1956 3
1735 1957 3
960 1959 2
1580 1963 1
795 1971 1
1110 1972 1
1045 1976 1
937 1979 2
557 1980 1
823 1980 2
1928 1980 3
1181 1983 3
1599 1984 2
1816 1984 2
1658 1985 3
1373 1992 2
676 1995 1
679 1995 1
1560 1995 3
783 1998 2
1191 1999 3
1981 2000 2
564 2006 1
927 2007 3
1988 2008 3
105 331 15 9 92 148 90 233 2 157 21 371 264 332 378 210 59 269 126 203 26 114 217 38 297 62 34 315 20 13 181 281 239 184 95 111 94 82 375 376 49 163 120 186 75 216 190 8 106 99 41 351 236 416 158 108 122 10 51 179 302 317 93 42 23 29 168 11 69 128 150 282 80 141 109 102 320 238 68 251 145 63 18 17 76 27 31 33 35 22 197 7 226 200 56 4 196 107 185 97 54 96 60 298 30 227 3 36 70 165 71 24 83 86 119 343 5 121
6 133 7
12 304 17
14 403 11
2 277 5
6 257 17
12 32 9
1 394 16
9 197 1
10 411 11
4 118 1
13 192 6
4 396 4
13 44 6
9 303 8
13 68 13
12 78 6
5 306 19
7 206 13
9 183 13
5 309 12
10 57 13
9 241 1
5 59 13
9 338 17
14 406 14
7 300 18
7 311 5
11 410 8
10 317 14