991 864 58 8 19
1 2 21
1 3 9
1 4 6
1 5 20
2 6 2
5 7 19
3 8 8
7 9 14
9 10 9
2 11 4
7 12 2
2 13 1
9 14 14
5 15 4
9 16 1
14 17 3
17 18 1
6 19 2
6 20 1
4 21 5
9 22 3
2 23 12
4 24 3
15 25 3
14 26 1
10 27 3
18 28 3
17 29 3
10 30 3
10 31 2
26 32 3
10 33 2
15 34 2
2 35 9
1 36 8
12 37 1
37 38 2
7 39 3
2 40 2
36 41 1
5 42 8
21 43 5
15 44 2
28 45 1
2 46 1
28 47 1
45 48 1
24 49 1
23 50 3
42 51 8
22 52 3
27 53 3
39 54 1
38 55 1
55 56 2
52 57 5
55 58 2
26 59 1
3 60 3
60 61 1
37 62 2
47 63 1
31 64 2
12 65 1
6 66 3
36 67 8
21 68 7
40 69 2
44 70 2
51 71 1
55 72 1
17 73 2
48 74 2
57 75 2
21 76 1
12 77 3
35 78 2
66 79 2
38 80 1
76 81 3
29 82 2
35 83 1
8 84 2
25 85 2
54 86 2
23 87 3
68 88 7
20 89 3
60 90 1
20 91 3
19 92 1
41 93 3
67 94 2
71 95 3
51 96 1
4 97 3
17 98 3
91 99 3
34 100 1
80 101 3
66 102 2
80 103 1
98 104 3
22 105 2
40 106 2
31 107 3
64 108 1
2 109 3
47 110 1
19 111 8
38 112 2
54 113 1
73 114 2
104 115 3
52 116 1
31 117 1
25 118 1
69 119 2
19 120 6
23 121 16
33 122 1
64 123 1
24 124 1
61 125 2
16 126 1
12 127 1
89 128 1
52 129 3
119 130 2
70 131 2
3 132 1
128 133 3
58 134 1
59 135 1
121 136 3
61 137 3
5 138 9
67 139 7
8 140 7
61 141 1
43 142 1
78 143 2
88 144 4
126 145 3
140 146 19
28 147 2
120 148 3
78 149 2
148 150 3
120 151 2
60 152 2
115 153 3
11 154 1
64 155 1
57 156 3
153 157 8
74 158 1
156 159 3
64 160 1
97 161 2
42 162 1
23 163 2
83 164 3
134 165 1
165 166 3
23 167 3
153 168 1
73 169 1
81 170 3
19 171 1
147 172 3
17 173 1
130 174 3
83 175 2
99 176 3
85 177 1
109 178 1
62 179 1
127 180 3
118 181 3
14 182 2
90 183 2
67 184 2
130 185 2
78 186 3
166 187 1
156 188 1
84 189 3
121 190 16
178 191 3
180 192 2
53 193 2
182 194 3
77 195 1
110 196 1
75 197 1
133 198 2
153 199 8
169 200 7
96 201 3
100 202 2
26 203 3
51 204 1
198 205 1
118 206 1
104 207 3
203 208 2
86 209 3
37 210 3
174 211 3
134 212 3
114 213 1
113 214 2
52 215 3
125 216 1
180 217 1
35 218 11
185 219 3
199 220 2
101 221 3
67 222 1
219 223 4
26 224 2
224 225 1
33 226 1
70 227 3
67 228 3
156 229 2
140 230 1
192 231 3
193 232 6
226 233 1
51 234 7
118 235 2
94 236 2
71 237 3
60 238 2
113 239 1
121 240 1
193 241 8
14 242 3
137 243 1
96 244 3
11 245 4
76 246 3
32 247 1
3 248 2
245 249 4
174 250 1
181 251 1
111 252 1
130 253 1
249 254 4
23 255 12
52 256 1
164 257 3
52 258 3
145 259 1
233 260 1
210 261 2
202 262 1
45 263 1
251 264 3
70 265 3
217 266 1
138 267 2
39 268 2
195 269 2
134 270 1
138 271 3
104 272 2
188 273 1
77 274 8
124 275 2
96 276 3
231 277 2
9 278 3
115 279 1
185 280 2
160 281 3
135 282 3
28 283 3
31 284 7
118 285 3
261 286 2
74 287 1
9 288 3
13 289 2
189 290 3
92 291 1
151 292 2
97 293 3
190 294 19
148 295 3
62 296 1
282 297 2
102 298 2
216 299 3
136 300 1
269 301 2
229 302 1
96 303 2
34 304 1
86 305 3
59 306 2
134 307 3
167 308 2
142 309 2
236 310 2
140 311 2
32 312 1
308 313 3
113 314 3
221 315 3
169 316 3
249 317 1
217 318 3
176 319 1
24 320 3
277 321 3
7 322 5
49 323 3
127 324 2
147 325 2
216 326 1
104 327 2
326 328 1
247 329 1
48 330 2
85 331 3
247 332 2
42 333 1
168 334 3
190 335 2
286 336 2
71 337 3
55 338 1
15 339 2
40 340 2
310 341 3
69 342 3
24 343 2
6 344 1
120 345 3
143 346 2
286 347 3
232 348 3
299 349 1
166 350 3
330 351 2
69 352 2
139 353 7
173 354 2
340 355 3
95 356 1
164 357 3
1 358 2
186 359 1
263 360 2
31 361 1
337 362 1
117 363 1
135 364 3
254 365 4
166 366 1
364 367 3
299 368 3
153 369 1
314 370 3
281 371 1
229 372 2
20 373 2
86 374 1
92 375 2
230 376 2
85 377 2
116 378 2
206 379 3
265 380 3
234 381 2
261 382 1
315 383 1
184 384 2
119 385 3
133 386 1
138 387 6
146 388 19
339 389 1
52 390 4
263 391 3
175 392 1
370 393 2
388 394 2
239 395 1
260 396 1
88 397 2
315 398 1
87 399 1
5 400 2
4 401 1
204 402 1
189 403 3
130 404 1
125 405 3
316 406 1
97 407 3
52 408 1
301 409 1
212 410 2
134 411 2
77 412 3
118 413 1
29 414 3
15 415 1
249 416 7
103 417 1
160 418 1
21 419 3
386 420 3
269 421 2
71 422 1
200 423 3
103 424 2
301 425 1
270 426 2
289 427 2
416 428 7
204 429 3
153 430 3
157 431 7
327 432 2
71 433 2
127 434 2
116 435 1
75 436 1
220 437 1
227 438 1
403 439 3
110 440 3
431 441 3
45 442 3
120 443 3
205 444 1
323 445 2
91 446 3
315 447 3
32 448 1
142 449 1
156 450 9
366 451 3
84 452 3
406 453 2
348 454 1
403 455 2
409 456 2
123 457 2
316 458 2
221 459 1
207 460 3
293 461 3
250 462 1
412 463 2
337 464 3
179 465 3
109 466 3
354 467 1
419 468 3
412 469 3
426 470 2
103 471 2
341 472 1
125 473 3
366 474 1
209 475 3
33 476 1
355 477 3
43 478 3
58 479 2
235 480 2
323 481 1
258 482 1
211 483 1
176 484 7
404 485 1
52 486 2
59 487 2
335 488 2
119 489 3
70 490 2
349 491 2
355 492 1
143 493 2
324 494 1
387 495 2
14 496 15
25 497 2
117 498 1
457 499 3
391 500 1
131 501 3
183 502 3
390 503 3
218 504 3
74 505 1
112 506 2
452 507 1
177 508 3
103 509 3
159 510 3
288 511 1
61 512 2
353 513 7
474 514 2
307 515 3
219 516 1
500 517 3
285 518 3
49 519 1
249 520 2
298 521 1
313 522 1
506 523 2
258 524 1
116 525 3
14 526 1
505 527 3
46 528 3
134 529 2
442 530 2
510 531 2
55 532 3
116 533 1
237 534 3
320 535 3
32 536 1
526 537 1
529 538 1
156 539 3
7 540 3
426 541 1
262 542 3
256 543 3
485 544 4
199 545 1
239 546 2
220 547 2
63 548 2
359 549 3
273 550 2
536 551 3
25 552 3
95 553 2
443 554 2
487 555 3
359 556 3
311 557 2
294 558 19
318 559 2
135 560 2
264 561 1
514 562 2
278 563 1
343 564 1
448 565 1
547 566 3
515 567 1
561 568 3
470 569 1
83 570 3
332 571 2
341 572 2
448 573 1
298 574 3
516 575 1
112 576 1
124 577 2
279 578 1
87 579 2
193 580 2
385 581 2
536 582 1
367 583 2
183 584 3
67 585 2
585 586 1
85 587 1
368 588 2
457 589 2
586 590 3
390 591 3
418 592 3
583 593 1
230 594 2
351 595 3
442 596 2
239 597 3
321 598 2
31 599 2
544 600 2
418 601 3
352 602 3
506 603 2
10 604 2
43 605 1
290 606 2
324 607 3
569 608 3
548 609 1
64 610 2
594 611 3
591 612 2
538 613 1
171 614 1
306 615 2
167 616 2
276 617 2
339 618 1
76 619 3
254 620 3
470 621 3
226 622 3
219 623 3
391 624 2
582 625 1
132 626 3
269 627 1
393 628 1
453 629 2
102 630 1
202 631 1
200 632 1
168 633 2
245 634 1
512 635 2
188 636 3
603 637 2
114 638 3
314 639 3
117 640 1
37 641 1
12 48 2
14 85 1
87 104 3
119 147 3
23 150 3
34 168 2
77 169 5
117 180 2
102 186 2
111 190 17
124 191 1
124 198 3
140 199 5
78 201 2
40 202 1
87 204 2
199 204 4
25 209 3
18 213 3
172 215 3
57 218 10
144 223 4
137 228 3
127 234 2
83 243 1
164 256 1
137 259 1
245 260 2
256 262 3
175 266 2
183 266 1
274 284 8
200 289 7
151 291 1
170 298 2
277 299 2
181 303 1
185 303 3
82 315 2
142 321 1
120 322 5
13 336 1
171 340 2
34 341 3
299 341 2
30 345 3
21 346 5
176 346 4
292 346 2
61 348 3
34 364 2
211 365 3
247 375 3
288 377 1
183 380 1
260 383 3
383 385 1
289 387 6
232 390 4
220 396 2
183 397 2
79 402 1
165 404 1
159 405 3
403 405 1
253 411 3
138 431 8
119 448 3
425 448 1
116 449 1
429 449 1
281 453 3
156 454 8
234 454 8
253 456 3
78 458 1
174 461 3
410 464 2
149 473 1
463 477 2
160 478 2
337 478 2
219 479 3
463 482 1
460 485 3
470 488 2
95 490 2
452 490 1
49 492 1
80 492 3
446 494 2
103 497 2
448 502 3
236 503 3
493 503 3
450 504 3
195 505 1
329 507 3
247 508 1
30 510 19
364 513 1
428 513 7
463 514 3
441 523 3
478 523 1
201 530 1
164 533 3
82 534 1
91 536 3
403 536 1
237 540 2
227 551 1
141 552 3
536 554 1
351 557 2
101 562 2
284 565 3
342 567 2
184 568 3
178 570 1
395 575 2
508 582 2
175 584 3
438 585 2
479 586 2
550 588 1
120 592 2
400 595 3
133 596 1
50 598 1
22 600 2
284 600 3
362 600 1
123 601 1
239 601 2
29 602 1
601 603 3
16 604 2
61 606 3
459 610 1
80 613 2
345 616 2
360 618 2
473 621 1
393 623 1
426 634 2
196 637 1
429 637 3
672 691 3
645 692 3
653 695 1
645 701 3
679 708 1
668 737 1
688 750 2
645 756 3
675 764 3
656 765 3
764 801 1
796 806 2
647 807 3
811 820 2
776 823 2
762 828 2
781 828 2
661 835 1
680 835 3
723 848 3
672 852 1
659 853 3
811 857 3
661 858 2
670 859 1
653 860 1
858 861 3
687 863 3
689 866 3
796 866 2
646 867 1
745 868 1
676 870 2
740 894 3
807 899 3
658 904 3
738 905 1
671 906 1
727 909 2
870 909 1
821 915 2
672 916 1
821 921 2
745 922 3
819 932 3
803 934 1
912 936 2
796 939 2
731 940 1
835 940 1
853 940 2
884 942 1
722 943 2
788 943 1
860 943 2
838 954 3
889 954 3
680 957 1
944 957 2
848 958 2
950 958 3
866 960 3
923 963 2
940 966 3
757 975 3
827 978 2
789 982 3
649 983 3
876 983 3
827 984 3
677 985 3
816 986 2
777 987 2
932 987 2
687 989 2
869 989 3
34 31 202 237 585 110 298 22 29 315 227 262 303 130 103 114 3 186 20 479 586 61 429 52 412 339 256 637 140 175 159 314 166 127 220 15 95 253 57 69 118 174 43 209 582 269 97 478 123 603 49 245 125 249 111 234 86 490
7 88 13
3 365 4
3 484 7
3 255 12
5 141 2
2 294 16
5 558 19
8 544 6
3 284 14
8 10 15
5 496 15
2 388 19
2 450 12
7 157 15
2 57 16
5 61 1
1 428 14
6 241 8
6 168 2