600 722 62 8 17
1 2 18
1 3 13
1 4 18
3 5 3
1 6 2
5 7 3
5 8 3
1 9 2
4 10 18
1 11 1
5 12 6
12 13 1
12 14 3
3 15 10
11 16 2
4 17 1
2 18 18
6 19 1
4 20 6
20 21 6
7 22 2
8 23 4
22 24 14
20 25 1
4 26 2
26 27 1
1 28 13
1 29 3
10 30 3
15 31 1
23 32 2
13 33 1
18 34 2
5 35 1
33 36 2
10 37 19
36 38 1
27 39 3
1 40 3
8 41 2
13 42 8
35 43 3
1 44 2
13 45 6
33 46 3
7 47 2
17 48 3
1 49 2
39 50 1
13 51 1
36 52 2
27 53 3
11 54 1
18 55 12
6 56 3
36 57 3
50 58 3
9 59 2
31 60 1
18 61 9
37 62 2
32 63 3
27 64 1
37 65 8
50 66 14
58 67 1
29 68 4
15 69 3
12 70 6
10 71 3
51 72 3
62 73 1
54 74 3
20 75 1
38 76 3
12 77 3
61 78 9
22 79 3
38 80 3
68 81 3
72 82 3
69 83 2
14 84 1
14 85 3
30 86 2
21 87 2
77 88 3
36 89 1
65 90 3
88 91 6
81 92 3
31 93 2
59 94 2
76 95 2
7 96 3
49 97 3
20 98 5
54 99 3
8 100 2
15 101 1
70 102 1
97 103 1
60 104 1
41 105 2
52 106 4
42 107 8
46 108 3
64 109 3
63 110 1
23 111 3
49 112 1
87 113 13
101 114 3
111 115 3
102 116 7
17 117 3
37 118 4
18 119 1
3 120 1
63 121 4
89 122 1
23 123 1
25 124 3
34 125 2
105 126 1
113 127 13
70 128 3
8 129 3
29 130 1
27 131 3
43 132 3
112 133 2
39 134 2
52 135 3
106 136 7
20 137 2
112 138 2
102 139 12
92 140 1
37 141 17
28 142 2
2 143 12
60 144 2
60 145 3
13 146 1
61 147 1
121 148 3
102 149 3
61 150 1
91 151 6
57 152 3
80 153 3
42 154 3
111 155 6
43 156 1
41 157 3
43 158 3
40 159 3
130 160 3
144 161 1
47 162 3
71 163 2
152 164 3
122 165 3
40 166 1
57 167 2
40 168 3
108 169 1
118 170 2
132 171 2
17 172 3
5 173 2
13 174 2
73 175 1
129 176 1
144 177 2
138 178 1
132 179 3
19 180 3
170 181 2
78 182 2
15 183 7
88 184 3
137 185 3
16 186 3
60 187 3
12 188 1
37 189 2
41 190 3
131 191 3
64 192 2
167 193 3
179 194 3
108 195 2
194 196 1
23 197 3
100 198 2
60 199 3
191 200 1
64 201 2
158 202 2
10 203 2
164 204 1
28 205 1
138 206 2
125 207 3
24 208 14
87 209 1
45 210 1
197 211 3
96 212 1
64 213 3
155 214 6
190 215 1
209 216 2
216 217 1
167 218 3
8 219 12
199 220 2
180 221 1
3 222 1
5 223 3
167 224 1
138 225 2
84 226 3
200 227 3
107 228 8
78 229 2
122 230 2
79 231 2
201 232 1
68 233 6
47 234 2
211 235 3
70 236 3
148 237 3
160 238 1
194 239 3
29 240 2
153 241 1
80 242 2
129 243 2
169 244 1
136 245 7
151 246 6
64 247 3
170 248 3
18 249 1
181 250 3
182 251 1
39 252 2
135 253 3
78 254 1
138 255 2
232 256 2
153 257 3
125 258 2
226 259 6
210 260 3
215 261 3
100 262 3
255 263 1
188 264 1
92 265 3
117 266 1
215 267 3
178 268 2
96 269 3
155 270 5
137 271 2
79 272 1
22 273 12
233 274 3
219 275 1
162 276 3
223 277 1
59 278 1
205 279 2
78 280 2
127 281 13
201 282 2
61 283 3
184 284 1
175 285 3
141 286 17
107 287 2
76 288 1
38 289 1
138 290 2
237 291 1
284 292 3
31 293 3
79 294 3
16 295 3
65 296 1
164 297 2
202 298 2
3 299 3
181 300 3
86 301 1
43 302 3
87 303 13
86 304 3
266 305 2
33 306 1
43 307 1
68 308 2
298 309 1
223 310 1
116 311 1
104 312 3
21 313 6
290 314 1
290 315 2
177 316 1
70 317 2
219 318 17
122 319 1
65 320 3
64 321 3
228 322 1
206 323 3
309 324 2
240 325 1
70 326 1
13 327 2
206 328 3
232 329 1
171 330 2
239 331 2
203 332 3
323 333 1
218 334 2
261 335 3
51 336 3
89 337 2
157 338 1
84 339 3
120 340 2
331 341 3
32 342 3
167 343 1
126 344 2
187 345 3
112 346 1
201 347 2
344 348 1
38 349 2
37 350 6
55 351 2
17 352 3
219 353 6
76 354 1
98 355 1
295 356 2
29 357 1
157 358 3
35 359 3
203 360 2
331 361 3
358 362 9
69 363 1
62 364 2
252 365 1
20 366 2
323 367 3
220 368 3
197 369 3
171 370 1
91 371 1
102 372 2
11 373 1
64 374 2
1 375 1
12 376 1
236 377 1
82 378 3
171 379 2
262 380 4
59 381 2
6 382 2
191 383 2
324 384 2
282 385 2
269 386 3
36 387 2
258 388 12
17 389 1
331 390 1
340 391 2
18 392 1
93 393 2
255 394 1
345 395 1
361 396 3
179 397 3
303 398 2
393 399 1
363 400 1
373 401 2
149 402 2
22 403 2
308 404 3
246 405 2
311 406 3
251 407 1
395 408 1
188 409 3
358 410 2
183 411 1
323 412 2
360 413 1
151 414 3
125 415 3
36 416 2
372 417 2
60 418 1
128 419 3
369 420 1
240 421 3
303 422 13
328 423 2
220 424 2
382 425 3
315 426 1
31 427 3
130 428 1
174 429 2
156 430 1
418 431 2
256 432 3
65 433 3
339 434 2
233 435 7
78 436 3
158 437 2
345 438 1
388 439 2
149 440 3
90 441 3
266 442 1
363 443 3
237 444 2
412 445 3
339 446 1
61 447 2
231 448 3
347 449 1
66 450 14
35 451 1
254 452 1
116 453 2
116 454 8
270 455 5
230 456 3
255 457 1
376 458 1
29 459 3
84 460 3
333 461 3
97 462 3
6 463 3
253 464 3
454 465 1
455 466 5
171 467 1
47 468 2
43 469 1
435 470 2
368 471 2
62 472 1
263 473 1
259 474 2
345 475 3
275 476 1
120 477 2
380 478 1
15 479 1
380 480 5
238 481 1
263 482 1
404 483 3
23 484 1
478 485 2
276 486 2
464 487 3
166 488 2
328 489 1
325 490 3
197 491 2
98 492 2
77 493 2
189 494 2
322 495 1
435 496 7
455 497 1
301 498 1
461 499 3
424 500 3
238 501 2
187 502 1
26 503 2
333 504 1
436 505 3
205 506 2
202 507 2
69 508 6
362 509 2
441 510 2
134 511 2
147 512 2
458 513 2
387 514 3
368 515 1
467 516 1
119 517 3
369 518 1
63 519 3
360 520 1
146 521 3
422 522 2
324 523 3
344 524 2
521 525 2
335 526 1
388 527 3
46 528 2
450 529 2
224 530 3
469 531 2
87 532 3
500 533 2
253 534 2
131 535 1
523 536 3
236 537 3
184 538 2
177 539 2
268 540 2
468 541 2
114 542 2
318 543 2
498 544 2
238 545 2
326 546 3
142 547 3
422 548 1
385 549 1
76 550 2
489 551 2
127 552 5
49 553 3
350 554 6
377 555 3
492 556 3
168 557 3
287 558 2
183 559 12
16 560 1
526 561 1
293 562 1
395 563 12
508 564 2
433 565 3
98 566 3
122 567 2
105 568 1
150 569 3
405 570 2
125 571 2
7 572 1
43 573 1
310 574 3
477 575 2
454 576 7
340 577 2
160 578 3
11 31 2
10 60 1
63 65 4
45 69 5
60 82 1
14 93 3
94 118 3
58 134 3
87 142 3
8 143 12
35 149 3
62 149 2
106 162 3
70 165 10
82 178 2
181 182 2
165 183 12
172 193 3
4 199 6
71 211 3
165 212 3
45 217 2
69 223 4
183 224 9
139 228 12
177 229 2
78 246 6
69 260 7
157 262 2
114 273 1
223 273 1
96 274 1
63 275 2
236 276 3
277 278 1
28 281 13
18 283 5
260 283 5
50 295 3
39 296 2
166 303 2
289 306 3
79 307 1
27 311 2
199 315 8
160 324 1
161 326 2
65 327 1
76 327 2
109 327 1
110 330 3
161 330 1
160 341 1
30 348 1
192 349 3
39 353 1
50 353 6
87 358 9
224 362 9
58 368 1
352 377 2
10 382 3
251 386 1
313 388 6
273 395 12
258 396 2
266 396 3
301 396 2
296 405 1
81 407 1
222 408 2
38 417 1
392 419 2
408 421 3
65 422 12
356 429 2
272 442 2
24 445 2
7 446 1
162 449 1
428 449 3
152 451 1
130 453 2
140 456 2
421 459 1
344 461 3
151 464 3
197 465 1
239 466 5
335 466 3
232 471 3
140 472 2
374 472 3
417 474 3
174 478 1
402 482 3
297 483 2
187 489 2
163 493 1
1 494 2
115 494 3
491 494 3
402 495 3
367 500 1
181 501 2
119 507 1
196 507 1
226 508 6
306 509 2
504 514 3
521 522 3
306 527 2
102 530 2
137 532 1
6 535 2
383 537 3
515 537 2
385 541 3
84 542 3
223 543 1
234 548 2
221 549 3
546 549 2
525 551 2
98 552 5
214 554 6
33 556 1
158 560 2
51 562 1
559 563 12
120 565 3
354 567 1
238 568 2
320 568 3
102 569 3
414 569 3
164 575 2
258 576 12
119 578 1
582 583 1
592 595 2
593 595 1
589 596 2
581 597 1
591 599 2
422 62 315 174 61 127 219 237 155 215 92 328 206 421 97 323 262 50 149 111 161 76 93 276 184 49 158 489 330 166 240 58 152 14 102 165 20 80 57 382 32 368 358 339 568 324 35 157 201 64 388 162 311 77 138 220 96 478 260 17 295 202
4 286 17
3 208 14
3 228 20
3 496 7
2 480 5
7 78 19
6 128 3
4 28 17
5 318 17
8 450 14
6 259 7
5 121 6
4 55 12
4 245 7
8 315 14
8 304 3
7 576 12