91 109 21 11 19
1 2 2
2 3 3
1 4 9
2 5 2
4 6 10
2 7 3
5 8 13
8 9 2
6 10 10
9 11 2
10 12 5
10 13 3
12 14 5
8 15 13
8 16 2
15 17 1
5 18 2
14 19 9
10 20 1
1 21 11
11 22 1
18 23 2
14 24 1
1 25 15
22 26 1
24 27 4
14 28 3
16 29 2
8 30 11
6 31 4
9 32 1
27 33 3
12 34 14
2 35 1
30 36 1
5 37 9
27 38 4
2 39 3
15 40 8
38 41 2
10 42 2
41 43 7
23 44 10
37 45 5
20 46 3
37 47 2
28 48 2
31 49 1
48 50 3
39 51 3
51 52 2
6 53 2
38 54 1
31 55 10
23 56 11
50 57 11
55 58 10
5 59 3
54 60 3
53 61 2
56 62 1
60 63 2
53 64 2
50 65 3
10 66 8
8 67 1
48 68 3
50 69 14
24 70 8
37 71 13
14 72 2
56 73 3
4 74 3
61 75 2
21 76 1
39 77 3
44 78 2
66 79 8
47 80 3
56 81 15
1 5 15
4 5 1
3 20 1
14 29 2
8 38 3
28 41 1
31 43 7
19 45 5
30 50 11
25 56 14
21 57 11
3 59 3
42 61 3
39 63 2
7 65 2
58 69 14
68 72 3
30 75 1
44 75 2
55 77 3
41 79 7
47 79 3
58 79 13
13 80 3
20 80 1
55 80 1
66 81 15
87 89 1
82 90 2
9 56 55 2 23 5 3 30 79 28 80 12 75 66 37 44 20 47 31 50 24
8 15 5
1 25 4
4 10 17
5 70 8
6 71 13
8 4 10
1 56 14
2 44 11
7 40 2
7 69 17
3 44 8
9 75 2
8 73 1
4 58 17
8 19 13
8 40 8
11 5 17
4 34 14
6 79 19