302 316 76 5 15
1 2 11
1 3 22
3 4 3
1 5 2
5 6 2
4 7 2
7 8 2
4 9 1
4 10 2
1 11 22
11 12 11
3 13 20
2 14 7
11 15 8
15 16 1
12 17 3
12 18 2
11 19 10
2 20 3
6 21 3
5 22 2
16 23 3
4 24 3
15 25 4
4 26 2
25 27 2
16 28 3
6 29 2
9 30 2
25 31 6
18 32 2
7 33 3
21 34 3
26 35 2
21 36 2
28 37 2
11 38 2
13 39 20
33 40 1
29 41 3
20 42 2
28 43 3
29 44 9
13 45 3
25 46 2
19 47 10
14 48 2
17 49 1
22 50 3
42 51 2
3 52 17
40 53 1
53 54 2
13 55 1
45 56 3
38 57 3
7 58 1
47 59 1
52 60 18
28 61 2
24 62 3
41 63 2
49 64 2
33 65 3
2 66 1
37 67 2
47 68 10
64 69 1
57 70 2
68 71 1
26 72 3
14 73 7
63 74 2
41 75 1
27 76 3
42 77 3
42 78 1
36 79 2
28 80 3
13 81 2
11 82 12
12 83 3
1 84 3
75 85 1
37 86 1
64 87 2
2 88 2
35 89 2
49 90 1
69 91 3
73 92 1
12 93 8
10 94 2
32 95 2
81 96 3
13 97 5
17 98 3
21 99 2
2 100 2
38 101 1
21 102 2
93 103 3
74 104 1
98 105 1
89 106 3
69 107 6
78 108 1
36 109 2
49 110 3
12 111 1
87 112 2
68 113 9
49 114 2
3 115 3
7 116 2
9 117 1
72 118 2
36 119 2
62 120 5
49 121 3
32 122 2
32 123 1
42 124 3
116 125 1
5 126 3
64 127 3
78 128 1
30 129 3
28 130 3
77 131 1
95 132 9
105 133 2
54 134 2
73 135 2
85 136 6
86 137 2
89 138 3
26 139 1
120 140 3
19 141 1
72 142 2
102 143 2
57 144 3
100 145 1
51 146 3
28 147 2
41 148 3
51 149 1
16 150 2
69 151 2
69 152 13
108 153 1
57 154 3
17 155 1
66 156 3
31 157 6
113 158 2
15 159 1
133 160 3
81 161 2
87 162 2
131 163 1
129 164 3
3 165 1
28 166 2
34 167 2
50 168 3
89 169 5
88 170 2
5 171 2
47 172 3
68 173 3
107 174 3
4 175 3
59 176 1
81 177 3
25 178 1
5 179 1
60 180 16
1 181 1
57 182 2
144 183 2
93 184 2
32 185 1
44 186 18
146 187 1
98 188 3
86 189 1
110 190 2
113 191 18
181 192 1
76 193 3
117 194 1
105 195 2
187 196 1
68 197 3
62 198 5
6 199 2
65 200 3
191 201 3
62 202 2
171 203 3
93 204 1
52 205 1
89 206 3
116 207 3
88 208 2
28 209 3
43 210 1
112 211 3
171 212 1
18 213 1
39 214 2
179 215 2
22 216 2
95 217 3
180 218 2
32 219 3
192 220 2
104 221 1
112 222 3
64 223 3
8 224 3
220 225 2
204 226 2
40 227 1
138 228 3
203 229 3
163 230 1
197 231 2
38 232 2
68 233 3
30 234 2
205 235 2
234 236 1
83 237 3
1 238 2
223 239 1
94 240 1
58 241 3
77 242 1
200 243 3
36 244 2
184 245 2
55 246 2
182 247 2
37 248 3
13 21 3
17 45 3
34 53 2
44 82 14
15 85 6
58 85 2
60 86 2
25 94 2
62 94 4
44 104 3
54 107 1
38 114 3
63 125 2
45 129 3
122 131 1
129 131 1
43 132 3
94 136 6
120 137 3
107 140 3
89 144 3
1 148 3
3 152 13
121 155 2
100 160 2
112 166 1
121 171 3
115 176 3
51 177 1
9 178 2
178 190 2
40 193 3
132 194 1
106 197 3
132 198 5
20 199 3
124 199 1
190 200 2
43 202 1
161 203 1
192 205 1
182 207 2
99 208 2
30 209 2
68 211 1
142 212 3
74 218 3
82 223 3
143 223 3
68 224 3
9 232 3
79 232 2
93 237 8
167 237 3
185 245 2
257 264 1
256 267 2
268 273 3
261 274 2
267 277 2
260 280 1
264 280 2
279 283 2
263 286 2
278 290 3
288 291 3
268 297 1
266 299 1
276 299 1
93 237 19 95 40 81 49 3 54 73 77 107 232 94 89 190 20 47 60 112 6 32 4 120 44 121 62 100 36 171 129 88 7 18 131 68 43 51 113 45 53 41 21 104 11 57 5 38 132 85 16 63 52 64 14 9 28 98 34 58 12 116 37 42 144 2 205 22 72 86 30 33 15 197 26 69
5 95 18
5 69 8
4 157 6
2 180 18
1 237 13
3 97 5
2 73 13
2 191 18
5 107 8
1 169 5
3 58 2
4 186 18
1 39 20
5 29 9
3 133 2