1999 1959 265 12 13
1 2 2
1 3 8
1 4 3
2 5 1
1 6 3
1 7 16
4 8 2
4 9 3
9 10 3
3 11 5
11 12 2
1 13 2
11 14 3
12 15 3
7 16 16
3 17 3
8 18 1
1 19 2
9 20 2
15 21 3
19 22 3
3 23 2
18 24 3
22 25 2
21 26 1
20 27 1
18 28 2
12 29 2
25 30 3
18 31 2
11 32 1
14 33 1
9 34 3
20 35 3
32 36 1
16 37 10
8 38 1
18 39 3
29 40 2
24 41 2
5 42 2
24 43 1
1 44 2
14 45 2
11 46 1
20 47 3
18 48 3
46 49 2
32 50 2
28 51 2
41 52 3
22 53 2
8 54 3
17 55 3
51 56 1
29 57 3
30 58 2
52 59 3
21 60 3
53 61 2
42 62 3
62 63 1
54 64 3
13 65 2
29 66 2
33 67 2
9 68 3
50 69 2
47 70 2
64 71 1
24 72 1
1 73 10
1 74 7
52 75 3
44 76 3
48 77 1
9 78 1
51 79 2
42 80 2
19 81 1
63 82 2
12 83 2
39 84 3
78 85 1
65 86 2
50 87 2
60 88 3
2 89 2
29 90 1
5 91 3
73 92 6
7 93 3
6 94 2
74 95 7
37 96 3
10 97 1
19 98 2
5 99 1
20 100 1
95 101 2
68 102 1
11 103 1
13 104 1
61 105 1
21 106 1
104 107 3
39 108 2
24 109 8
6 110 2
40 111 1
10 112 2
51 113 3
57 114 2
100 115 1
100 116 4
97 117 3
113 118 3
116 119 6
112 120 2
92 121 6
39 122 2
117 123 3
123 124 2
57 125 1
23 126 3
95 127 3
108 128 3
87 129 3
46 130 2
49 131 1
111 132 2
14 133 3
13 134 2
12 135 2
1 136 2
32 137 3
46 138 2
60 139 3
21 140 1
112 141 3
99 142 2
36 143 1
24 144 2
72 145 1
34 146 3
126 147 3
101 148 1
59 149 3
88 150 1
76 151 1
21 152 3
32 153 3
126 154 1
74 155 3
70 156 1
110 157 2
60 158 2
91 159 2
114 160 2
95 161 7
84 162 3
41 163 3
37 164 1
118 165 1
64 166 1
84 167 2
157 168 1
90 169 2
155 170 3
133 171 1
12 172 2
40 173 1
64 174 2
17 175 2
15 176 1
85 177 2
130 178 1
94 179 3
147 180 3
107 181 3
98 182 3
155 183 3
149 184 3
118 185 1
55 186 3
1 187 2
39 188 4
22 189 2
144 190 2
49 191 1
116 192 2
123 193 3
122 194 2
107 195 1
79 196 2
150 197 3
91 198 3
179 199 1
82 200 1
155 201 1
180 202 3
191 203 2
47 204 2
127 205 3
188 206 2
143 207 1
29 208 2
160 209 1
16 210 1
200 211 2
105 212 3
82 213 3
155 214 3
90 215 3
146 216 3
124 217 3
67 218 1
185 219 3
37 220 3
95 221 2
124 222 1
184 223 3
128 224 1
88 225 2
23 226 1
52 227 3
135 228 3
173 229 1
182 230 3
13 231 2
162 232 16
85 233 1
182 234 2
58 235 3
211 236 1
135 237 1
189 238 2
105 239 3
117 240 3
107 241 2
100 242 3
33 243 2
150 244 1
225 245 3
233 246 2
131 247 2
227 248 2
187 249 3
112 250 4
163 251 3
115 252 1
39 253 1
137 254 2
24 255 2
59 256 1
192 257 2
49 258 2
47 259 3
101 260 2
190 261 3
110 262 1
71 263 2
26 264 3
58 265 3
37 266 3
30 267 3
7 268 2
170 269 3
259 270 3
112 271 1
94 272 3
152 273 3
30 274 3
253 275 3
3 276 3
175 277 1
114 278 2
37 279 4
203 280 1
256 281 1
238 282 2
278 283 1
242 284 3
5 285 2
24 286 1
121 287 2
127 288 3
154 289 2
252 290 2
252 291 2
290 292 3
176 293 2
155 294 1
255 295 2
207 296 2
144 297 3
212 298 1
53 299 2
82 300 1
144 301 3
12 302 3
27 303 2
180 304 2
35 305 3
101 306 1
219 307 3
201 308 1
263 309 3
101 310 2
190 311 2
300 312 1
86 313 3
312 314 1
120 315 3
6 316 3
281 317 2
304 318 2
199 319 2
2 320 2
31 321 3
201 322 1
163 323 2
215 324 1
62 325 3
132 326 3
258 327 2
242 328 1
103 329 2
123 330 2
221 331 3
173 332 3
332 333 3
155 334 1
191 335 3
76 336 3
49 337 2
17 338 1
75 339 2
139 340 2
208 341 3
111 342 1
300 343 1
235 344 2
123 345 1
243 346 1
297 347 3
112 348 3
323 349 3
165 350 3
233 351 1
234 352 2
166 353 3
218 354 3
285 355 1
227 356 2
80 357 3
17 358 1
291 359 3
242 360 3
241 361 2
246 362 2
221 363 3
89 364 1
133 365 3
221 366 2
320 367 3
90 368 1
223 369 2
90 370 2
250 371 11
161 372 10
356 373 2
361 374 1
172 375 3
325 376 2
223 377 1
116 378 3
20 379 2
327 380 1
97 381 1
292 382 3
145 383 1
57 384 1
184 385 1
190 386 3
254 387 3
55 388 2
163 389 2
351 390 9
283 391 1
300 392 2
37 393 5
41 394 2
377 395 1
315 396 2
159 397 3
117 398 2
371 399 1
158 400 1
251 401 3
296 402 1
52 403 1
100 404 3
266 405 1
99 406 2
406 407 3
152 408 2
252 409 3
159 410 1
225 411 1
398 412 3
94 413 2
121 414 3
233 415 3
297 416 2
377 417 1
118 418 2
79 419 3
395 420 3
226 421 2
63 422 1
17 423 2
218 424 2
91 425 2
382 426 2
151 427 3
290 428 1
376 429 3
358 430 1
225 431 3
313 432 3
61 433 2
417 434 2
14 435 1
18 436 2
27 437 2
64 438 1
434 439 1
54 440 1
427 441 3
370 442 1
146 443 1
144 444 2
371 445 13
11 446 3
436 447 1
315 448 3
134 449 3
326 450 3
306 451 3
45 452 2
239 453 2
33 454 2
235 455 3
43 456 3
131 457 2
450 458 1
126 459 3
266 460 3
295 461 2
145 462 2
89 463 3
390 464 9
74 465 2
185 466 1
297 467 1
428 468 3
285 469 3
65 470 2
159 471 3
59 472 1
374 473 1
40 474 2
111 475 2
159 476 1
10 477 1
138 478 2
190 479 3
385 480 3
298 481 3
212 482 2
384 483 1
253 484 1
255 485 2
237 486 2
20 487 2
414 488 1
120 489 2
155 490 2
316 491 1
320 492 1
196 493 2
125 494 2
274 495 3
298 496 1
207 497 1
391 498 2
402 499 1
353 500 3
407 501 2
501 502 3
471 503 2
117 504 2
190 505 1
359 506 2
163 507 2
304 508 2
395 509 1
497 510 2
263 511 2
183 512 1
487 513 1
201 514 1
140 515 3
362 516 1
473 517 3
481 518 1
339 519 2
498 520 1
127 521 3
208 522 1
245 523 3
307 524 3
237 525 2
98 526 1
283 527 3
142 528 2
367 529 1
444 530 1
4 531 1
391 532 1
310 533 2
121 534 6
504 535 1
104 536 2
166 537 1
341 538 3
101 539 3
102 540 1
506 541 2
512 542 2
229 543 2
469 544 1
322 545 1
142 546 1
505 547 3
503 548 2
121 549 3
194 550 2
154 551 2
363 552 2
345 553 2
195 554 2
368 555 2
148 556 3
238 557 3
549 558 1
557 559 3
458 560 2
354 561 3
531 562 1
135 563 2
86 564 1
351 565 1
237 566 1
483 567 2
92 568 2
563 569 1
303 570 3
173 571 2
140 572 1
541 573 2
562 574 1
9 575 2
491 576 1
322 577 1
31 578 1
29 579 2
244 580 1
373 581 3
329 582 1
48 583 5
513 584 1
216 585 2
494 586 3
534 587 8
430 588 3
440 589 1
485 590 3
155 591 1
337 592 1
471 593 1
546 594 3
95 595 3
544 596 2
6 597 1
353 598 1
370 599 1
501 600 1
195 601 1
143 602 1
344 603 2
421 604 3
165 605 3
148 606 3
269 607 1
331 608 2
174 609 1
23 610 3
181 611 3
339 612 1
273 613 3
184 614 1
151 615 1
213 616 2
513 617 1
562 618 3
569 619 3
65 620 1
442 621 3
270 622 2
322 623 1
200 624 1
211 625 2
200 626 1
334 627 2
209 628 2
380 629 1
341 630 2
195 631 2
80 632 2
332 633 2
565 634 1
586 635 2
519 636 2
234 637 1
624 638 3
517 639 2
421 640 3
93 641 1
311 642 2
60 643 1
222 644 1
48 645 1
453 646 1
47 647 2
34 648 2
339 649 2
291 650 3
166 651 2
22 652 1
525 653 1
102 654 1
94 655 3
252 656 2
332 657 3
284 658 3
240 659 3
331 660 1
563 661 2
523 662 2
145 663 1
571 664 3
554 665 1
593 666 2
471 667 2
556 668 1
280 669 2
527 670 2
229 671 3
203 672 1
598 673 3
411 674 1
328 675 3
245 676 1
190 677 2
601 678 3
544 679 2
46 680 1
80 681 2
642 682 2
145 683 3
392 684 1
132 685 3
385 686 1
641 687 2
56 688 3
109 689 2
590 690 1
153 691 1
540 692 2
364 693 3
92 694 2
72 695 3
601 696 3
359 697 2
587 698 2
300 699 2
351 700 3
213 701 2
162 702 2
421 703 1
354 704 3
516 705 1
118 706 3
88 707 1
170 708 2
126 709 1
73 710 10
225 711 3
444 712 2
61 713 2
166 714 2
510 715 1
82 716 1
51 717 2
207 718 2
620 719 1
230 720 3
464 721 3
570 722 1
464 723 18
604 724 2
289 725 1
583 726 9
356 727 3
173 728 1
468 729 2
16 730 9
613 731 1
164 732 1
621 733 2
100 734 3
693 735 3
491 736 3
27 737 2
175 738 3
38 739 2
640 740 3
46 741 1
177 742 2
385 743 3
410 744 3
91 745 1
199 746 2
499 747 1
569 748 3
475 749 3
490 750 2
39 751 3
219 752 1
543 753 2
292 754 2
492 755 1
522 756 2
382 757 1
448 758 2
265 759 3
617 760 3
246 761 3
494 762 2
195 763 3
250 764 8
596 765 1
377 766 2
211 767 3
503 768 3
215 769 2
316 770 2
734 771 3
667 772 1
404 773 3
578 774 2
663 775 2
108 776 3
45 777 2
380 778 3
702 779 3
485 780 3
103 781 1
72 782 1
328 783 3
128 784 3
316 785 3
459 786 1
669 787 3
236 788 1
332 789 6
417 790 1
459 791 1
701 792 1
460 793 3
380 794 1
505 795 2
344 796 1
188 797 2
551 798 3
784 799 3
29 800 3
306 801 2
495 802 1
262 803 2
578 804 1
333 805 2
608 806 2
717 807 2
659 808 1
102 809 2
286 810 1
744 811 1
490 812 1
173 813 3
208 814 3
183 815 2
56 816 3
54 817 2
322 818 1
614 819 3
52 820 2
738 821 2
400 822 1
591 823 3
206 824 1
126 825 2
735 826 1
70 827 1
286 828 3
689 829 3
409 830 1
728 831 1
544 832 3
447 833 1
534 834 3
158 835 2
692 836 1
244 837 2
396 838 1
299 839 2
300 840 3
721 841 3
6 842 3
788 843 2
387 844 2
838 845 3
801 846 2
205 847 3
759 848 3
652 849 3
313 850 3
262 851 2
27 852 1
315 853 3
111 854 3
404 855 2
23 856 3
414 857 3
36 858 2
459 859 2
703 860 1
510 861 1
616 862 1
54 863 2
196 864 1
765 865 1
140 866 1
143 867 1
36 868 3
257 869 2
106 870 1
505 871 1
529 872 3
48 873 2
440 874 2
872 875 2
593 876 3
657 877 3
350 878 1
254 879 2
91 880 3
861 881 3
116 882 2
62 883 2
712 884 3
296 885 2
23 886 2
802 887 2
527 888 1
626 889 3
62 890 2
474 891 3
569 892 2
525 893 3
47 894 3
601 895 2
269 896 2
279 897 2
21 898 2
361 899 3
161 900 3
604 901 3
713 902 2
515 903 3
427 904 3
265 905 1
448 906 1
806 907 1
727 908 2
288 909 2
469 910 2
558 911 2
779 912 3
885 913 1
264 914 2
109 915 3
22 916 1
311 917 3
351 918 3
777 919 3
371 920 3
9 921 1
237 922 2
329 923 2
888 924 1
193 925 1
228 926 3
598 927 3
866 928 3
414 929 3
92 930 3
512 931 2
164 932 1
146 933 2
666 934 2
653 935 2
594 936 3
386 937 1
927 938 2
761 939 1
237 940 2
346 941 2
938 942 3
208 943 3
197 944 1
612 945 3
208 946 2
943 947 3
908 948 1
10 949 3
519 950 2
583 951 16
141 952 2
874 953 1
880 954 3
346 955 3
610 956 3
20 957 1
473 958 2
204 959 2
404 960 1
781 961 2
3 962 3
609 963 2
795 964 3
768 965 1
80 966 3
381 967 1
142 968 1
449 969 1
809 970 2
401 971 3
475 972 2
587 973 1
884 974 2
595 975 3
267 976 1
660 977 1
739 978 3
667 979 3
47 980 2
497 981 1
16 982 3
314 983 3
542 984 1
629 985 1
94 986 3
429 987 1
3 988 3
140 989 3
477 990 3
5 991 2
283 992 2
817 993 1
288 994 1
849 995 2
316 996 3
865 997 2
153 998 1
925 999 1
226 1000 2
172 1001 3
555 1002 2
644 1003 3
265 1004 2
292 1005 1
177 1006 3
560 1007 3
467 1008 2
51 1009 3
965 1010 1
282 1011 2
682 1012 3
102 1013 1
702 1014 3
725 1015 1
667 1016 2
662 1017 1
956 1018 1
596 1019 2
566 1020 1
1003 1021 5
595 1022 1
576 1023 2
858 1024 2
195 1025 2
597 1026 2
46 1027 1
189 1028 1
530 1029 1
961 1030 1
55 1031 1
672 1032 1
154 1033 3
735 1034 3
29 1035 3
825 1036 2
169 1037 3
459 1038 3
132 1039 2
189 1040 1
1035 1041 2
287 1042 3
240 1043 3
324 1044 2
1026 1045 2
740 1046 2
420 1047 1
5 1048 3
315 1049 2
541 1050 3
915 1051 3
207 1052 1
51 1053 2
248 1054 3
358 1055 3
624 1056 3
693 1057 2
328 1058 2
677 1059 1
821 1060 3
586 1061 2
627 1062 1
349 1063 3
981 1064 3
885 1065 1
888 1066 1
189 1067 2
866 1068 2
1015 1069 3
721 1070 3
487 1071 2
122 1072 3
130 1073 1
1039 1074 2
228 1075 3
441 1076 1
122 1077 3
175 1078 1
220 1079 3
717 1080 3
605 1081 2
473 1082 2
85 1083 1
541 1084 2
1047 1085 1
335 1086 2
413 1087 3
519 1088 2
438 1089 1
867 1090 2
198 1091 2
1089 1092 1
911 1093 1
279 1094 8
333 1095 2
758 1096 3
46 1097 1
489 1098 3
1064 1099 1
460 1100 1
731 1101 2
406 1102 3
922 1103 1
108 1104 8
250 1105 3
729 1106 3
703 1107 2
268 1108 3
681 1109 1
172 1110 3
341 1111 2
750 1112 3
776 1113 2
464 1114 3
981 1115 2
70 1116 1
892 1117 3
257 1118 2
702 1119 3
333 1120 3
297 1121 2
1091 1122 1
17 1123 3
642 1124 2
869 1125 2
119 1126 6
480 1127 1
524 1128 2
451 1129 3
237 1130 2
45 1131 3
733 1132 2
371 1133 2
540 1134 1
666 1135 1
605 1136 3
450 1137 2
1007 1138 2
541 1139 2
583 1140 3
547 1141 1
220 1142 2
493 1143 1
207 1144 1
617 1145 2
630 1146 1
464 1147 3
696 1148 2
997 1149 2
505 1150 3
872 1151 3
1107 1152 3
864 1153 3
684 1154 2
272 1155 3
469 1156 3
839 1157 2
94 1158 1
697 1159 2
571 1160 2
1062 1161 2
78 1162 2
500 1163 2
1000 1164 1
771 1165 1
306 1166 1
673 1167 3
1030 1168 2
696 1169 2
852 1170 2
200 1171 3
1157 1172 2
278 1173 1
900 1174 2
842 1175 1
476 1176 1
632 1177 3
57 1178 1
163 1179 3
800 1180 2
1167 1181 1
393 1182 5
256 1183 3
643 1184 2
337 1185 2
388 1186 2
776 1187 2
706 1188 3
78 1189 2
192 1190 2
149 1191 1
1021 1192 1
1127 1193 1
346 1194 2
703 1195 3
1006 1196 1
429 1197 1
955 1198 2
960 1199 1
355 1200 1
138 1201 1
191 1202 3
138 1203 3
1137 1204 1
170 1205 1
805 1206 3
242 1207 2
296 1208 2
95 1209 1
798 1210 2
1101 1211 1
1102 1212 3
269 1213 3
166 1214 2
925 1215 1
721 1216 1
283 1217 3
308 1218 1
981 1219 1
700 1220 2
312 1221 1
2 1222 1
418 1223 3
1199 1224 3
1026 1225 3
1043 1226 3
985 1227 1
288 1228 2
154 1229 3
768 1230 2
449 1231 2
329 1232 2
525 1233 3
646 1234 1
753 1235 1
1124 1236 2
140 1237 1
912 1238 2
808 1239 2
720 1240 3
674 1241 3
376 1242 1
855 1243 2
1163 1244 3
843 1245 1
557 1246 1
95 1247 3
369 1248 3
696 1249 3
312 1250 3
484 1251 1
1198 1252 1
781 1253 2
83 1254 1
1157 1255 3
1003 1256 3
555 1257 3
1023 1258 1
752 1259 1
763 1260 1
407 1261 3
199 1262 1
1079 1263 3
864 1264 2
10 1265 3
232 1266 16
25 1267 3
36 1268 1
293 1269 2
505 1270 1
406 1271 1
981 1272 2
1088 1273 3
338 1274 3
1161 1275 1
30 1276 1
769 1277 3
1068 1278 2
1250 1279 3
276 1280 2
737 1281 3
717 1282 2
1233 1283 2
667 1284 3
747 1285 3
335 1286 2
812 1287 3
520 1288 2
331 1289 1
1133 1290 2
1247 1291 1
250 1292 2
1021 1293 5
149 1294 2
208 1295 1
1087 1296 2
239 1297 3
1247 1298 1
264 1299 1
899 1300 2
1293 1301 5
1070 1302 1
1122 1303 2
993 1304 1
1228 1305 1
949 1306 2
449 1307 1
532 1308 1
1083 1309 1
1235 1310 2
493 1311 1
340 1312 3
61 1313 1
1252 1314 1
1131 1315 2
184 1316 2
251 1317 1
494 1318 1
474 1319 1
447 1320 2
110 1321 1
789 1322 6
516 1323 1
1314 1324 1
943 1325 1
429 1326 2
989 1327 2
22 1328 2
285 1329 2
1127 1330 1
1229 1331 3
333 1332 3
671 1333 2
681 1334 2
24 1335 16
622 1336 1
485 1337 1
785 1338 3
1302 1339 1
814 1340 2
841 1341 1
427 1342 3
593 1343 1
93 1344 3
1184 1345 2
297 1346 2
1146 1347 3
1170 1348 1
1016 1349 2
838 1350 3
191 1351 2
710 1352 10
1181 1353 3
768 1354 1
464 1355 3
179 1356 3
397 1357 2
1071 1358 2
1230 1359 3
40 1360 2
428 1361 3
463 1362 1
602 1363 3
1020 1364 3
270 1365 1
226 1366 2
1031 1367 2
291 1368 3
746 1369 1
690 1370 1
842 1371 1
1148 1372 1
736 1373 1
873 1374 2
360 1375 2
517 1376 2
92 1377 1
841 1378 1
984 1379 2
847 1380 1
791 1381 1
204 1382 1
1224 1383 3
1348 1384 3
1193 1385 3
212 1386 1
56 1387 1
306 1388 3
917 1389 1
1159 1390 3
1295 1391 1
110 1392 2
6 1393 3
1 1394 2
642 1395 2
85 1396 3
188 1397 2
1230 1398 1
1302 1399 2
333 1400 3
1192 1401 1
697 1402 3
1399 1403 2
522 1404 2
333 1405 3
772 1406 3
528 1407 2
168 1408 2
1061 1409 3
343 1410 1
5 1411 1
1348 1412 3
750 1413 2
356 1414 3
974 1415 2
1226 1416 1
663 1417 2
930 1418 2
442 1419 3
798 1420 1
1015 1421 3
67 1422 1
414 1423 2
106 1424 1
715 1425 1
372 1426 10
557 1427 2
208 1428 2
431 1429 2
578 1430 2
846 1431 3
1142 1432 1
830 1433 1
85 1434 1
1099 1435 1
990 1436 1
275 1437 2
993 1438 1
625 1439 2
1245 1440 2
7 1441 1
853 1442 1
742 1443 2
142 1444 3
320 1445 3
439 1446 2
497 1447 3
84 1448 2
1328 1449 2
443 1450 2
1376 1451 1
481 1452 1
646 1453 1
957 1454 1
1032 1455 3
64 112 3
87 132 3
40 147 2
11 188 4
64 194 1
107 226 1
216 239 3
19 249 3
29 251 1
152 252 3
185 258 2
112 265 1
171 265 2
251 291 3
260 304 1
261 315 1
225 316 1
192 321 1
267 349 1
51 351 5
163 354 1
279 363 3
32 367 1
9 380 3
95 394 1
16 400 2
149 401 3
153 403 3
4 408 1
360 413 2
150 434 1
151 436 2
420 437 3
335 440 1
71 458 1
350 460 3
193 461 3
170 469 2
258 472 3
46 500 1
96 505 3
39 507 2
513 516 1
142 523 1
274 541 3
351 549 5
398 553 1
89 566 3
86 567 1
357 567 3
146 569 2
309 581 1
457 583 2
510 592 1
86 614 1
32 619 3
288 622 1
190 623 1
69 624 1
627 635 1
408 644 2
544 650 2
422 652 3
196 654 2
488 660 3
619 661 3
644 661 3
660 663 3
241 665 3
591 674 1
407 697 3
263 701 1
443 702 2
635 706 3
236 708 1
240 709 1
469 712 1
456 714 2
290 715 1
273 716 1
436 717 1
207 721 1
640 726 1
571 727 3
302 729 2
473 729 3
457 732 2
179 739 2
483 741 1
713 742 1
10 746 3
732 749 2
103 750 3
623 755 1
159 759 3
636 760 2
285 772 1
14 778 1
508 780 2
460 784 3
146 786 1
194 787 1
621 802 2
275 803 2
637 804 3
293 807 1
732 807 2
207 809 2
299 811 2
185 812 2
259 813 2
411 819 1
285 820 3
405 822 1
615 825 3
662 831 3
97 836 1
584 845 1
80 852 1
777 855 2
269 858 3
502 860 3
846 863 1
803 867 3
151 871 3
101 877 3
397 878 3
82 882 2
391 883 2
745 887 1
760 891 2
376 893 1
330 896 3
205 901 3
519 904 1
632 904 1
441 912 3
721 923 1
165 924 3
906 924 2
158 925 2
144 927 1
622 931 2
833 941 1
687 943 3
424 945 3
182 949 3
407 949 3
444 951 2
540 954 2
752 955 3
86 956 3
896 957 2
124 959 1
99 969 2
181 977 3
193 977 3
859 981 2
782 985 2
150 986 2
661 990 2
9 991 1
966 993 1
944 1001 1
772 1005 1
569 1009 2
565 1011 3
135 1018 3
352 1021 3
516 1024 2
825 1026 1
295 1031 1
444 1032 1
478 1032 3
470 1033 3
50 1037 1
1014 1039 1
173 1042 3
1001 1043 3
639 1045 1
108 1046 2
356 1048 1
490 1049 2
152 1050 2
194 1051 2
368 1054 2
658 1055 1
831 1056 1
908 1058 1
685 1062 1
208 1063 1
467 1064 1
1052 1064 3
420 1067 3
484 1070 1
172 1071 2
871 1072 2
428 1076 1
957 1077 2
251 1089 1
492 1091 3
471 1093 2
109 1094 8
992 1095 2
514 1097 1
218 1098 2
554 1102 1
764 1104 8
33 1107 2
591 1108 2
1044 1111 1
1045 1111 2
829 1112 2
932 1112 1
518 1114 1
591 1120 3
702 1120 3
763 1125 3
87 1134 2
972 1141 2
463 1147 3
914 1148 2
465 1150 2
28 1151 2
736 1152 3
760 1152 2
106 1153 3
22 1158 2
484 1158 3
394 1159 2
54 1161 2
291 1167 2
1022 1173 1
661 1176 3
812 1176 2
242 1178 3
553 1179 3
489 1183 3
600 1183 2
958 1185 2
574 1186 2
324 1187 3
156 1189 2
288 1191 3
790 1191 2
495 1195 3
344 1197 3
1000 1199 3
1063 1199 3
458 1201 1
219 1202 2
428 1208 1
864 1214 1
309 1216 3
575 1217 2
761 1217 2
284 1218 2
823 1220 1
139 1225 2
426 1226 3
711 1227 3
842 1227 2
666 1230 2
241 1233 2
631 1235 3
511 1236 2
367 1239 3
862 1242 1
1061 1242 1
269 1244 3
130 1250 1
618 1252 2
1200 1252 1
650 1256 3
657 1256 3
2 1257 3
558 1260 1
6 1264 2
1155 1268 2
1025 1273 3
88 1276 3
275 1278 3
1094 1279 1
987 1280 1
1149 1284 3
1080 1287 3
12 1290 2
845 1296 2
889 1300 1
512 1301 2
1182 1301 5
849 1303 3
863 1305 3
510 1308 2
228 1310 3
1243 1310 1
535 1311 1
1178 1314 2
1210 1315 2
16 1316 2
562 1320 3
1073 1321 1
445 1322 4
658 1322 2
383 1329 1
961 1332 2
556 1343 2
1291 1343 2
962 1344 2
692 1345 1
669 1347 3
16 1349 3
62 1349 3
599 1350 2
674 1350 1
1161 1351 3
951 1352 10
1338 1353 3
353 1354 2
493 1355 2
561 1364 1
553 1369 3
585 1369 3
572 1370 1
844 1370 2
1243 1371 2
1097 1373 2
654 1374 2
294 1376 1
1316 1379 3
1016 1380 1
187 1381 2
988 1384 3
1330 1384 3
314 1389 1
1392 1395 3
544 1400 3
1146 1401 1
252 1403 3
480 1403 3
20 1406 2
1278 1406 1
124 1407 2
849 1407 1
972 1409 2
949 1412 3
1074 1412 1
976 1413 3
154 1415 1
1220 1416 1
1242 1418 3
1315 1420 3
1380 1422 2
571 1424 3
1003 1426 8
199 1431 3
1259 1432 2
1276 1432 1
779 1434 2
1325 1439 1
718 1441 3
550 1442 1
1084 1443 3
738 1446 2
749 1448 2
1225 1449 3
325 1450 2
81 1452 1
547 1452 2
915 1452 1
800 1453 3
260 1455 1
421 1455 1
1478 1480 2
1475 1511 1
1491 1511 3
1458 1518 3
1499 1523 1
1461 1529 2
1571 1587 1
1567 1593 3
1463 1602 1
1594 1603 2
1603 1620 1
1617 1643 3
1616 1652 1
1478 1655 1
1496 1663 2
1458 1670 3
1612 1670 2
1554 1674 1
1632 1685 3
1686 1693 1
1586 1694 2
1680 1694 3
1575 1705 1
1585 1705 2
1589 1706 2
1457 1720 2
1665 1722 2
1511 1727 1
1704 1728 1
1548 1733 2
1689 1733 3
1505 1737 1
1608 1737 1
1691 1737 3
1456 1740 1
1583 1750 3
1705 1750 2
1516 1751 3
1466 1756 3
1587 1757 1
1643 1761 2
1512 1763 1
1458 1768 3
1472 1768 2
1556 1770 1
1488 1777 1
1479 1779 1
1576 1779 1
1654 1780 1
1625 1785 1
1479 1793 2
1456 1800 1
1568 1800 3
1528 1808 1
1576 1808 1
1753 1808 1
1470 1810 1
1585 1810 2
1669 1812 3
1672 1815 1
1773 1818 3
1598 1827 1
1496 1828 1
1727 1828 2
1677 1831 1
1665 1836 1
1515 1837 3
1752 1844 3
1636 1845 1
1574 1848 2
1590 1856 3
1713 1857 2
1556 1858 2
1547 1862 1
1476 1864 1
1856 1864 1
1644 1867 3
1827 1870 2
1545 1874 2
1690 1874 3
1740 1874 2
1736 1875 2
1467 1881 1
1482 1881 1
1564 1881 3
1702 1882 3
1856 1882 1
1506 1884 2
1617 1887 1
1596 1889 2
1790 1893 3
1842 1895 3
1875 1895 3
1666 1897 2
1830 1907 3
1566 1912 1
1624 1915 2
1727 1918 1
1537 1919 2
1653 1925 2
1754 1930 1
1696 1932 3
1646 1935 1
1674 1937 1
1736 1937 1
1473 1940 1
1820 1941 2
1871 1941 2
1729 1942 1
1622 1944 2
1903 1944 1
1689 1945 2
1898 1945 3
1628 1951 1
1931 1952 2
1773 1953 1
1861 1962 1
1930 1967 1
1492 1969 1
1744 1970 3
1730 1973 2
1946 1973 3
1494 1978 3
1856 1978 1
1612 1979 1
1714 1979 3
1629 1982 2
1684 1984 2
1740 1985 3
1802 1986 2
1948 1989 1
1717 1992 3
5 59 12 632 4 845 116 768 346 208 583 351 380 713 467 400 89 182 45 253 1107 1432 459 663 1350 534 852 1314 161 549 449 184 29 961 562 872 871 985 493 244 324 441 165 74 16 444 669 555 24 809 866 523 977 420 180 398 124 908 298 1152 1032 130 337 1016 1045 283 519 304 144 33 1199 746 162 1097 598 117 491 406 18 867 121 133 122 489 500 1316 252 8 1071 23 1158 196 2 57 132 955 135 97 776 67 417 259 428 299 1247 501 258 681 155 1278 107 88 458 447 71 703 739 1061 275 760 173 73 692 605 279 1157 544 492 110 442 1062 221 601 201 359 105 194 235 278 17 50 179 267 192 292 1369 915 103 313 495 556 1233 72 126 717 401 972 285 443 404 233 290 565 70 6 139 300 274 1102 812 855 93 1039 505 642 421 522 842 193 32 1220 738 367 223 265 39 149 37 569 189 226 440 10 183 863 356 957 772 54 567 123 904 36 1191 825 1370 951 721 473 1063 92 266 391 777 291 42 635 87 1089 358 858 888 46 86 759 846 781 674 328 712 667 376 1064 153 94 661 239 114 51 288 58 896 166 697 701 557 990 541 1227 1302 475 312 158 213 293 622 13 295 800 1003 142 956 450 9 63
10 1126 6
1 730 9
3 1335 16
4 723 18
8 1181 2
3 341 5
1 101 3
2 587 8
8 1266 16
4 697 8
4 726 8
10 445 16
2 1426 17