990 284 12 8 15
1 2 16
1 3 3
2 4 16
1 5 16
4 6 16
2 7 1
1 8 18
1 9 7
6 10 5
9 11 7
2 12 17
12 13 1
13 14 2
1 15 2
5 16 16
2 17 3
11 18 3
4 19 9
16 20 8
8 21 9
12 22 10
2 23 17
10 24 1
17 25 2
20 26 1
12 27 1
16 28 11
17 29 3
5 30 16
20 31 3
2 32 7
5 33 7
15 34 2
18 35 2
25 36 1
32 37 1
34 38 2
4 39 4
30 40 1
15 41 1
18 42 1
10 43 5
18 44 3
36 45 1
12 46 9
37 47 1
11 48 2
16 49 13
16 17 3
2 21 9
5 22 10
29 31 3
19 33 7
19 34 1
6 38 2
22 40 2
36 41 3
2 43 5
27 45 3
41 45 3
53 101 3
81 164 2
132 170 2
142 172 3
59 177 3
143 203 2
123 217 2
91 228 2
152 242 3
56 243 2
249 251 1
212 257 2
72 259 2
137 260 3
133 275 3
67 291 1
239 305 3
85 307 3
228 310 1
217 316 2
313 328 3
146 339 1
242 340 2
317 345 2
128 351 3
55 378 1
134 380 1
220 399 1
97 404 1
191 409 3
331 413 3
241 416 3
320 417 1
218 421 1
83 424 3
375 424 3
343 431 3
389 440 1
338 449 1
158 451 3
268 453 3
199 455 3
91 456 1
149 456 2
387 460 1
306 463 3
316 472 1
154 475 3
286 475 3
136 485 3
311 488 1
435 496 3
343 497 2
480 500 1
205 507 2
408 511 3
139 517 1
182 522 3
81 526 1
458 533 2
488 537 2
306 538 2
524 544 1
349 551 3
60 552 3
465 553 1
138 555 2
162 556 1
397 564 3
504 565 3
214 567 2
200 570 3
544 572 1
359 573 3
280 574 3
82 577 3
345 580 2
475 582 2
262 588 2
537 590 1
297 598 1
390 603 1
523 603 2
540 605 3
439 613 3
236 614 2
337 617 3
142 620 3
539 624 1
279 630 3
264 637 1
567 646 3
193 647 1
118 649 1
358 651 1
376 652 1
548 655 1
97 659 3
191 662 3
94 666 1
257 667 3
301 671 2
192 675 2
346 678 3
642 678 2
651 680 2
85 682 2
90 687 1
677 692 2
77 694 1
645 694 3
219 696 2
127 701 3
317 705 2
53 706 2
522 707 3
243 708 3
461 708 2
504 708 1
251 712 3
412 724 3
289 725 1
71 729 2
454 732 1
620 732 1
635 734 3
314 736 2
395 739 1
691 739 2
479 741 1
114 745 1
558 751 3
140 754 1
730 757 1
315 758 3
415 764 3
451 765 2
465 778 2
499 781 2
647 782 3
564 783 1
107 785 1
183 786 1
520 787 1
307 789 2
603 796 1
230 806 3
288 808 2
557 811 2
622 817 1
156 821 2
776 821 2
690 822 1
333 823 1
559 824 3
148 825 3
375 827 3
207 828 3
100 829 3
442 831 1
162 834 3
140 838 3
151 842 3
109 849 2
601 858 1
190 864 1
664 868 3
80 877 1
784 878 3
452 879 2
418 880 3
205 881 2
718 883 1
161 884 1
382 885 2
488 888 2
622 888 2
361 889 2
69 894 3
196 894 2
340 900 3
130 901 3
446 902 1
670 903 1
416 906 1
213 907 2
115 910 3
428 910 1
662 910 3
391 911 2
292 914 3
500 924 2
355 928 1
150 930 1
176 931 2
148 934 3
812 934 2
567 936 2
756 942 3
315 943 3
514 949 1
499 950 1
286 952 1
409 957 3
712 957 1
839 960 1
593 963 3
622 963 3
156 964 2
133 968 3
193 972 1
539 972 1
444 973 3
504 973 3
642 974 1
724 975 2
315 976 3
535 976 3
624 977 1
334 980 2
967 980 1
121 985 3
298 987 1
304 987 1
4 41 19 20 45 11 17 18 6 5 16 10
3 28 11
6 8 18
5 6 20
3 46 9
6 12 14
4 16 10
8 32 7
4 49 13
4 46 1
8 31 3
1 39 4
3 30 16
7 23 17
3 11 7
8 5 14