600 680 76 5 12
1 2 7
2 3 1
2 4 1
4 5 2
5 6 2
1 7 13
6 8 3
6 9 2
5 10 2
6 11 2
11 12 2
9 13 1
4 14 2
9 15 3
4 16 5
14 17 1
1 18 15
4 19 1
19 20 1
13 21 3
8 22 3
22 23 3
15 24 3
1 25 2
16 26 3
17 27 2
18 28 10
15 29 3
28 30 6
20 31 1
9 32 2
30 33 2
13 34 6
9 35 3
23 36 3
1 37 3
32 38 3
30 39 1
17 40 3
35 41 3
32 42 4
10 43 3
7 44 3
27 45 3
20 46 3
34 47 3
28 48 10
24 49 3
38 50 3
23 51 2
25 52 1
48 53 3
30 54 1
15 55 1
33 56 14
13 57 2
3 58 3
49 59 1
24 60 1
48 61 3
9 62 1
3 63 1
4 64 1
47 65 1
4 66 2
31 67 2
17 68 3
24 69 2
63 70 3
12 71 2
16 72 1
28 73 3
48 74 3
48 75 11
67 76 1
14 77 1
54 78 3
37 79 2
16 80 1
6 81 2
81 82 2
45 83 1
29 84 3
7 85 3
60 86 2
48 87 2
29 88 2
31 89 3
45 90 1
41 91 3
3 92 2
81 93 2
83 94 2
10 95 2
33 96 1
12 97 1
30 98 6
78 99 1
99 100 1
4 101 2
43 102 3
41 103 2
8 104 11
5 105 3
55 106 3
6 107 1
81 108 3
6 109 1
18 110 3
39 111 2
88 112 2
22 113 2
107 114 2
101 115 3
100 116 3
54 117 3
13 118 3
59 119 1
56 120 1
72 121 3
23 122 1
118 123 3
7 124 2
67 125 1
60 126 3
14 127 1
62 128 3
31 129 2
31 130 2
98 131 2
71 132 3
52 133 2
7 134 2
73 135 1
23 136 2
120 137 6
5 138 3
119 139 3
49 140 1
13 141 1
114 142 3
109 143 3
19 144 2
22 145 2
78 146 1
56 147 4
12 148 2
125 149 2
143 150 3
100 151 1
139 152 2
149 153 1
2 154 1
13 155 3
154 156 2
58 157 2
128 158 3
147 159 3
115 160 3
66 161 3
15 162 2
19 163 2
74 164 1
137 165 2
101 166 3
149 167 1
114 168 1
158 169 3
144 170 1
26 171 3
70 172 1
90 173 3
64 174 3
131 175 3
118 176 2
32 177 3
77 178 3
137 179 6
165 180 1
33 181 2
58 182 2
35 183 3
7 184 3
95 185 1
18 186 3
27 187 1
72 188 2
160 189 3
80 190 2
86 191 3
60 192 2
64 193 2
54 194 1
45 195 3
100 196 3
186 197 3
3 198 2
122 199 2
17 200 1
186 201 1
70 202 2
184 203 1
142 204 1
3 205 3
109 206 2
14 207 2
30 208 2
92 209 1
187 210 1
58 211 2
193 212 1
142 213 2
141 214 1
83 215 1
42 216 4
197 217 2
203 218 3
120 219 3
134 220 2
6 221 3
219 222 3
17 223 3
130 224 3
139 225 1
59 226 2
40 227 1
17 228 1
4 229 2
221 230 2
27 231 4
33 232 3
129 233 3
49 234 2
230 235 3
153 236 3
168 237 1
220 238 1
150 239 3
37 240 1
126 241 3
222 242 1
103 243 3
124 244 1
207 245 2
9 246 2
32 247 3
62 248 2
68 249 2
57 250 1
90 251 3
184 252 2
239 253 2
198 254 2
20 255 1
2 256 4
179 257 2
144 258 1
244 259 1
135 260 2
219 261 2
18 262 1
163 263 2
106 264 3
195 265 3
32 266 2
263 267 1
40 268 1
110 269 3
52 270 2
230 271 1
250 272 3
46 273 2
216 274 1
3 275 2
242 276 1
265 277 2
93 278 1
161 279 2
48 280 2
167 281 2
226 282 1
88 283 2
251 284 3
210 285 3
173 286 2
124 287 2
70 288 2
102 289 3
184 290 3
226 291 2
255 292 11
17 293 3
96 294 3
184 295 3
74 296 1
117 297 2
296 298 3
75 299 3
164 300 2
237 301 2
165 302 3
157 303 1
183 304 1
85 305 3
175 306 3
73 307 2
178 308 2
131 309 1
187 310 3
109 311 2
263 312 1
188 313 1
11 314 3
276 315 3
267 316 2
148 317 3
92 318 1
265 319 1
147 320 2
129 321 2
224 322 3
50 323 1
212 324 3
13 325 3
197 326 1
88 327 2
311 328 3
231 329 4
286 330 2
195 331 1
109 332 3
103 333 1
152 334 3
315 335 1
163 336 1
213 337 3
251 338 3
226 339 3
115 340 2
91 341 1
193 342 1
263 343 3
72 344 3
32 345 2
130 346 3
205 347 2
288 348 1
294 349 2
127 350 3
244 351 3
130 352 3
224 353 2
11 354 3
63 355 2
263 356 3
241 357 1
155 358 3
144 359 1
114 360 1
348 361 3
25 362 3
222 363 1
172 364 2
201 365 2
85 366 3
164 367 5
179 368 4
160 369 2
225 370 2
122 371 1
107 372 1
344 373 3
3 374 3
364 375 2
81 376 1
182 377 2
8 378 3
363 379 3
217 380 3
168 381 1
33 382 11
145 383 3
280 384 1
155 385 2
354 386 2
184 387 1
36 388 2
125 389 2
107 390 3
204 391 1
119 392 2
280 393 2
190 394 2
265 395 3
133 396 1
245 397 2
164 398 3
309 399 3
94 400 2
211 401 3
83 402 3
302 403 3
296 404 1
130 405 1
209 406 3
294 407 3
263 408 1
260 409 3
172 410 2
93 411 3
59 412 1
402 413 2
59 414 3
244 415 1
11 416 3
370 417 1
12 418 2
416 419 3
256 420 1
224 421 2
82 422 3
367 423 3
280 424 2
202 425 2
100 426 2
40 427 3
363 428 2
152 429 3
161 430 3
312 431 3
405 432 2
270 433 2
20 434 3
134 435 2
321 436 2
385 437 3
239 438 2
315 439 2
283 440 2
359 441 3
320 442 3
139 443 2
347 444 1
399 445 1
166 446 3
367 447 3
117 448 1
114 449 2
348 450 3
123 451 1
265 452 3
18 453 3
161 454 2
308 455 3
387 456 2
151 457 3
11 458 1
350 459 2
180 460 1
93 461 2
288 462 1
192 463 3
359 464 2
93 465 3
148 466 1
424 467 2
310 468 3
417 469 1
432 470 2
220 471 2
140 472 1
304 473 3
377 474 1
400 475 1
369 476 2
147 477 5
13 478 5
145 479 3
349 480 1
268 481 2
66 482 2
112 483 3
448 484 1
243 485 1
326 486 2
177 487 3
116 488 2
387 489 1
389 490 3
94 491 1
104 492 14
240 493 1
253 494 2
192 495 2
134 496 1
396 497 2
122 498 2
290 499 3
27 500 3
413 501 3
332 502 2
457 503 1
251 504 3
14 505 3
32 506 1
23 507 1
436 508 2
258 509 2
329 510 4
271 511 3
251 512 2
162 513 1
80 514 1
298 515 3
514 516 3
381 517 3
125 518 3
486 519 1
246 520 1
422 521 2
512 522 1
219 523 3
390 524 3
499 525 2
41 526 3
259 527 1
59 528 1
150 529 2
258 530 2
28 531 1
323 532 3
334 533 3
505 534 3
531 535 3
151 536 2
51 537 2
25 538 2
12 539 3
221 540 3
244 541 3
75 542 1
413 543 1
491 544 1
171 545 3
510 546 1
148 547 3
383 548 3
460 549 3
402 550 12
395 551 3
348 552 2
454 553 1
171 554 1
431 555 2
484 556 1
41 557 2
492 558 14
416 559 2
155 560 1
23 561 3
511 562 3
186 563 2
143 564 3
2 8 7
7 56 11
56 57 2
21 61 1
67 68 2
82 99 2
62 104 3
111 119 2
34 159 3
119 164 4
57 166 2
5 173 3
79 174 2
106 182 3
170 186 3
102 189 1
47 197 3
162 201 1
190 201 2
170 213 3
1 229 3
48 238 3
54 244 3
50 248 3
122 248 1
178 253 1
29 258 2
226 276 1
202 280 1
117 295 1
211 295 2
94 302 2
74 304 1
196 307 1
212 308 2
110 309 2
67 311 1
84 320 2
257 330 3
220 333 2
44 337 1
268 345 3
277 351 2
320 353 1
8 355 2
348 356 3
349 358 1
149 362 3
75 367 11
216 368 4
172 374 3
350 375 1
379 381 3
278 385 1
264 386 2
111 397 4
16 402 5
181 403 2
273 405 2
1 410 9
255 410 9
397 410 4
28 417 1
104 419 3
315 426 1
289 430 3
63 436 2
440 444 3
370 446 1
445 448 1
259 449 2
352 452 2
437 453 2
140 457 3
347 460 1
335 465 1
1 467 2
86 475 1
237 476 3
256 477 5
410 478 5
44 481 1
334 481 1
109 491 1
435 493 3
20 500 3
40 500 1
163 505 2
7 507 3
277 513 1
348 516 2
513 516 3
123 523 3
134 525 3
39 529 2
92 531 1
33 533 6
63 535 1
302 543 2
309 547 3
169 548 2
85 549 3
493 549 3
533 551 3
125 553 1
372 554 1
133 556 3
150 559 1
323 562 1
42 564 3
566 586 3
583 586 3
588 591 1
574 593 1
588 597 3
584 598 3
580 599 1
288 460 42 197 265 302 118 80 294 120 381 3 280 276 123 13 40 359 211 111 94 122 27 239 11 15 44 32 139 78 349 531 168 9 117 6 192 190 62 448 160 54 178 124 172 505 129 255 70 516 57 402 165 219 256 491 115 101 513 22 500 182 10 161 170 457 493 222 164 253 68 226 119 277 195 74
3 67 2
3 292 11
3 120 9
1 367 16
5 558 14
1 34 12
5 123 10
1 510 4
5 98 6
1 287 2
5 382 11
5 550 12