991 1225 169 5 7
1 2 4
2 3 3
3 4 4
3 5 2
5 6 1
2 7 3
1 8 3
1 9 3
6 10 2
5 11 1
7 12 2
1 13 4
11 14 1
3 15 3
5 16 2
14 17 2
6 18 2
3 19 1
8 20 1
11 21 3
21 22 2
11 23 1
5 24 3
9 25 1
19 26 2
5 27 2
22 28 2
26 29 2
12 30 3
7 31 3
29 32 2
30 33 1
17 34 3
10 35 3
15 36 2
34 37 3
27 38 3
26 39 1
5 40 3
35 41 3
28 42 3
20 43 1
15 44 1
35 45 3
31 46 1
9 47 1
39 48 1
16 49 2
14 50 1
4 51 3
46 52 2
45 53 2
2 54 1
27 55 2
18 56 1
42 57 1
24 58 3
35 59 3
29 60 2
50 61 3
13 62 4
52 63 4
55 64 2
29 65 3
12 66 2
38 67 2
23 68 1
51 69 3
13 70 3
39 71 2
16 72 1
48 73 2
46 74 2
49 75 1
39 76 2
62 77 3
51 78 1
68 79 2
1 80 4
75 81 3
7 82 3
13 83 1
68 84 3
23 85 2
41 86 2
19 87 2
36 88 1
52 89 1
2 90 1
76 91 2
72 92 2
15 93 2
21 94 2
44 95 2
12 96 1
96 97 5
77 98 2
29 99 1
91 100 2
24 101 3
87 102 1
37 103 1
64 104 3
102 105 1
39 106 1
97 107 1
77 108 3
81 109 1
48 110 3
27 111 3
53 112 1
112 113 2
30 114 2
101 115 2
37 116 1
24 117 1
6 118 3
44 119 2
38 120 2
87 121 2
16 122 3
1 123 2
10 124 3
42 125 3
107 126 1
76 127 1
57 128 2
97 129 2
12 130 1
76 131 1
127 132 2
47 133 1
71 134 3
38 135 4
104 136 1
61 137 3
33 138 2
85 139 2
109 140 3
50 141 1
39 142 3
38 143 2
133 144 2
92 145 2
84 146 3
116 147 3
39 148 3
144 149 3
1 150 2
64 151 1
26 152 2
149 153 2
132 154 1
95 155 3
144 156 1
129 157 2
106 158 3
127 159 3
93 160 1
157 161 1
62 162 2
42 163 2
27 164 3
89 165 2
88 166 3
103 167 3
10 168 2
140 169 2
75 170 1
150 171 1
116 172 3
161 173 2
113 174 1
132 175 1
169 176 1
94 177 1
100 178 1
111 179 3
26 180 1
102 181 1
88 182 2
75 183 3
148 184 3
8 185 2
26 186 1
181 187 1
126 188 1
99 189 3
179 190 1
152 191 1
90 192 1
168 193 2
156 194 3
24 195 3
64 196 3
36 197 1
39 198 2
66 199 3
184 200 1
191 201 3
144 202 2
53 203 2
30 204 1
92 205 3
21 206 3
119 207 3
203 208 2
169 209 1
10 210 1
94 211 3
25 212 2
120 213 3
191 214 1
126 215 3
155 216 1
103 217 3
197 218 3
187 219 2
176 220 3
206 221 3
178 222 2
95 223 2
113 224 2
184 225 4
35 226 2
23 227 2
32 228 3
132 229 1
184 230 2
137 231 1
3 232 1
157 233 3
191 234 2
97 235 3
23 236 2
113 237 2
179 238 3
228 239 2
35 240 3
4 241 2
212 242 3
49 243 3
31 244 1
42 245 3
241 246 1
22 247 3
138 248 2
216 249 2
132 250 1
212 251 2
130 252 1
53 253 1
228 254 1
149 255 3
82 256 3
235 257 3
219 258 2
227 259 1
116 260 1
91 261 3
100 262 1
146 263 2
36 264 3
175 265 2
166 266 3
227 267 1
14 268 1
78 269 1
71 270 3
144 271 1
129 272 3
186 273 2
150 274 3
109 275 3
42 276 1
186 277 1
69 278 3
62 279 2
136 280 3
208 281 3
10 282 1
195 283 1
83 284 2
100 285 1
25 286 1
76 287 3
44 288 1
23 289 2
136 290 1
148 291 3
129 292 2
221 293 1
260 294 3
67 295 2
91 296 3
268 297 2
283 298 1
133 299 2
237 300 2
82 301 2
276 302 3
212 303 1
88 304 2
81 305 1
163 306 3
140 307 1
192 308 3
134 309 2
227 310 3
66 311 1
247 312 2
291 313 2
197 314 2
309 315 2
202 316 1
241 317 1
172 318 2
314 319 1
185 320 3
310 321 2
173 322 1
194 323 1
280 324 1
254 325 1
320 326 2
300 327 1
257 328 3
48 329 3
308 330 2
136 331 2
142 332 2
265 333 1
146 334 3
219 335 1
144 336 3
336 337 2
301 338 1
127 339 1
14 340 3
36 341 3
256 342 2
190 343 2
68 344 1
59 345 3
66 346 3
12 347 1
337 348 2
338 349 2
80 350 4
221 351 2
302 352 2
51 353 2
334 354 3
323 355 3
25 356 1
96 357 5
8 358 3
35 359 2
315 360 2
193 361 2
233 362 3
282 363 1
27 364 3
363 365 1
193 366 1
55 367 2
9 368 3
145 369 2
369 370 3
15 371 1
44 372 3
368 373 2
100 374 2
226 375 3
79 376 3
292 377 2
276 378 1
105 379 2
269 380 1
91 381 2
31 382 2
250 383 1
233 384 2
167 385 1
180 386 3
142 387 2
135 388 2
86 389 2
306 390 2
151 391 2
92 392 3
332 393 2
266 394 1
338 395 2
35 396 3
151 397 2
46 398 3
219 399 2
398 400 2
222 401 1
128 402 2
370 403 2
132 404 2
155 405 1
401 406 2
150 407 2
129 408 1
61 409 1
138 410 1
367 411 2
70 412 2
243 413 1
193 414 1
343 415 3
404 416 2
54 417 3
84 418 3
160 419 3
360 420 3
245 421 2
91 422 3
122 423 3
205 424 3
205 425 3
372 426 1
346 427 3
238 428 2
225 429 4
204 430 2
184 431 3
270 432 2
47 433 2
123 434 3
267 435 3
289 436 1
92 437 2
346 438 2
351 439 2
70 440 2
340 441 2
343 442 1
220 443 3
146 444 2
249 445 2
302 446 1
102 447 1
295 448 1
104 449 2
226 450 1
188 451 1
285 452 3
412 453 3
277 454 1
339 455 1
169 456 2
419 457 2
205 458 2
228 459 1
426 460 2
381 461 3
383 462 1
170 463 3
434 464 3
141 465 1
348 466 3
393 467 3
124 468 1
318 469 2
381 470 3
369 471 1
403 472 3
158 473 2
308 474 2
147 475 3
344 476 3
61 477 3
244 478 3
389 479 3
211 480 1
201 481 3
280 482 2
8 483 3
270 484 2
355 485 2
22 486 2
440 487 1
298 488 3
91 489 2
44 490 1
122 491 2
87 492 1
410 493 3
231 494 3
121 495 3
97 496 1
413 497 3
174 498 1
101 499 2
116 500 1
282 501 2
163 502 1
136 503 5
252 504 1
423 505 1
46 506 3
380 507 1
201 508 1
270 509 2
463 510 2
166 511 2
27 512 2
37 513 2
103 514 3
507 515 1
16 516 1
91 517 2
250 518 3
285 519 1
441 520 3
486 521 1
216 522 2
489 523 2
277 524 3
372 525 3
373 526 2
177 527 1
308 528 1
69 529 3
282 530 3
448 531 2
472 532 3
161 533 3
188 534 3
507 535 3
471 536 3
213 537 2
109 538 3
157 539 2
304 540 2
512 541 1
329 542 1
448 543 3
72 544 3
405 545 1
70 546 3
214 547 2
498 548 2
58 549 3
448 550 2
84 551 2
449 552 3
6 553 2
141 554 2
21 555 3
74 556 2
507 557 3
74 558 2
511 559 1
169 560 1
512 561 2
544 562 1
133 563 3
159 564 2
103 565 1
400 566 1
44 567 1
131 568 3
209 569 1
162 570 2
148 571 3
17 572 2
404 573 1
351 574 1
128 575 2
564 576 3
424 577 3
314 578 2
333 579 1
251 580 2
406 581 2
258 582 2
369 583 3
579 584 3
487 585 1
401 586 3
514 587 1
497 588 3
7 589 2
263 590 3
95 591 3
135 592 2
220 593 1
296 594 2
146 595 3
258 596 3
366 597 3
320 598 3
358 599 1
162 600 2
339 601 2
357 602 3
414 603 1
229 604 2
195 605 1
588 606 3
492 607 2
407 608 3
89 609 2
577 610 2
512 611 3
325 612 2
601 613 1
489 614 2
152 615 1
181 616 3
153 617 1
316 618 3
513 619 1
540 620 1
307 621 2
12 622 2
592 623 1
468 624 1
245 625 2
617 626 3
222 627 1
251 628 3
119 629 1
275 630 3
629 631 1
253 632 2
343 633 3
255 634 1
497 635 1
386 636 1
333 637 3
285 638 3
5 639 2
12 640 3
264 641 3
351 642 3
588 643 1
265 644 2
565 645 3
64 646 3
316 647 3
314 648 3
163 649 2
86 650 3
362 651 1
567 652 2
188 653 3
413 654 2
53 655 2
639 656 2
144 657 2
640 658 2
582 659 1
576 660 1
190 661 1
14 662 2
50 663 3
113 664 3
424 665 1
42 666 2
187 667 3
32 668 1
412 669 2
173 670 2
244 671 1
318 672 1
227 673 3
187 674 3
198 675 2
596 676 1
653 677 3
182 678 3
76 679 3
86 680 2
95 681 3
406 682 1
397 683 2
639 684 1
245 685 1
60 686 3
309 687 3
87 688 2
583 689 2
228 690 2
18 691 3
396 692 2
626 693 1
672 694 3
557 695 1
53 696 3
72 697 2
519 698 3
57 699 2
666 700 1
283 701 3
379 702 1
432 703 1
216 704 2
411 705 3
310 706 2
513 707 3
145 708 2
528 709 2
462 710 2
19 711 2
65 712 4
70 713 1
627 714 3
667 715 1
647 716 3
279 717 2
147 718 2
645 719 2
6 720 2
93 721 3
304 722 1
467 723 1
675 724 1
126 725 1
231 726 3
43 727 2
257 728 1
568 729 2
432 730 2
112 731 2
27 732 1
490 733 1
509 734 1
83 735 2
291 736 1
294 737 2
359 738 2
307 739 3
175 740 3
736 741 2
488 742 1
232 743 3
504 744 2
584 745 2
50 746 3
4 747 3
208 748 2
131 749 2
419 750 3
682 751 1
732 752 3
160 753 3
685 754 1
534 755 1
739 756 1
411 757 2
573 758 1
450 759 1
428 760 3
369 761 3
671 762 2
731 763 3
578 764 2
480 765 3
759 766 3
761 767 3
739 768 3
311 769 3
18 770 3
227 771 2
34 772 1
366 773 2
513 774 2
452 775 3
243 776 3
85 777 1
71 778 1
139 779 3
252 780 3
114 781 3
1 782 2
589 783 3
53 784 1
164 785 2
149 786 1
258 787 3
473 788 2
267 789 1
208 790 1
266 791 2
55 792 2
654 793 2
676 794 3
319 795 1
543 796 1
114 797 1
415 798 2
617 799 1
487 800 3
471 801 2
231 802 3
553 803 2
765 804 2
567 805 1
217 806 2
601 807 2
367 808 2
320 809 1
101 810 2
673 811 3
601 812 3
741 813 3
66 814 2
121 815 2
383 816 3
627 817 3
601 818 1
63 819 4
613 820 1
732 821 1
803 822 2
675 823 3
153 824 3
148 825 2
27 826 2
594 827 1
70 828 1
270 829 2
288 830 1
755 831 2
686 832 1
411 833 3
354 834 2
233 835 1
558 836 3
698 837 2
252 838 2
443 839 1
538 840 3
66 841 3
759 842 1
46 843 3
9 844 2
152 845 3
728 846 2
390 847 1
184 848 2
214 849 2
650 850 3
415 851 2
703 852 1
707 853 1
70 854 1
182 855 2
363 856 1
672 857 2
595 858 2
807 859 1
649 860 3
521 861 2
613 862 2
116 863 2
410 864 1
59 865 2
814 866 2
798 867 3
704 868 3
16 869 1
756 870 3
772 871 2
772 872 3
243 873 1
776 874 3
305 875 1
274 876 2
2 877 3
245 878 3
180 879 2
490 880 3
362 881 1
522 882 1
293 883 3
608 884 1
350 885 1
312 886 3
573 887 3
437 888 1
536 889 3
204 890 1
487 891 2
726 892 3
179 893 2
833 894 2
423 895 1
84 896 3
386 897 1
417 898 3
605 899 2
656 900 2
667 901 2
827 902 2
533 903 1
148 904 3
41 905 3
857 906 1
851 907 3
24 908 2
78 909 2
845 910 3
692 911 3
34 912 1
608 913 2
268 914 2
154 915 2
105 916 2
585 917 1
111 918 2
484 919 2
226 920 1
327 921 2
110 922 1
264 923 3
155 924 1
845 925 3
748 926 1
887 927 1
139 928 2
336 929 3
409 930 1
594 931 3
542 932 3
900 933 1
614 934 2
873 935 3
359 936 1
909 937 3
62 938 1
143 939 2
900 940 1
919 941 1
207 942 2
270 943 3
444 944 1
833 945 2
765 946 1
333 947 3
546 948 2
520 949 1
806 950 1
657 951 2
633 952 1
567 953 1
631 954 1
633 955 2
182 956 1
767 957 2
192 958 2
661 959 1
805 960 2
495 961 1
330 962 2
599 963 2
675 964 1
69 965 2
852 966 2
159 967 1
650 968 2
375 969 2
165 970 1
598 971 3
672 972 2
247 973 2
574 974 3
148 975 1
136 976 2
712 977 3
591 978 1
722 979 2
755 980 2
22 49 3
51 63 1
57 67 3
87 106 3
87 109 3
101 120 1
84 129 2
147 161 1
34 162 1
99 181 1
156 182 3
169 182 1
183 190 1
80 194 1
161 195 3
104 200 2
52 208 2
64 231 3
41 233 1
55 245 1
40 264 3
186 267 2
64 280 2
265 298 2
104 300 1
198 304 3
177 310 1
127 324 3
226 324 3
25 332 1
185 334 3
195 343 1
163 344 1
5 346 2
345 346 2
28 350 3
109 350 3
247 350 3
236 353 2
358 359 1
60 386 1
297 395 2
298 405 2
171 425 2
295 427 3
257 431 2
38 436 1
397 438 1
57 439 3
237 443 3
399 456 1
357 464 5
224 477 1
9 485 3
305 485 1
77 487 1
450 491 2
39 498 3
388 500 1
22 502 1
92 504 2
196 519 3
51 523 2
489 530 1
232 532 1
524 533 3
202 538 3
146 540 3
148 543 3
233 548 1
214 550 3
222 553 3
286 559 2
23 564 1
240 568 3
279 570 1
106 571 1
382 575 3
467 579 3
379 588 3
454 590 3
501 593 1
476 603 2
129 609 2
546 625 1
349 628 1
394 630 2
60 631 3
98 633 1
585 636 1
224 637 1
624 637 1
589 638 1
120 639 1
258 645 3
520 645 1
576 646 3
43 647 2
100 647 3
641 651 1
377 653 1
13 661 2
141 663 2
457 665 2
657 668 2
618 670 1
608 672 1
507 680 3
567 680 1
232 681 2
336 683 2
402 687 3
6 690 3
379 694 1
439 695 1
239 696 2
133 699 3
501 699 2
368 706 1
216 707 3
493 708 2
500 709 3
405 710 2
61 716 2
513 721 2
568 724 2
720 728 3
47 729 1
240 732 1
27 733 2
677 733 1
516 735 1
441 736 2
726 746 1
224 749 2
279 750 3
543 753 3
389 755 2
341 757 1
613 758 3
495 765 3
428 771 1
520 774 1
167 775 1
30 779 2
31 781 3
685 785 3
297 786 3
672 786 3
121 788 2
214 789 3
112 791 1
151 792 3
299 793 3
522 794 2
559 797 1
45 803 2
645 811 1
774 812 2
349 815 2
721 815 3
674 818 1
577 820 3
701 820 3
425 823 2
679 826 3
410 828 3
497 828 3
656 828 3
489 832 2
69 836 1
335 837 1
45 840 3
822 840 3
717 843 1
763 847 1
92 849 3
103 849 1
6 850 3
74 851 2
197 856 1
323 856 2
404 856 2
731 856 3
218 857 1
628 860 2
706 860 1
94 866 1
153 866 3
191 871 2
182 875 1
201 875 3
309 876 2
311 880 1
175 883 2
279 884 3
221 885 2
706 885 2
254 886 1
306 887 3
855 890 2
241 891 3
110 902 2
259 906 3
794 908 2
408 910 1
860 916 3
204 921 1
484 925 2
783 926 2
799 926 1
507 927 2
309 931 2
404 931 2
288 932 2
683 932 2
490 933 2
268 939 1
887 940 2
70 941 3
30 942 3
544 942 2
422 947 3
241 948 3
437 951 1
4 954 1
110 957 2
80 961 2
469 966 3
626 966 2
453 968 3
558 970 1
14 972 1
571 974 3
765 975 3
416 976 2
503 977 3
786 977 2
604 978 1
154 979 2
356 979 3
942 979 1
981 982 3
984 988 3
981 991 3
987 991 1
637 252 350 180 338 149 283 146 553 159 155 351 67 31 129 437 148 428 401 675 926 512 661 97 140 11 202 55 151 389 258 772 875 728 336 628 184 74 110 573 104 588 113 425 397 443 577 64 833 245 96 309 706 26 411 794 546 270 76 369 667 136 27 250 849 639 19 346 57 204 201 86 116 302 383 413 102 8 190 358 72 363 672 305 181 268 85 142 601 765 9 579 42 182 404 419 52 544 166 139 359 188 721 379 106 5 237 29 333 559 280 150 755 46 22 82 141 132 732 567 135 119 167 885 88 733 467 410 7 93 424 49 77 18 405 257 647 13 291 367 484 851 656 657 162 25 617 276 38 222 415 50 786 439 240 131 318 608 497 282 450 126 533 186 91 323 47 423 60
2 159 7
4 503 8
2 819 4
2 464 5
5 429 4
4 245 3
4 135 5