1009 1207 171 4 5
1 2 2
2 3 3
3 4 3
2 5 2
1 6 2
6 7 1
3 8 1
1 9 7
1 10 12
10 11 2
6 12 3
9 13 3
11 14 3
13 15 1
10 16 1
5 17 3
6 18 3
4 19 3
12 20 1
14 21 1
13 22 3
16 23 1
2 24 2
5 25 3
19 26 2
14 27 3
23 28 1
6 29 1
9 30 5
18 31 1
12 32 3
11 33 2
18 34 1
23 35 2
30 36 2
31 37 3
22 38 3
29 39 2
34 40 2
13 41 3
29 42 3
4 43 2
24 44 3
25 45 1
20 46 2
41 47 3
40 48 3
30 49 2
34 50 3
36 51 3
13 52 1
38 53 2
36 54 3
10 55 1
27 56 3
21 57 2
29 58 2
20 59 3
43 60 3
35 61 3
45 62 2
49 63 2
16 64 3
63 65 1
11 66 1
22 67 3
12 68 2
24 69 3
14 70 3
61 71 2
51 72 3
69 73 3
10 74 12
62 75 1
22 76 1
66 77 2
25 78 2
50 79 2
41 80 3
56 81 3
14 82 1
72 83 1
28 84 18
16 85 1
48 86 3
67 87 3
59 88 3
10 89 1
26 90 1
66 91 3
66 92 17
67 93 2
74 94 12
23 95 3
6 96 1
88 97 3
62 98 3
53 99 2
81 100 1
62 101 2
15 102 1
43 103 3
21 104 1
29 105 1
4 106 1
88 107 2
74 108 2
6 109 1
103 110 2
55 111 2
19 112 2
91 113 3
87 114 2
47 115 1
4 116 3
16 117 2
90 118 1
1 119 4
68 120 2
50 121 1
44 122 3
85 123 3
95 124 1
45 125 3
57 126 1
7 127 1
118 128 1
112 129 1
8 130 3
130 131 2
118 132 3
66 133 1
26 134 2
52 135 3
127 136 1
33 137 2
63 138 2
87 139 1
137 140 2
107 141 2
131 142 2
58 143 1
117 144 2
63 145 3
23 146 2
10 147 1
134 148 1
112 149 1
120 150 2
130 151 3
63 152 1
48 153 2
74 154 3
120 155 2
11 156 2
28 157 2
133 158 2
30 159 6
49 160 1
144 161 3
99 162 2
147 163 2
122 164 3
24 165 2
93 166 2
85 167 1
34 168 3
146 169 2
40 170 1
91 171 2
106 172 2
87 173 1
54 174 3
29 175 3
131 176 2
161 177 1
164 178 3
149 179 2
82 180 3
162 181 3
89 182 3
16 183 1
183 184 2
34 185 3
45 186 3
16 187 3
62 188 1
41 189 3
135 190 2
80 191 2
168 192 2
154 193 3
176 194 1
29 195 3
94 196 1
46 197 3
76 198 1
196 199 2
100 200 2
169 201 1
42 202 1
64 203 2
182 204 3
135 205 2
51 206 1
200 207 2
95 208 3
151 209 3
170 210 1
209 211 1
146 212 1
92 213 7
56 214 1
39 215 2
169 216 2
140 217 1
193 218 3
22 219 3
120 220 3
158 221 3
159 222 17
95 223 2
193 224 3
94 225 3
89 226 2
151 227 2
88 228 2
180 229 1
12 230 3
29 231 2
128 232 3
86 233 3
57 234 1
122 235 2
108 236 2
147 237 2
217 238 3
232 239 2
130 240 3
79 241 1
145 242 1
50 243 2
217 244 2
80 245 2
73 246 3
38 247 1
241 248 1
134 249 1
59 250 3
154 251 1
84 252 1
83 253 1
15 254 1
253 255 3
15 256 1
195 257 1
53 258 2
16 259 3
198 260 3
186 261 3
81 262 2
23 263 1
96 264 3
105 265 1
187 266 2
257 267 1
54 268 2
44 269 3
132 270 1
151 271 3
127 272 1
200 273 1
177 274 2
211 275 3
267 276 1
133 277 3
36 278 1
26 279 1
178 280 1
114 281 3
218 282 2
29 283 2
104 284 2
26 285 2
10 286 3
111 287 2
192 288 1
204 289 1
56 290 2
289 291 1
246 292 1
163 293 3
87 294 3
230 295 3
199 296 2
238 297 2
86 298 3
246 299 3
101 300 2
86 301 3
131 302 3
8 303 3
78 304 1
90 305 1
34 306 2
285 307 2
87 308 2
30 309 3
276 310 1
180 311 1
217 312 3
294 313 1
77 314 1
11 315 3
3 316 3
230 317 1
315 318 2
90 319 1
244 320 3
67 321 3
217 322 3
258 323 3
256 324 3
263 325 2
223 326 2
217 327 2
265 328 3
151 329 1
172 330 3
312 331 1
202 332 2
238 333 1
227 334 1
245 335 3
139 336 2
228 337 1
280 338 3
215 339 2
93 340 2
281 341 1
204 342 1
55 343 2
233 344 1
23 345 2
7 346 1
22 347 1
317 348 3
142 349 1
56 350 1
324 351 2
144 352 2
313 353 2
90 354 2
256 355 3
288 356 3
74 357 2
34 358 1
9 359 1
136 360 1
74 361 1
246 362 2
336 363 2
46 364 2
51 365 3
198 366 2
40 367 1
71 368 2
51 369 3
321 370 2
180 371 1
245 372 1
274 373 1
191 374 2
59 375 2
226 376 3
101 377 1
86 378 2
155 379 1
185 380 2
151 381 3
316 382 1
172 383 1
8 384 1
103 385 1
39 386 1
75 387 3
252 388 1
318 389 1
274 390 1
238 391 3
388 392 3
196 393 2
249 394 1
8 395 1
341 396 1
317 397 2
84 398 2
303 399 3
299 400 2
387 401 3
120 402 3
393 403 1
335 404 3
302 405 1
371 406 2
266 407 3
317 408 3
318 409 2
8 410 2
313 411 2
382 412 2
339 413 2
110 414 2
224 415 3
379 416 3
294 417 3
223 418 2
280 419 3
205 420 1
224 421 2
335 422 2
371 423 3
275 424 3
269 425 1
385 426 2
148 427 3
87 428 2
89 429 3
375 430 1
395 431 3
284 432 3
282 433 1
159 434 2
387 435 1
199 436 3
134 437 2
375 438 3
124 439 1
437 440 3
33 441 3
206 442 2
108 443 2
182 444 2
326 445 3
377 446 2
179 447 2
277 448 2
365 449 3
126 450 3
285 451 1
178 452 1
122 453 3
384 454 1
410 455 1
101 456 1
187 457 3
383 458 2
201 459 2
387 460 3
423 461 2
171 462 3
409 463 3
380 464 2
437 465 1
227 466 3
68 467 2
331 468 2
386 469 2
363 470 2
187 471 3
237 472 1
46 473 3
240 474 1
111 475 2
135 476 1
441 477 2
93 478 1
210 479 2
449 480 1
334 481 2
298 482 3
28 483 1
340 484 3
461 485 1
20 486 2
145 487 2
325 488 2
435 489 3
352 490 2
244 491 2
203 492 1
177 493 2
365 494 2
119 495 3
325 496 1
447 497 2
114 498 1
133 499 1
111 500 3
266 501 3
115 502 1
161 503 1
107 504 2
175 505 3
299 506 3
32 507 1
95 508 2
437 509 3
362 510 3
177 511 2
389 512 2
307 513 3
84 514 18
378 515 2
207 516 3
418 517 3
432 518 3
472 519 3
458 520 3
237 521 3
238 522 1
503 523 3
442 524 3
351 525 3
155 526 1
266 527 1
249 528 1
25 529 1
265 530 1
362 531 3
248 532 1
471 533 1
241 534 1
103 535 3
410 536 2
468 537 1
315 538 2
196 539 2
132 540 3
337 541 2
420 542 2
398 543 3
474 544 3
231 545 3
536 546 3
211 547 3
456 548 2
375 549 3
243 550 3
377 551 2
375 552 3
168 553 3
266 554 3
328 555 1
196 556 3
541 557 3
247 558 3
124 559 1
245 560 1
194 561 1
346 562 2
291 563 1
187 564 1
512 565 3
404 566 3
113 567 3
7 568 1
394 569 1
173 570 1
564 571 2
25 572 1
247 573 2
572 574 1
222 575 2
23 576 3
156 577 3
467 578 2
201 579 2
138 580 3
480 581 1
91 582 3
243 583 1
339 584 1
66 585 2
575 586 2
568 587 1
294 588 3
544 589 3
29 590 1
123 591 1
178 592 2
422 593 3
337 594 1
542 595 1
103 596 3
363 597 3
281 598 2
75 599 3
29 600 3
165 601 3
409 602 3
459 603 1
104 604 2
222 605 7
515 606 1
499 607 2
111 608 2
568 609 3
136 610 1
400 611 2
381 612 3
439 613 1
409 614 2
362 615 2
222 616 1
484 617 3
134 618 1
227 619 1
512 620 1
60 621 1
557 622 1
614 623 1
567 624 1
24 625 2
201 626 2
522 627 3
521 628 3
623 629 3
401 630 3
236 631 2
63 632 3
214 633 2
618 634 2
264 635 1
122 636 3
318 637 3
353 638 1
477 639 3
503 640 3
534 641 2
48 642 1
341 643 1
361 644 3
6 645 3
158 646 2
635 647 3
91 648 3
343 649 1
130 650 3
68 651 1
122 652 1
386 653 3
268 654 2
542 655 2
386 656 3
200 657 1
282 658 2
216 659 1
403 660 3
337 661 2
319 662 2
254 663 2
399 664 2
377 665 3
475 666 1
483 667 1
374 668 2
655 669 1
2 670 1
77 671 1
601 672 1
464 673 3
64 674 1
466 675 1
462 676 3
94 677 2
591 678 2
638 679 2
175 680 1
519 681 3
503 682 1
110 683 2
292 684 3
331 685 3
414 686 2
88 687 1
414 688 3
520 689 1
101 690 2
151 691 3
29 692 1
340 693 1
582 694 1
480 695 3
253 696 1
208 697 2
570 698 3
127 699 2
341 700 1
527 701 2
701 702 1
223 703 2
460 704 1
229 705 1
287 706 1
54 707 1
292 708 1
46 709 1
244 710 2
167 711 3
606 712 3
244 713 2
536 714 2
259 715 3
179 716 2
174 717 1
348 718 1
23 719 3
560 720 2
691 721 2
154 722 2
637 723 3
682 724 2
540 725 2
522 726 2
180 727 1
370 728 3
466 729 2
421 730 3
479 731 3
488 732 3
515 733 3
254 734 3
416 735 3
10 736 2
484 737 1
371 738 1
183 739 1
478 740 1
264 741 1
515 742 2
107 743 3
435 744 3
275 745 1
316 746 3
260 747 2
641 748 3
642 749 1
203 750 3
454 751 3
613 752 2
197 753 2
138 754 2
456 755 3
651 756 2
200 757 1
136 758 3
173 759 2
388 760 2
54 761 2
268 762 2
43 763 2
149 764 3
137 765 1
622 766 1
297 767 1
320 768 3
444 769 3
481 770 3
108 771 3
440 772 2
266 773 3
229 774 3
586 775 3
552 776 3
709 777 3
410 778 1
309 779 1
666 780 1
603 781 1
454 782 3
302 783 1
707 784 2
499 785 2
430 786 1
746 787 2
284 788 1
51 789 1
473 790 2
283 791 1
478 792 2
616 793 2
485 794 2
371 795 2
85 796 1
221 797 3
221 798 3
177 799 1
158 800 1
406 801 2
43 802 2
116 803 3
295 804 3
533 805 2
485 806 3
320 807 1
479 808 3
299 809 2
610 810 2
196 811 1
456 812 2
182 813 2
778 814 3
510 815 3
806 816 1
443 817 1
704 818 3
67 819 3
704 820 1
278 821 3
760 822 2
114 823 1
64 824 2
807 825 3
268 826 1
741 827 1
146 828 2
346 829 3
311 830 19
143 831 2
339 832 3
759 833 2
161 834 2
155 835 3
488 836 2
620 837 2
570 838 1
209 839 2
677 840 3
567 841 3
219 842 3
466 843 2
267 844 2
365 845 3
150 846 3
14 847 2
513 848 3
252 849 3
634 850 3
554 851 3
670 852 3
75 853 2
548 854 1
585 855 1
809 856 1
558 857 2
33 858 1
62 859 1
429 860 1
639 861 3
646 862 1
536 863 3
204 864 1
353 865 2
393 866 3
533 867 1
798 868 1
430 869 1
680 870 2
452 871 2
387 872 3
770 873 2
441 874 1
102 875 3
128 876 2
90 877 1
153 878 3
134 879 2
393 880 3
773 881 3
429 882 3
172 883 2
262 884 3
292 885 2
8 886 1
662 887 1
331 888 1
350 889 3
374 890 2
649 891 3
293 892 2
371 893 2
315 894 1
722 895 3
319 896 1
299 897 2
38 898 2
759 899 3
439 900 2
580 901 3
571 902 1
261 903 2
806 904 1
594 905 1
33 906 1
798 907 2
823 908 2
315 909 1
331 910 2
435 911 2
577 912 3
514 913 18
604 914 1
314 915 2
496 916 1
448 917 2
498 918 1
470 919 3
160 920 1
80 921 3
34 922 3
458 923 1
817 924 2
748 925 3
787 926 1
463 927 2
813 928 2
80 929 3
336 930 2
195 931 3
482 932 2
896 933 2
679 934 2
187 935 1
42 936 1
92 937 1
343 938 3
267 939 2
91 940 3
875 941 2
448 942 1
289 943 1
17 115 2
13 125 2
77 125 2
99 129 3
118 153 3
37 155 3
80 156 3
52 175 3
5 189 1
110 190 3
119 207 3
49 216 1
109 233 2
120 233 1
182 237 3
153 238 2
123 240 2
61 246 2
169 256 3
140 257 2
239 262 1
19 265 2
168 267 2
210 279 1
147 283 3
211 286 3
28 311 18
125 320 3
234 330 3
135 335 3
295 354 1
84 382 2
73 386 3
276 395 1
302 395 1
182 397 1
120 403 3
52 404 3
311 414 2
16 426 3
2 428 1
345 433 2
199 435 3
346 441 3
79 446 1
26 449 1
335 450 3
394 460 2
235 466 3
427 467 3
428 467 1
87 483 3
51 485 1
374 492 2
138 493 3
375 501 3
496 507 1
64 513 1
429 513 1
298 515 2
501 520 2
168 526 3
496 536 3
357 539 1
512 545 2
363 548 2
379 555 3
31 556 1
138 558 3
292 560 2
194 564 1
212 570 1
365 571 2
30 584 2
205 584 3
412 593 3
297 595 3
400 596 2
126 599 3
560 600 2
489 604 2
213 605 7
176 606 2
393 608 1
245 610 2
462 611 2
178 615 1
134 619 2
436 619 2
104 622 2
418 622 3
54 623 2
541 623 2
493 624 3
501 624 1
354 628 3
565 632 3
355 634 3
411 636 3
111 639 1
406 639 2
610 642 3
364 644 3
150 647 3
153 649 2
278 652 1
161 657 3
517 657 2
133 659 2
451 675 3
279 676 2
111 682 3
453 683 1
596 683 1
123 686 2
372 691 3
317 693 1
387 693 1
659 697 3
355 698 2
26 700 3
79 700 2
589 700 3
438 702 3
38 703 2
646 703 2
435 704 1
75 705 2
497 705 1
417 708 3
470 708 3
116 718 2
409 719 1
445 721 3
242 727 1
610 730 2
708 732 3
100 736 2
187 737 1
510 742 2
343 746 1
123 747 1
254 750 3
472 750 3
677 752 2
638 755 2
18 756 3
241 764 3
337 765 3
765 769 2
119 770 3
164 772 2
373 773 3
541 773 3
89 778 3
324 778 3
551 781 2
567 781 1
63 788 3
721 789 2
725 791 2
27 792 1
259 794 2
332 795 1
203 797 1
588 797 2
707 797 3
122 803 1
498 804 1
203 809 2
503 810 3
494 811 1
396 815 3
513 815 3
668 817 1
28 818 1
215 822 3
58 829 2
786 829 2
104 831 3
593 833 3
506 834 3
167 836 3
480 836 2
629 841 2
47 842 2
387 842 1
433 842 3
785 844 1
224 849 3
821 851 2
157 852 2
96 853 3
285 853 2
572 853 1
681 854 1
173 855 1
425 856 3
454 858 3
159 862 1
365 865 1
857 865 1
136 867 3
215 867 1
65 868 2
762 868 3
310 870 1
834 873 2
722 876 2
435 877 3
669 877 1
201 878 2
340 881 1
372 882 3
26 883 3
392 883 2
667 885 3
448 886 3
488 887 2
108 889 1
425 890 2
525 890 2
428 891 1
729 892 3
784 895 1
858 897 1
15 902 1
395 904 2
222 906 1
472 907 1
747 907 3
117 908 2
693 908 1
670 909 3
64 910 3
326 911 3
94 913 10
105 913 1
749 914 3
64 917 1
25 920 2
97 925 2
656 933 3
115 934 3
366 934 1
816 937 3
408 938 3
659 938 1
432 939 2
86 943 3
311 943 3
956 968 3
949 969 3
961 972 1
952 979 1
978 981 1
963 990 2
947 991 1
959 995 3
990 995 2
998 1002 2
982 1003 3
969 1004 2
988 1004 1
995 1006 2
99 168 257 276 865 284 18 117 325 584 510 375 722 207 798 340 108 400 409 144 746 707 418 513 683 116 536 765 425 124 5 480 623 27 244 394 187 462 180 56 281 95 9 355 428 437 169 339 371 268 81 934 36 140 479 59 781 229 196 193 96 104 115 110 297 320 770 596 606 30 94 101 120 572 224 178 118 183 176 331 33 136 316 429 119 467 88 66 122 6 173 619 410 53 433 642 11 107 138 198 199 488 167 498 458 318 54 858 346 50 634 435 691 215 282 372 164 564 44 87 203 48 311 92 137 853 256 22 23 46 13 100 216 131 133 646 8 913 454 393 24 45 478 204 315 279 567 890 243 353 77 103 266 867 700 49 264 80 74 759 570 501 319 132 610 126 496 326 542 63 200
4 830 19
2 94 14
4 245 4
1 605 14
4 900 1