1003 505 29 7 18
1 2 19
1 3 17
3 4 1
2 5 6
2 6 2
3 7 2
5 8 1
6 9 5
2 10 1
5 11 10
11 12 3
7 13 3
9 14 3
1 15 3
5 16 1
9 17 2
5 18 7
7 19 3
12 20 3
2 21 8
3 22 13
20 23 1
10 24 3
8 25 1
18 26 7
18 27 2
23 28 1
3 29 5
21 30 7
9 31 14
6 32 5
12 33 1
26 34 2
20 35 3
22 36 2
17 37 3
18 38 13
12 39 3
9 40 1
6 41 2
2 42 2
3 43 1
12 44 3
24 45 2
8 46 1
1 47 19
26 48 2
34 49 2
5 50 3
27 51 3
27 52 3
37 53 1
46 54 3
32 55 5
54 56 3
9 57 7
43 58 2
46 59 3
27 60 2
9 61 1
17 62 1
9 63 2
13 64 3
2 65 6
11 66 5
66 67 2
33 68 3
65 69 1
52 70 3
56 71 2
65 72 5
13 73 1
46 74 3
14 75 2
33 76 7
26 77 3
8 78 1
55 79 2
67 80 2
68 81 3
1 82 3
7 83 2
20 84 1
30 85 8
5 86 3
56 87 3
12 88 2
80 89 3
42 90 1
14 91 2
26 92 1
11 93 3
2 94 3
25 95 20
56 96 2
69 97 2
35 98 3
26 99 3
92 100 2
4 101 1
33 102 2
36 103 2
102 104 1
5 105 1
35 106 3
82 107 2
71 108 2
57 109 3
85 110 8
71 111 3
99 112 1
95 113 8
102 114 6
87 115 2
50 116 1
92 117 1
14 118 2
110 119 2
113 120 13
39 121 2
114 122 7
24 123 2
100 124 2
12 125 1
41 126 1
90 127 3
116 128 1
51 129 3
45 130 3
115 131 3
34 132 2
113 133 3
123 134 1
80 135 2
56 136 3
39 137 3
5 138 2
82 139 3
132 140 3
120 141 8
124 142 1
67 143 2
115 144 3
32 145 2
122 146 2
101 147 3
128 148 3
132 149 2
70 150 2
139 151 2
148 152 3
7 153 1
111 154 3
120 155 3
1 156 3
121 157 2
110 158 2
15 159 3
3 160 2
9 161 10
4 162 1
147 163 1
61 164 1
128 165 3
53 166 3
133 167 3
16 168 3
106 169 2
116 170 1
82 171 2
113 172 2
113 173 2
165 174 2
30 175 3
31 176 14
33 177 5
61 178 3
172 179 1
63 180 3
156 181 1
65 182 2
46 183 3
134 184 1
102 185 1
161 186 3
102 187 3
168 188 3
37 189 1
95 190 20
141 191 2
42 192 2
42 193 3
64 194 1
122 195 7
113 196 3
50 197 2
154 198 1
110 199 16
150 200 3
30 201 3
40 202 3
170 203 1
182 204 2
66 205 8
28 206 1
79 207 3
207 208 1
192 209 2
125 210 2
166 211 3
152 212 3
57 213 3
78 214 1
149 215 1
114 216 1
214 217 3
4 218 1
183 219 3
26 220 3
205 221 8
111 222 1
73 223 3
58 224 2
25 225 20
219 226 3
188 227 1
113 228 2
225 229 3
17 230 2
156 231 1
54 232 2
5 233 1
124 234 2
215 235 2
91 236 3
83 237 2
68 238 2
74 239 1
196 240 3
5 241 3
172 242 3
65 243 6
28 244 1
71 245 3
22 246 3
108 247 1
172 248 1
1 249 2
241 250 2
34 251 2
239 252 1
22 253 3
185 254 1
190 255 3
83 256 3
208 257 3
134 258 1
195 259 7
38 260 3
241 261 3
105 262 3
125 263 3
166 264 1
99 265 3
205 266 2
32 267 1
143 268 3
189 269 2
217 270 1
127 271 3
57 272 7
202 273 1
170 274 3
81 275 3
102 276 2
110 277 2
225 278 20
243 279 1
78 280 1
45 51 3
11 52 2
9 54 3
52 72 3
19 79 2
29 84 2
36 87 3
79 102 2
29 114 6
102 126 3
56 127 3
13 130 1
105 130 2
55 132 2
26 134 9
102 137 3
5 139 3
106 140 3
21 147 1
92 154 3
128 163 3
113 170 3
93 172 1
59 175 3
6 177 5
127 186 3
105 187 2
47 190 19
11 203 3
157 209 2
147 210 2
154 212 3
190 212 2
32 215 2
126 215 2
103 220 1
8 221 1
89 221 1
171 223 3
167 226 3
184 234 1
111 235 1
25 242 1
141 243 6
162 244 1
55 246 3
182 251 3
99 253 3
170 253 3
161 256 3
134 259 7
193 265 3
186 269 1
18 272 7
190 273 2
242 274 2
141 275 3
92 276 1
154 276 2
105 280 2
309 316 2
313 335 3
346 359 2
299 409 1
336 418 1
401 427 2
392 448 2
371 473 1
350 475 2
408 475 2
448 475 3
413 480 3
469 480 2
286 495 1
338 503 3
348 504 2
370 517 2
508 519 1
503 525 1
376 540 3
399 544 3
440 546 3
389 547 1
413 553 3
525 553 2
283 564 1
410 566 1
493 572 1
499 578 2
521 580 1
532 585 1
288 591 1
377 591 3
495 594 3
382 596 3
546 596 1
329 599 1
361 599 1
501 603 1
500 609 3
415 616 2
308 619 1
566 621 1
628 637 3
579 640 3
297 643 1
584 644 1
474 649 3
596 653 2
469 657 3
505 661 1
478 665 3
552 667 1
398 670 1
602 680 1
398 682 3
661 697 2
477 713 2
642 713 1
509 714 3
543 716 1
465 719 1
498 720 3
661 721 3
395 722 2
296 729 3
645 732 1
470 743 2
321 744 3
707 747 2
436 748 2
618 759 1
685 759 3
402 764 2
713 764 1
499 769 2
504 769 2
584 783 3
301 784 3
365 784 2
303 790 3
344 796 2
425 802 2
436 803 1
641 803 2
282 807 1
695 808 3
583 813 2
557 814 3
405 815 1
436 817 1
508 817 1
328 819 2
678 826 3
760 827 3
312 835 3
723 835 1
640 837 2
692 837 2
620 840 2
780 845 2
579 849 2
781 852 1
847 852 2
625 854 3
317 856 1
326 860 3
765 870 3
672 872 3
762 873 1
590 875 2
856 875 3
447 876 1
494 882 2
560 882 3
726 882 3
689 883 3
650 884 3
403 885 3
470 886 2
605 893 3
741 895 3
548 897 1
773 905 2
649 908 1
902 911 3
530 918 2
653 919 2
700 921 1
842 922 2
572 925 3
602 930 3
327 934 2
734 934 1
625 937 1
365 938 3
723 939 2
742 939 1
500 940 1
518 942 1
628 943 3
508 947 1
324 950 2
627 950 1
637 950 2
841 952 1
731 953 3
391 954 2
602 954 2
720 955 2
900 957 3
537 960 1
564 960 2
287 961 1
334 961 3
871 965 1
414 971 1
830 980 1
874 984 1
855 988 1
429 989 1
706 993 1
758 996 1
604 997 1
771 997 3
636 998 1
190 14 182 113 8 68 66 55 11 26 120 34 21 125 110 37 161 139 56 46 20 124 29 22 30 253 65 154 27
5 138 2
5 37 3
2 199 16
5 72 5
6 103 1
7 110 10
5 102 16
2 31 7
3 22 19
2 120 20
7 221 10
7 38 13
3 134 17
7 125 3
3 278 20
7 152 3
4 76 7
7 176 14